0.00022800218629436783,1.8613280096181962e-5,3.196101932085794e-6,-4.43864486573705e-6,-7.915721658511662e-6,6.678878068637287e-7,-8.820698029824063e-7,1.1468594794978363e-6,3.1320936473954267e-6,-3.587140981065788e-6,-4.7594422181395455e-6,-1.587375030574357e-6,2.1753062016351237e-7,7.676081523420228e-6,1.6098238084662942e-6,2.3626947477690123e-6,-1.687732363670707e-6,6.013376700374159e-7,-2.7008547424947394e-6,9.48479134710822e-7,2.2765898980034677e-6,-3.659549569003108e-6,-1.9037676787208927e-6,1.9571911232256544e-6,-6.298894248987824e-6,9.786151006593582e-7,-3.3717969065784202e-6,1.8763956029906592e-7,3.7231436705296796e-6,-6.1464041457293464e-6,-6.13112070833802e-6,-7.87799810415354e-6,-2.3563428196501768e-6,6.678269511721201e-7,2.6810095137230366e-6,8.545969672052216e-6,3.813903648299388e-6,-4.924588769694259e-6,-5.4855732435880375e-6,-2.4315317567086794e-6,-6.044906015538742e-7,5.609463294283952e-6,1.2254982668514656e-5,2.8401207467907787e-6,-1.0178930378362907e-6,4.271495143681944e-6,-4.381075162425367e-6,1.0441174455928883e-6,-6.751553519708116e-7,-2.1406946366767125e-6,-1.0757759009275061e-6,-6.803700275157964e-6,-8.632903544575942e-6,4.114003354526416e-7,-1.4834388624931239e-5,2.059285749648109e-6,1.164654632419749e-5,3.2984993217662013e-6,1.3113383601404434e-6,-4.930075181497857e-6,-6.343223324289115e-6,1.779686218737186e-7,8.831324560718423e-6,-5.471521654529011e-6,2.1897850481586657e-7,-4.995373640184939e-6,-3.093786889983537e-6,1.0541478209375378e-6,1.7862325256625137e-6,-5.344100258571787e-6,-2.9118760935039135e-6,3.511647800028521e-6,2.856404122366066e-7,2.14920405449463e-6,5.5611418550435476e-6,4.1820796890909185e-6,8.996871571307837e-6,1.0784096779974355e-6,-7.111893213317335e-7,-3.2778669011759327e-6,-6.469664077844418e-6,-1.0542059793641191e-6,-2.211085432430641e-6,-2.9564970169344478e-6,4.389345535054998e-6,2.269838581005732e-6,-9.75139852276331e-6,8.749553325319861e-7,-3.228812379996553e-6,-1.8784574067913369e-6,-2.124972057335707e-6,4.161500945568372e-6,2.7595350841924245e-6,-3.653651147133233e-6,-3.039831624722263e-6,-5.112953348981996e-6,-4.417880576121528e-6,5.613799865129672e-6,-1.814623011197912e-6,1.569733209598554e-6,-5.701950718758052e-6,-5.722615418099561e-6,-1.538915070525606e-6,1.0679910887596772e-6,2.5883685184861655e-7,-3.998040239237808e-6,-8.26350866435956e-7,4.557743539017797e-6,-2.8733264854201613e-6,-4.1668216411465905e-7,9.500292096053337e-7,-4.099016398300606e-6,4.7197781607529594e-6,3.2284626781769905e-7,-1.6351478562496125e-6,-3.479350132119167e-6,-6.964088583742466e-6,-1.1497995624228021e-7,3.6272790108636876e-6,5.636912471328095e-6,4.4705067578246514e-6,-2.0116650735489836e-6,2.9014484307184343e-6,-1.406474143606169e-6,-8.518859243720082e-7,2.567453906757623e-6,4.4005924534014075e-6,8.238952597305778e-6,-8.40440996904149e-6,-2.341523655744448e-6,2.822209078282071e-6,3.7203896047161252e-6,2.1610046726821073e-6,5.32004084155953e-6,6.828757654289993e-6,1.8219588559610942e-6,-3.587982907718472e-6,-2.2364944029253826e-6,-1.2979208331945092e-6,-4.019676152652459e-7,-1.7456692365034587e-6,-5.479548725797001e-6,-1.0052229311628954e-5,-2.1613788949763e-6,-3.5138503456911477e-6,-3.7430398551971196e-6,2.3861518703061154e-6,2.4243305017514417e-6,-9.534516181436421e-6,2.3488890679645786e-6,-1.4708321020488866e-7,-2.682651473661971e-6,4.480996772354842e-6,4.139018809144325e-6,7.821753741716567e-6,-1.6695359943832508e-6,8.200310645053808e-6,5.5080827093064765e-6,-8.128822467277752e-7,-1.1639733130494605e-7,-2.6335541733028005e-6,-1.8640969090360865e-6,3.4026745966564916e-7,4.569236752258032e-6,-1.6678396411871924e-6,-7.727746157671844e-7,5.387380093782635e-7,-2.0175353191990448e-6,-4.912091941924766e-8,3.2925816129042287e-6,-1.0380728318066977e-6,-6.065834717766201e-6,2.2130426590141851e-7,5.481533464716731e-6,5.039590994025195e-6,-1.339304990334202e-6,-1.7667665648539945e-6,-2.4745393586195974e-6,-1.105434618859733e-6,-5.09958445533536e-6,-1.6569222119535638e-6,-2.871357533288155e-6,-3.0789414865145672e-6,2.9550739712128365e-6,5.2881635777481714e-6,7.300758415368432e-6,1.6188898035858525e-6,-2.0665448738894876e-6,-1.5387596321293458e-6,-2.689624753677454e-7,-1.169836986974578e-6,-1.4207266234030049e-6,1.511337457056903e-6,-1.7938857827776815e-6,-3.714851033150904e-6,5.906612206589254e-6,4.09825101122443e-6,-7.5504211229532525e-6,-6.862607733914957e-7,2.426639042011043e-6,-1.372639355416353e-6,4.482741946310512e-6,1.907870724400377e-6,-2.880470599021754e-6,-3.864447881547894e-6,-3.676880097803889e-6,1.0173140804194644e-5,-1.1667798537584895e-6,-4.353611014534289e-6,-7.565463669397542e-7,-4.096194268179913e-6,5.686733700267021e-6,3.0418635256224678e-6,-5.527791452931777e-6,-3.3815674244242296e-6,-9.041577623963367e-7,3.2567144844672197e-6,-3.380891808896475e-6,1.8905272397760596e-6,3.1992291781679984e-6,-2.6415409646500207e-6,6.504975637437413e-6,-5.6810994108637185e-6,-5.703495281629032e-6,-1.2421140275981115e-6,8.588285701565288e-8,6.4017209237441e-6,-5.069937700030027e-6,7.56992288492962e-6,4.713900847321428e-6,4.363930980873031e-6,-6.629661026877301e-6,-4.7345307335129044e-6,2.0575827879852856e-6,7.230890868084482e-6,-9.508527288498588e-7,-7.13091560285555e-6,-8.95712733258764e-6,-8.948206418690519e-6,-1.6235082277367593e-5,2.3197729878950124e-6,4.625549090930494e-6,-8.12238790285434e-6,7.952723798337117e-7,-2.9991158321465177e-6,7.876612703508666e-7,3.174513750460423e-6,9.633996890891021e-6,-5.637789352280148e-6,1.649313102998448e-6,-4.009610044795965e-6,4.34535969304258e-6,3.5231632168408843e-6,-6.462301954732534e-6,-6.8465410901961e-7,-1.5366760780128668e-5,-6.984270079866737e-7,-6.666244341105109e-6,-1.3812490023685164e-6,6.909578700604877e-6,-6.763980907729496e-6,-7.263757037147337e-7,1.8174589703469936e-6,-1.974095997941823e-6,-4.2266729501915543e-7,-6.847598821964744e-7,-5.522045018822121e-6,2.4318683577358076e-6,-1.8281848272548873e-6,3.90226063624205e-6,-6.578801084226101e-7,-2.856715740732087e-6,4.587895032377622e-6,2.4486046098977273e-6,5.79629324787618e-6,-1.5444370155794899e-6,1.0676204218049151e-5,6.363081936513183e-6,-3.9546836165821525e-6,4.4719295556132214e-6,-4.131449916713585e-6,-2.0183811011644027e-6,8.362009339011374e-7,-2.6200776048975485e-6,-1.1845679373600287e-6,-1.100678635687532e-6,6.7755904651028124e-6,2.9301031304653813e-6,-8.402086190879124e-6,3.4870405321177442e-6,4.587793048398117e-6,3.4175536523477783e-6,2.901717668861965e-6,-2.4344468423807246e-6,-2.52832428245287e-7,-7.854295826290921e-6,-2.7693039608820973e-7,-5.199853272473562e-6,8.031528206155166e-6,4.158916607376469e-6,-8.943411562456165e-6,-4.974240728591223e-6,-5.402723350536486e-6,-7.952591396288845e-6,4.320319397580679e-6,3.243374629137481e-6,5.718921300076928e-6,-1.3952097585418385e-6,-4.5050150184876853e-7,8.370186072874237e-6,-1.2342313403288694e-6,5.0415788038554825e-6,-8.837289898111576e-7,8.379338277761571e-7,-3.617848073334961e-6,6.725494174779964e-6,-8.641197965686915e-6,-3.930088567557414e-8,-1.1740962367196934e-6,1.1654924597817282e-6,2.0292469839272574e-6,4.063742867567592e-6,4.0005896279096355e-6,6.560597439136409e-6,-3.9479311932111635e-6,9.80641611678727e-6,-3.1418910649727683e-6,-2.6877467702137034e-7,2.5020262096559313e-6,-1.8792795720880188e-6,-5.885536274321606e-7,3.1589343665333094e-7,6.9989367847617355e-6,2.5474706600070736e-6,-1.1598694332052391e-6,1.5722876571721656e-6,1.7043209455351776e-6,-5.557992276503903e-6,-9.89492749608136e-7,2.64680231167269e-7,3.006395103479007e-6,3.17058082637674e-6,1.2832519552479862e-6,-3.5687311753614467e-6,-7.015221745158508e-6,-7.477398499711773e-6,-5.251204063266646e-7,1.0285037341351478e-5,8.463013599088837e-6,6.406698024327252e-6,-3.2143205951227488e-6,7.282958219423691e-7,-1.1273524274125288e-7,-6.340567351326788e-6,-4.506354394534733e-7,3.5499711895935726e-6,-1.2124749963921078e-6,-6.543153849221385e-7,3.966042097812618e-6,-1.3123420426303735e-6,5.572851187289038e-6,-2.372233688753197e-6,6.959982778061062e-6,-1.7856994283281308e-6,-5.781101267142573e-6,1.5285652880327047e-6,9.126450817958973e-7,5.975890857331576e-6,-2.3797180382469303e-6,-5.598614295429857e-6,-1.4674147147869293e-6,-5.7546203728167605e-6,-9.486909471804176e-6,-1.0683331348772338e-5,2.0199699288206965e-6,-2.208392395152511e-6,-3.4325753204848796e-6,3.664117532505166e-6,4.220036511240176e-7,3.804366466098474e-6,-2.531283642839744e-6,2.6645931058425914e-7,2.6817735569931035e-6,4.24208632093335e-6,1.0613107456562341e-6,-1.7386061814129117e-6,-4.183151730827776e-6,-4.368685747821408e-6,-2.3158360581089467e-6,-7.091580365980731e-7,-5.311380498599514e-7,-2.1484041470199616e-7,-7.495437158991268e-6,-1.0823783422176002e-6,-2.2564356230142063e-6,-2.8668381998511906e-6,2.4577595498029734e-6,9.146696180417944e-6,-7.622051560838979e-6,3.3201285942429465e-7,2.7809881250918444e-6,2.51872936260064e-6,7.553819816822868e-7,7.300570143653919e-6,-1.2678883777834513e-6,-3.103788333941145e-7,-1.345278458781791e-6,-8.118581276626475e-6,-1.2589471391603714e-6,-2.7109121905923324e-6,-1.373652956373041e-7,-1.2536073493292693e-5,6.289150774484887e-8,-3.1482227453293387e-6,-2.011894984142542e-6,-1.3385279993597878e-6,-3.408611215244472e-6,-9.305962766079647e-6,2.1856509068581085e-7,-3.0728287095899448e-6,-2.7449326746869216e-6,-2.2684370780575586e-6,-9.916765220585105e-6,2.660373300574464e-6,7.92663195954387e-6,6.419209720827738e-6,4.077234661980095e-6,2.6719396656489044e-7,3.7145844197992437e-6,4.731865277628732e-6,3.0213007996548003e-6,1.1312521236384013e-6,4.0733555500893736e-6,1.1364672170557919e-5,-2.0264994245175558e-6,6.4903495400729804e-6,2.6288769750880664e-6,-3.7728505556827274e-6,-2.795651967349383e-6,3.735535025753808e-7,2.4972416446141004e-6,6.567215174160096e-6,9.448364164255871e-6,-5.030191299038365e-6,-2.7789776661465953e-7,-3.7033181136136836e-6,5.061717328597764e-6,6.302373821404411e-6,1.1035550090019858e-7,-3.265312915946232e-6,-3.9559260200240986e-6,3.949182521237001e-6,-7.399310861516882e-6,5.136873268883258e-7,-8.491981096621825e-6,3.517563574870135e-7,6.107230615879602e-7,-1.2472082557668484e-6,-9.201927661470314e-7,2.931702611179514e-6,2.5047194693608328e-6,7.52435503581019e-6,5.5606205622304e-6,-3.5744039515207453e-6,1.6271191290186962e-6,-4.223964400006145e-7,-4.086700045266375e-6,-2.43906174637579e-6,6.237284449958049e-6,-3.694887946324058e-8,-2.9136226044138344e-7,-1.9967036870185867e-6,-1.2524390303688187e-5,-7.163144272279878e-6,5.6178967533750895e-6,3.45940693587104e-6,-3.6443599572302037e-7,2.2478296446574105e-6,-2.8404922842845346e-6,-2.5204625737720963e-6,1.0001378611168293e-6,-1.9580115503794495e-6,2.84130413613511e-6,-6.069071076549598e-6,-2.40247596556829e-6,-1.6011376422108356e-6,1.747526059864878e-6,-4.721893418809767e-6,-1.9161534523089236e-6,-5.103043643112961e-6,2.6195342046998653e-6,3.298397916359225e-7,-6.606071354531744e-6,-5.735540155895397e-6,5.376666585650045e-6,-6.024529149012145e-6,-6.784981670051135e-6,-2.236396066105329e-6,-1.5653757633184934e-6,-5.741827351659831e-6,3.7785011272665662e-6
0.00022562944549937334,1.1156976215097826e-5,-2.3387419006144323e-6,-5.219253338706972e-6,-1.7799368509773798e-6,-6.971209370479461e-6,9.394745310958966e-7,9.325559198338779e-6,2.7652023836423953e-7,-4.923822084506641e-6,-2.4426494690422575e-6,-1.3422507987450267e-7,-8.121856252217435e-6,-7.136347907290157e-7,-3.4643093012371974e-6,-7.152340585941861e-6,-6.834533253903288e-6,4.248998918764015e-6,3.941350425586409e-6,1.1908808616844599e-5,-9.529458344709e-7,-3.3435373034458813e-6,-8.986243787853349e-6,-6.953832113164386e-6,5.379714849067251e-6,5.888781444788842e-6,1.4733153210879664e-6,-7.103774346443718e-7,6.5968829581513535e-6,-5.116536413945472e-6,-3.492470601231949e-6,-1.3352404631021808e-5,1.012419941947709e-5,1.2785269793405554e-6,1.1618410822344979e-5,-5.956263304939584e-6,-6.908904129476064e-7,-1.5804430361131951e-6,2.924844128363974e-6,-4.16822843930662e-6,-3.210988673227634e-7,5.568130997446694e-7,4.763787282229772e-6,5.233694128038242e-6,-2.6886104006910506e-6,-3.1668610584291345e-6,-1.0354043948338916e-6,-4.485542462411285e-6,-8.025486702323507e-6,2.16597037514715e-6,-5.631372205023502e-6,2.2551901529679026e-7,-1.8321716518889863e-6,1.5569035019925367e-6,-7.972830008069156e-6,4.659697893897697e-6,-4.078530204128414e-6,-5.0768520471934656e-6,-8.404026822405088e-7,-6.39219142646818e-6,5.578366342222989e-6,7.118655091025767e-7,2.863518198120866e-7,-1.438055434138883e-6,2.8699532915317356e-6,-4.371442183858354e-6,1.280100633107753e-6,-3.3799747327405097e-6,4.1269240696976996e-6,1.1086092357471932e-6,-3.2988790062976624e-6,-2.2246747794456505e-6,4.283666111798348e-8,-4.922761753008947e-6,-3.017752287814804e-6,1.5487670270762849e-6,-1.4081383170688275e-6,4.895806716702254e-6,-3.074258053800766e-6,9.757475504105376e-6,6.6449117128115065e-6,1.069829520132379e-6,-1.4717367324008658e-6,-9.111452996400793e-7,3.63597017788632e-6,4.267563513068474e-6,4.611408140830653e-6,3.149838959558567e-6,-5.327424900678263e-6,-6.391966977849885e-7,-1.9803753110882583e-6,-6.876986981683975e-7,-2.334692876080501e-6,3.4106611627078834e-6,-1.234724735535482e-6,-5.6844629880656946e-6,6.370615430465843e-6,3.901706314059085e-6,1.77831029046474e-6,6.492930110124235e-7,4.534249408235282e-6,3.1340457015886837e-6,-2.2175094189930195e-6,7.116913638202293e-6,6.81179617119428e-6,5.487524728747742e-6,-3.4748054370419555e-6,5.376224157252653e-6,3.6930302003233323e-6,-5.063157890237851e-6,-3.2895913755088545e-7,2.108501105540972e-6,5.026777926724907e-6,1.8280671475979515e-6,2.565867874786453e-6,-4.727605846653937e-6,1.8883560558688944e-7,-2.3089740549382575e-6,5.0194014235262806e-6,4.24156185749801e-6,2.5022095109021468e-6,-5.324761460689367e-6,-3.255015030280345e-6,-3.225931995262093e-6,-6.208235680330827e-6,6.41122404399671e-7,8.722499377656852e-6,-9.148445283901112e-7,4.384030305286159e-6,-4.402949858342979e-6,4.115716842124375e-6,-3.229216174187834e-6,5.549866579531304e-7,-4.333341037221975e-6,-1.4930453477548186e-6,-3.069595712033416e-6,-3.3839848531730994e-6,2.89860815553797e-6,1.8581481510576648e-7,4.116293617172149e-7,2.1926730614243463e-6,-4.5297979471237934e-7,1.6851817853316937e-7,-5.64926655902777e-6,-2.2606818840645568e-6,-2.3597375128319254e-6,-2.5615867794915537e-6,-8.859669246666875e-6,-4.072535666378231e-6,4.744358937072236e-6,7.685121487376259e-6,-6.996032251824827e-7,-1.0643397935734925e-6,-2.8711644557094762e-8,-3.6411052961944677e-6,-7.251523260318238e-6,4.854431069996578e-6,-4.553239147033731e-6,-4.0458114901461795e-6,3.202100592897828e-6,-3.14773910813886e-6,-7.644650237160555e-7,5.772640259148746e-6,-5.534881314242126e-6,-4.011780473853292e-6,-4.2117014243221045e-6,-8.80363857492331e-6,-4.495391198967474e-6,-1.293807223247524e-6,6.023952270244678e-6,5.785809749113527e-6,4.289453835761648e-6,-4.3175364082954355e-6,8.407200893494063e-6,5.322730597445857e-6,5.250669689110108e-6,-7.113711861437994e-6,1.3814167479703325e-6,-1.6903305060363678e-7,4.700449499068786e-7,9.557410682363164e-6,7.438853734362353e-6,-1.596336541673857e-6,-6.748307481461374e-7,-3.627549174718372e-6,-7.123065723296807e-6,7.798804336157575e-7,6.160269857518826e-6,3.881260319684152e-6,-1.2390710933415154e-6,-2.808069573775417e-8,-1.2253179214298286e-5,3.0304403373427306e-6,2.773992768205244e-7,5.59941491906911e-6,5.090564308357555e-6,-1.9940019571437653e-6,1.8366229873603068e-6,3.0184752689063833e-6,-7.081690651029234e-7,2.088725043402773e-6,6.074680920452182e-6,-3.8065119588324893e-6,6.904888540082078e-6,-1.6770223459088e-6,6.991952127857703e-6,-1.5774914877547604e-6,6.402847434706449e-6,3.3676746960752734e-7,-2.802050613653361e-6,7.437711578012486e-8,2.3893759639926444e-6,5.848943880653084e-6,-1.2424147168258748e-7,-7.52762599681986e-6,7.003627037202764e-7,8.333115202492233e-7,7.406889818007702e-7,5.575504775462582e-6,-5.463908965897714e-7,-5.691949095119768e-6,-1.955423663740508e-6,1.187157995661438e-5,2.7149473564869274e-6,2.6793972672840644e-6,-7.693029684134751e-7,-1.0555639633592294e-6,-4.1910037864478705e-6,-4.803494510667215e-6,7.09189057085801e-6,1.0903421495756807e-5,-9.402178885305193e-7,-8.930989373198127e-6,4.601537721282793e-6,4.74467742942867e-6,-6.912465464012096e-6,-5.976077526039106e-6,-4.55027503786688e-6,-5.361880868451889e-6,5.106291380903502e-7,2.1421034649990932e-6,4.043866701284198e-6,5.831097891412468e-6,-5.997994573763367e-6,1.99724493204588e-7,4.551293282348255e-7,-4.3974781864188e-6,-5.205520995997419e-6,1.0979073083977656e-6,4.7225140868220655e-6,4.6092612050165195e-6,1.211159297567728e-6,-8.629346470428668e-6,-1.1774699886118906e-6,-4.649455145615736e-6,5.144972939922748e-6,2.791296232737323e-6,-3.645777205701433e-7,3.5285673445731886e-6,-1.7720359913887125e-6,-2.5503324389583747e-6,-1.175454930199406e-6,-1.2613398343710601e-6,-5.7515132720678945e-6,3.993248035196093e-6,-2.254160294412272e-6,-1.1265875292104128e-6,-4.6108615430197224e-6,-4.1463690690864635e-7,-6.505778120718399e-6,-1.2093780504805448e-5,2.711660271269268e-7,-2.4680099583422456e-6,-7.822306755062646e-6,3.8386427512519116e-6,6.812014970233078e-6,3.7948860613115506e-6,-4.68482238211254e-6,3.1400073058249666e-6,-2.4718313566249405e-6,5.0403654451978e-6,-2.847603302254075e-6,6.786202289422604e-6,6.898003629288893e-6,2.9729858382659974e-6,4.311346571928979e-6,-8.323689994750319e-6,3.4661687824403826e-7,7.890528075197315e-8,4.26084846011148e-6,1.2549756883617328e-6,-8.830595035114942e-7,-8.487204273801915e-7,-8.187799065157202e-6,3.3107609677158894e-8,2.9056097686349846e-6,-2.1424958909476943e-6,-2.7180402045756807e-6,5.165506924345085e-6,4.477057607905599e-6,-1.2972225126700896e-6,-4.370662185421977e-6,-4.036822213335196e-6,-6.976907658694293e-6,-4.3037091660544045e-6,-5.768352685592188e-6,1.3261421112308223e-6,-2.6625397380913774e-6,6.604714872427778e-6,8.702232508770244e-6,4.056972631063839e-6,-3.035120370034457e-7,6.9715928314158816e-6,8.17117954824308e-7,1.0539467911097801e-6,2.4740002982492585e-6,-6.248689817619124e-6,-1.9946477508609613e-6,-4.757224951057497e-6,1.2858587164196746e-5,1.6069655820064793e-6,6.361350308185499e-6,-3.16894388569622e-6,-4.450539070217272e-6,-4.7123102344078e-6,3.7388184782060505e-6,4.791002349536367e-6,5.9680911693939314e-6,-6.342298621813053e-6,-3.876355667085183e-6,5.666984381861547e-6,-5.345276756505705e-6,2.4259941363763813e-6,-1.4841567533558657e-7,4.1126018793046217e-8,-9.386185139396203e-6,-1.939142070422133e-6,6.108163156115574e-6,5.6353823331522606e-6,-2.3177288788964685e-6,-1.1688548629195597e-5,-5.885363701320018e-6,-3.112602857817708e-6,4.00851043292643e-7,6.998203702372814e-6,2.1283443705372178e-6,-4.223098906027689e-6,1.2964690477991235e-6,-1.7863254774820985e-6,5.230153318003309e-7,-6.437883428354018e-6,8.210501650883708e-6,3.541354752981359e-7,-6.347675906488117e-6,-5.083312729991503e-7,-5.204222177692505e-6,1.592184178324473e-7,1.1061689141252681e-6,-2.5330365909585483e-6,-2.006341658086449e-6,4.1786329482745215e-6,4.778159011228666e-6,3.5156426748406606e-6,3.148487126327767e-6,1.4107104773275988e-6,-3.914688134227753e-6,-1.2541541113267698e-5,1.741749849064176e-6,-3.5610366988039006e-6,-3.4860233409503694e-6,-1.0025200176067553e-6,2.794341178816927e-6,1.7684125448191673e-6,-6.196461261328859e-6,-4.591184376520936e-6,1.2249305927883377e-6,-7.119011978766266e-8,-1.5640042212165723e-6,3.1188045434888305e-6,7.487637661670177e-6,7.577544456284675e-6,-3.17325375578486e-6,-2.280461916345107e-6,-7.134050114017176e-7,7.748334734056926e-8,-1.6754244050188151e-6,5.1885259045587515e-6,-2.8825101872112976e-6,-3.304380972619979e-6,1.111795083498889e-6,7.317572542377686e-6,1.0269198889387656e-6,-2.909534674671785e-6,-4.970489779464657e-6,-2.7726613459736254e-6,2.106816416058306e-6,2.1762642141461464e-6,-4.506008656938797e-6,-2.9570489040592065e-6,-2.379810520314922e-6,-2.5864872268954872e-6,1.3481473039611353e-6,3.2323474766291246e-6,-9.683447163430732e-7,6.796681509754058e-7,-4.26867619520786e-6,-1.29211797365429e-6,-6.641932290120022e-6,-6.098372965684972e-6,-6.493445653703777e-7,1.7689698390497965e-7,4.650105075032133e-6,4.980314376352525e-6,4.265860709038083e-6,7.479325302935166e-6,-4.6604403015493367e-7,-7.358016563750458e-7,1.9241232640480768e-6,3.860358458377485e-6,-6.920643550913013e-6,2.0895664866448543e-6,-7.270882373255921e-6,-2.4168579360906943e-6,-9.146527676486014e-8,5.323798366662704e-6,1.273153176580745e-6,2.1072094267910606e-6,-7.442670591780475e-6,-1.1814120026078443e-5,6.945344250317254e-7,2.837983677567694e-6,-1.3720547231707575e-6,-5.647702826133671e-6,-7.640731253994878e-6,5.095705370155386e-6,1.4876852512322578e-6,-6.544842079579482e-6,5.11882621619355e-6,4.26475286999641e-6,2.170866707730129e-6,-4.865833072015369e-6,-2.139428637437228e-6,2.1535032300939185e-6,3.0167277423818894e-6,2.4729799296046526e-6,1.5664089706671785e-6,-4.511211435425246e-7,-5.261162230158499e-6,4.085816771747077e-6,-3.920293623133458e-6,-2.2343769341583313e-6,4.305248887678786e-6,-8.468167238294354e-6,-3.780618352955756e-6,-6.85127198523697e-7,-5.752163360447375e-6,-4.879617868812058e-7,-5.596210836425723e-6,3.5324381944078554e-6,1.0107552677717351e-5,-6.011474013059604e-6,-5.983436256894509e-6,1.3357252163856384e-6,-2.5468911397199406e-6,-2.3651232622071537e-6,-9.430688814776528e-6,-2.7498468330760717e-8,5.494182412908967e-6,-3.263438893478837e-6,-3.0079469274690637e-6,4.590420854161693e-6,-3.7567396204291593e-7,-2.0804285231251185e-6,-8.324741694781606e-6,-6.265185932873849e-6,-7.531272018053519e-6,-1.5286410692375263e-6,-4.810339660124908e-6,1.0751815001646153e-6,9.62830993142664e-6,1.1919444304185228e-6,6.668504012574392e-6,1.3793762744278706e-6,9.253325069474237e-6,3.769328713631016e-6,-8.181455676304208e-7,7.692856429299261e-6,6.7530903055229154e-6,3.186091050209649e-6,-7.749133470235262e-6,-1.196972507945178e-6,-4.581433965494748e-6,2.091322414876104e-6,-2.580373501065731e-6,7.638314125638856e-6,-5.72523016242609e-6,4.497107740898417e-6,-2.9466649209520264e-6,-7.114387240664882e-7,1.8493047871831164e-6,2.718480850031347e-6
0.00023097236316068636,1.2475079654691742e-5,-3.4959502912900854e-7,-5.372351455861616e-6,-1.738929208705372e-6,-2.255542462964124e-6,2.3396344254760836e-6,3.4206527787353188e-6,-5.018706109937589e-6,-5.311464381776323e-6,3.5378116289424614e-6,8.233808696972288e-6,1.370658165657343e-6,-6.612310715809006e-6,-1.1035914481144576e-5,-3.858695610924416e-6,5.159122601470379e-7,-2.7776979951420357e-6,6.87804431587218e-7,-6.378387616010923e-6,-3.867189705627269e-6,-5.409647525566992e-6,7.0628927607895615e-6,4.371215916417544e-6,-3.536764922129754e-6,-7.2458029136367486e-6,-7.87993477341822e-6,7.178765527993603e-6,-2.491797268098664e-7,3.2233276376823807e-6,1.4512988328596703e-5,1.2142209984097955e-5,-4.8455206554194716e-6,-1.6301586674719695e-6,7.64677543048032e-6,3.6464899343607605e-6,-2.454420840661071e-6,-1.1038985099162905e-6,4.995084900440404e-6,-6.417033059918767e-6,2.5557908627155013e-6,-2.7802725069712024e-6,4.53413589615336e-6,1.0455477792981346e-6,1.6178247444372792e-6,2.4641499884200385e-6,3.4968370895818035e-6,1.3232422707097906e-6,-5.232987570359381e-6,3.6978325788758297e-6,6.339561026667624e-6,-2.4057617793516214e-6,-6.221347243143549e-7,7.5490039053138834e-6,-1.5860924787130545e-6,4.3071664827891994e-6,2.402678639349349e-6,-1.9344682959852646e-6,1.4899453392194363e-6,1.6189486755781448e-6,7.817114455457128e-7,7.114489871291235e-6,4.871334422972128e-6,-3.71784055631505e-6,7.643061865825464e-7,-4.1676075379821713e-7,5.188547912478168e-6,-1.0145021920712038e-6,-7.507674457433552e-6,-2.8530784127847157e-7,-7.699414289238322e-6,-3.70977988958568e-7,1.2969600109106814e-6,1.0721711655743137e-5,-5.4517504790128805e-6,-1.0884692578572365e-6,1.6488469075043401e-6,3.057327868637595e-6,-9.184458924282501e-6,1.1150588785502265e-6,4.527853479555637e-6,7.359626208653061e-6,7.956611395536727e-6,3.6855212095385753e-7,4.28377383420107e-6,3.1969644472141875e-6,2.279151149464418e-6,1.8748269471373073e-6,-1.6907525730361556e-6,1.1149243585783928e-5,-5.191249794892343e-6,-2.4464815869305505e-6,-1.6528555732314956e-6,-3.0899144742583743e-6,-6.105571295927485e-7,5.928561551836384e-7,2.9218422098994794e-6,3.413305785754645e-6,-8.421902224009898e-6,-1.8609290720699453e-6,1.4097005911619073e-6,-7.5220105329682576e-6,-4.376146042986728e-6,-3.2855030161741555e-6,-1.7872086371165675e-6,-5.346869014876752e-6,5.209057514401517e-6,7.95150790710663e-6,-1.4149496454794621e-6,-5.011814057459636e-6,-1.6782269395250623e-6,6.5858049590777276e-6,-8.514100910711099e-6,-5.091176777384461e-6,3.7099776180804562e-6,-4.659357287814725e-6,1.106286483305711e-5,1.3648341068253949e-5,1.0163317322915536e-5,2.5907219686190947e-7,-6.515424270764446e-6,6.849048436464138e-6,4.287091002435039e-6,-1.0712125026922602e-6,-5.80240624318024e-6,4.9386030841354e-6,-1.152721510990327e-6,-1.4215172851151044e-6,-8.937824904801771e-7,5.11717184106329e-6,-2.726530338602718e-6,-3.42778199016382e-6,-7.36526072744294e-6,-6.5352089995128935e-6,1.8319111731599227e-6,5.468938142426376e-7,-1.0996217348569258e-5,-3.7062686246529753e-6,-3.192734376837541e-6,1.9048284686946793e-6,-3.5368058896588576e-6,-5.896315027862734e-6,5.732205827355685e-6,-4.251144644324741e-6,1.4010192164140626e-6,3.8174105218305925e-6,7.73085947948079e-8,5.750013707731478e-7,8.266273845795314e-6,1.3779088712844913e-6,-4.445678212010775e-6,3.779667483571379e-6,4.8339899429898105e-6,4.336345311918506e-6,-6.5906327263275675e-6,2.3838858059138103e-6,4.387832484802429e-6,5.497356210726109e-6,-4.228909153402436e-7,-4.100043234318806e-6,1.6630098146746681e-6,-4.446166351923865e-6,-2.423492825649964e-6,5.375429529070469e-6,-3.5172774824184224e-6,-1.0154529888177188e-5,-8.973086757991528e-7,-4.176341457189403e-6,-8.973786712033216e-6,-2.2817169868591304e-6,2.85924497949699e-6,-3.1497092122080127e-6,3.837111550524883e-6,4.112900809254674e-6,7.378213009114944e-7,3.658118060481796e-6,-1.0480772065195324e-6,-3.5903449614143445e-6,6.490670917472183e-6,5.876302984622991e-6,-3.988100357283013e-6,-1.1336233317297746e-5,1.4153588338487887e-6,-3.807239394293049e-6,-4.4033252971353665e-6,-6.599451990976137e-6,-2.8164951988099835e-6,2.382330669275964e-6,2.0669569885522427e-6,4.608079006963904e-6,-5.4375810874118155e-6,2.890619727850109e-6,-1.5727381385799872e-6,-4.1159398208037876e-6,-3.722450833084889e-6,-2.1884596441516054e-6,-8.707904809185165e-6,-7.944551049494168e-7,-2.9798358441499067e-7,-7.144839421982868e-7,5.624459630174795e-6,8.919010642637583e-6,4.594987003195373e-6,4.070279115835876e-6,-2.072629209065443e-6,-1.046589357241741e-6,2.34620813553389e-6,1.308431693088064e-7,6.7709779830635735e-6,-1.6612631739713513e-7,4.264013211207455e-7,-1.3548149426466488e-6,-7.965389176133007e-6,2.8815939567868315e-6,-2.133782263490925e-6,-1.180742738160209e-5,-6.886892650695209e-6,5.628250863725128e-7,-4.7248239786801397e-7,-2.621194510397467e-6,-3.3241593710023687e-6,-5.176738939824885e-6,2.096572152682934e-6,3.476488527893754e-6,1.4333933670940182e-5,1.2893232624580328e-6,-6.319159580896997e-6,-2.769517569012546e-7,3.400573811764045e-6,2.2951578259757418e-7,-2.6737305393884e-6,1.4986776538489392e-5,1.3990909554836952e-6,-9.217807789257431e-7,-3.532990662294708e-7,8.688805807487524e-6,-6.9616997626692996e-6,-1.6244507402660602e-7,1.0177115452732021e-5,-5.103734449684191e-6,-2.7182848412918044e-6,-2.736359892061125e-6,-1.7695917676365597e-7,-4.905018381278341e-7,-6.029425433818286e-6,-1.6843869865555197e-6,-9.149250048310933e-7,-9.199791282127077e-7,-9.193077188311205e-6,-5.832555799317515e-8,-2.8332191465192143e-6,1.5650579848223867e-6,-6.65442868540899e-6,4.748427913261497e-6,-5.613985011204767e-6,1.1787619738930263e-6,-1.10114409594352e-5,-9.732269680236725e-6,-1.3334608603438176e-6,5.763885645354923e-7,7.591615044595489e-6,-6.446830934905193e-8,-1.8426825786925689e-9,-9.819156591037234e-6,-2.6777813620009126e-6,-2.9905503190098867e-6,3.867722274419518e-6,2.9345813199320923e-6,-4.049567561259126e-6,6.068402434677705e-6,3.546224857421747e-6,8.549305020566192e-6,3.2422262024335593e-6,8.309838228072225e-6,2.604453413680241e-6,-1.45279811233138e-6,2.5789345679489273e-6,5.43062679055168e-6,-3.591321969545047e-6,-4.906726808414327e-6,5.115391124631566e-6,2.4723811760668272e-6,-5.495967557652073e-6,2.8968074338301737e-6,2.659810465505652e-6,-3.826354820103267e-6,1.0553435234238183e-6,-1.647253650773555e-6,7.691356717789869e-6,3.1835151380029063e-6,2.0888746209621548e-6,2.1349720610854452e-7,1.946416666710345e-6,4.313812679298944e-6,5.586335133956161e-6,2.745386232505467e-6,-1.2580857654074222e-6,1.5508681722879467e-6,-1.3145947227847244e-7,6.74522940336715e-7,-2.1899492456027107e-6,-3.5619211527059374e-6,-5.170707634987865e-6,-6.297085337800597e-6,-1.5515115375317695e-6,3.263297417287551e-6,-6.109366572440489e-6,-4.1616754225398154e-7,-7.299423978059061e-6,-2.4551062782022364e-6,-2.1565480698425786e-6,-5.43801527117516e-6,-1.358481419634951e-6,-4.323158212342291e-6,3.5709360104424417e-6,8.891094588976895e-6,4.325429514052293e-6,4.678347716371473e-6,-1.858517133202267e-8,8.759889513905225e-6,2.4672704082648497e-6,4.4829776057844974e-6,8.80872798142675e-6,2.8226025507200877e-6,2.075403098866122e-6,1.316227303617624e-7,8.845195868843474e-6,9.823158460663195e-7,-1.0237266759915574e-5,-7.597866286046579e-6,9.826814583911156e-6,1.6889302638802547e-6,-2.807861117917971e-7,-7.585134762420385e-6,-3.139803811607304e-8,7.103856048623138e-6,-1.2646796993557602e-5,-5.848764347809662e-6,-5.221448457963416e-6,-5.524804722034333e-6,-7.713787916590758e-6,1.4495144220141978e-6,2.588697111049249e-6,-4.5805906325367425e-6,-9.614301883744099e-6,-3.6726680014223935e-7,7.829417714996204e-6,9.0107592832375e-6,7.5721186331611896e-6,6.463806405955393e-6,2.8779691733733455e-6,4.1939859067538385e-6,5.533993139298766e-6,7.384503230410588e-6,-4.575081542794594e-6,-9.429211176996548e-6,1.2403240897067984e-6,-4.043645964360817e-6,5.601941318579687e-7,1.0300357455234045e-5,4.834478083850752e-6,1.0924896544932853e-5,2.932420836734798e-6,-6.16979510884115e-6,-1.5182219522869306e-6,-1.7020002124399237e-7,-3.6143993780742998e-6,-7.770818992182395e-6,1.0877188925722825e-6,-1.076246976074007e-6,-2.495065111524992e-6,-5.209369803773959e-6,-3.279467974111881e-6,-8.799014905282038e-6,-7.188571626015874e-7,4.958299128823984e-6,2.820092309916003e-6,1.1618929458287816e-5,-5.236892830296547e-6,1.0322488789832563e-6,9.059348960608112e-6,-4.113592362469791e-6,4.484142324156594e-6,-7.431172980913156e-6,-5.455566432117529e-6,-9.703692740996548e-6,-7.404484091168754e-6,-4.809485544309675e-6,-1.4090795079840112e-6,-2.7595982008236297e-7,-6.544319535181176e-6,-4.0119604773588785e-7,-2.505444622475488e-7,-7.142248609213685e-6,-5.011766492368597e-6,9.386831409647542e-6,-1.2890333806463893e-6,2.194437056432723e-7,4.63166252954545e-6,6.478131657720794e-6,1.938608900784461e-6,5.4757339976409705e-6,3.1966794443047135e-6,-7.593212090204449e-6,4.824257779253074e-6,6.686531174554442e-6,4.8225976152561755e-6,2.442112408206016e-6,4.695027925842393e-6,-8.856585521588416e-6,-9.212724040593242e-6,1.0298458834851165e-5,-1.1383044810758138e-5,-1.2056777638081493e-5,-5.015146629906305e-6,-6.0927588146496694e-6,-3.0985121766821688e-6,-7.719594395925106e-6,-1.150857254660756e-8,3.458992419947848e-6,-4.091335866553137e-6,-1.3528946377504568e-5,3.788328223260815e-7,-3.863595954560654e-6,2.4470890663608117e-6,-2.450666928419694e-6,6.131205590048053e-6,-4.393675665851227e-6,-5.291755126359608e-6,4.022716274383701e-6,7.091831816216373e-6,-6.665317226265804e-8,1.9091399610857498e-7,-4.949663117696909e-6,-2.0764083799900385e-6,5.4768294040215885e-6,-6.648479174937823e-7,2.2825447683044228e-7,2.879442597054958e-6,-8.41110858045238e-6,3.1673149640557684e-6,1.0763518329798055e-5,2.293828864548456e-6,-4.936966557635736e-7,-2.14643734089869e-6,-2.6358521344568547e-6,3.4472993242540117e-6,-4.49112400961941e-6,2.4675037895174937e-6,1.0630200698051369e-6,-9.68310165777439e-6,5.467236455454893e-6,7.925461332297575e-7,-7.094057423384986e-7,-4.3869709443222284e-6,-1.8869792789762058e-6,5.395289167114078e-7,-3.8184971505522133e-7,-9.958138978490624e-7,-2.349340342223899e-6,-2.8406388771871577e-6,3.922042955398754e-6,6.288669697880553e-6,3.7097563851895004e-6,-5.5487814748298916e-8,-8.193326133602833e-6,-2.8268037273088976e-7,-1.1507135413998008e-5,7.603935038753024e-6,2.367630462341337e-6,-6.231298844160513e-6,-6.392883128151159e-6,6.267591879676053e-6,-7.758464554588444e-7,-3.9829526922337825e-6,-6.78190117562577e-7,-4.060509488234151e-6,1.1744894044908618e-5,8.108245553015983e-6,5.577133842901381e-6,4.696032454916509e-6,-1.5692032618294536e-6,-5.906206305791264e-6,-2.6730918505994653e-6,5.006686988395503e-6,6.423028637942199e-9,1.7297495358493711e-6,-8.505315070279581e-6,2.627353507835122e-6,-4.472779307810214e-6,-7.1801903082244725e-6,3.1366937809203837e-6,-4.173091650445864e-6,1.4439133957736995e-5,3.7309091116167334e-6,1.5623404959942971e-6,-2.3840916453888074e-6,2.4616395263273383e-6,9.106102060193886e-6,9.632986470812737e-7,3.8048571626639718e-6
0.00023081588719497424,2.230250549509686e-5,-4.488493296831697e-6,-2.8860839197961417e-7,4.6312028295716556e-6,-9.253157605297888e-6,1.3530240719364152e-6,5.328935991757343e-6,3.517247094057472e-6,-1.1233560015636653e-6,6.565972086528018e-6,1.0192200844656405e-5,-6.06069693280638e-6,-5.04876550642672e-6,1.2058289563021863e-5,3.791392987858191e-6,-2.758445975733889e-6,-1.8100001542729186e-6,1.0719726175381168e-5,4.138258719841888e-6,4.96359701152826e-7,5.9515911394793055e-6,-5.153442495469587e-6,-3.82212274125417e-6,5.314056084193372e-6,3.2559012308535776e-6,-2.0542212303919487e-6,1.7720879287306662e-8,2.613125281167983e-6,1.984624907645417e-6,-4.916638201287767e-7,3.0400695535569094e-7,2.808114819731172e-7,-1.0798071357029e-5,-1.5102269309684395e-5,2.3664321900560967e-7,-4.1511662135170834e-6,-3.396075470407735e-6,-1.8893948261207409e-6,2.90294634199816e-6,-2.6541825094646966e-6,2.2496611203615025e-6,5.916531261286272e-6,1.1518154940762634e-7,-1.0778811677047694e-6,-6.35747303391258e-6,4.145975747273181e-6,-9.207190720938998e-6,-6.158383381202643e-6,8.230790412796357e-6,3.1099346836173847e-6,-5.632302199227172e-6,1.7807441256235431e-6,-4.134588707058084e-6,-7.927817307029164e-6,6.367405246760658e-7,3.1416400009716103e-6,-1.045181635021241e-6,1.0983791258262374e-6,2.0441585870135776e-6,9.02710153319916e-6,-4.045419212212584e-7,7.142490832592333e-7,-4.907601439361717e-6,-7.366665267022186e-8,7.617311054268138e-6,-2.360834155952281e-6,-5.126723680742965e-6,4.568503235091316e-6,5.354715920782732e-6,6.697351011952533e-6,6.274290964235479e-6,5.6201402262077024e-6,-1.8534439742153865e-6,1.633614506346283e-5,4.208021030025494e-6,-1.909000277464628e-6,-1.627693447389173e-6,1.6634697794719678e-6,-3.7155857078645652e-6,-2.032254806190054e-6,1.8234225315016613e-6,5.443807397167019e-6,-1.6157282746755182e-6,-5.291357525721071e-6,5.343356111929013e-7,1.3759349533630922e-6,-5.017436287369796e-6,3.82284099411955e-6,1.7091247520902233e-6,-2.0043173519960982e-7,-2.6369144239770983e-6,2.128689606212326e-6,7.240325677385421e-7,-2.0166619966438e-6,-9.879460852955271e-7,-4.764818448714175e-6,-6.02792069940273e-6,1.864042552124093e-6,1.0366687964851535e-5,3.2315688948768647e-6,-4.6282882428833145e-6,-8.639095468398654e-6,-1.652386948858856e-6,-4.6421647233034234e-7,-5.227484251579935e-6,8.301429765327328e-7,4.614655709750099e-6,5.0063647507308195e-6,-2.566870744951012e-6,3.696569689783138e-6,-4.036388855921963e-6,3.3541109273582954e-7,1.2678403447201975e-5,1.0983029668584824e-5,-2.0220456376593886e-6,-7.3258534182438445e-6,7.869159013593024e-6,2.0728795135153698e-6,-7.95991633135544e-6,-9.888277752398691e-6,4.0222314820037554e-7,-6.149554192739354e-6,1.8451281545605825e-6,6.376751941332534e-6,-3.050882556461681e-6,-6.208321342340898e-6,-3.5117976148789496e-6,-1.394242008444109e-7,-3.548970792499959e-6,1.6963693397070229e-6,-5.50985914309001e-7,1.7645304311066318e-7,-2.3617938724931945e-6,1.6588856410947542e-6,-4.254246813650357e-6,2.2961448966219976e-6,4.517378980330354e-6,1.201684430990985e-6,-3.036290966771653e-7,2.899850613421848e-6,5.40410397937453e-6,1.1650060052805912e-5,-4.542876995097078e-6,-5.1114057366338055e-6,4.293779499029671e-6,5.476401994895091e-7,-2.019442513113566e-6,-2.3281471939964213e-7,5.466707509859535e-6,-3.5397055896089647e-10,-2.353984802578738e-6,1.3985822966945882e-6,-2.002814605478032e-6,-1.4923611146313907e-6,2.7382807680046585e-8,3.6706855875702562e-6,-4.261695537801005e-6,3.8707828257393184e-6,4.8818106037756256e-6,-8.712559096612161e-7,-3.1174220994389103e-6,6.426716730462072e-6,-8.116949967010955e-7,-2.9931562775499485e-6,-1.8396972664640307e-6,1.7038682063732963e-6,-6.637705211387966e-6,1.1121885641828989e-7,3.774219165467451e-6,1.7590925848051368e-6,-6.455210664244811e-6,4.594026271254763e-6,5.999394702820781e-7,-4.328817118625507e-6,-2.074368010895286e-6,-2.258943984177032e-6,-8.586304604261897e-8,-3.664497725076963e-6,2.802838972351819e-6,4.97143656958413e-6,4.588336376360197e-6,-1.0444793123776116e-6,2.812455231974704e-7,4.5736964752171826e-7,-4.497560629850126e-6,7.023327392752749e-7,6.504411176761033e-6,-2.715029964040451e-6,4.563845166456725e-6,1.8974567883750372e-6,-7.656101764481294e-7,-5.97190360363618e-6,-2.8280474158493344e-6,-7.990603475508693e-6,-7.967836852146314e-6,-1.1814890155295092e-5,-7.091290505817189e-6,-2.860622422108988e-6,6.2711129961239015e-6,1.317264618558785e-6,-1.896991030755973e-6,-3.5344478272200405e-6,-6.285362287001898e-6,-3.0025236264104573e-6,4.604895010009714e-7,-3.71334372171966e-6,6.167322685616874e-6,-8.899090809697453e-6,-4.837198524053469e-6,1.6463948067556673e-7,-3.715910935510619e-6,-1.5583973716637588e-6,5.352543396175013e-6,-8.553222294190908e-7,3.6430154436670477e-6,-3.0934566157712192e-6,-5.4028749803576265e-6,6.154463150374934e-6,4.277422110854227e-6,-3.040203245616147e-6,1.3490325381886713e-6,-2.106582351605222e-7,-4.833895839928048e-6,2.6080026101100853e-6,-1.5717424959962283e-6,4.3901330625389065e-6,1.1237013963637597e-5,1.0655760320651196e-5,-4.196301899342934e-6,-2.7490890811474695e-6,1.925084021402124e-6,-5.778698635208867e-6,2.9015830514242986e-6,6.471391455434065e-6,2.208580701820372e-6,5.28131004791134e-6,-5.816451115866003e-7,-2.894531525797798e-6,-1.3528844317351051e-6,3.6272080144274914e-6,-2.8986419220051494e-6,1.4697763953874546e-5,-3.051502249920567e-6,-1.0067766603229837e-5,-2.089825123509103e-7,-8.455608836872586e-7,-6.320421724945924e-7,5.285891786604746e-7,-6.712200604185871e-6,1.4899119653688837e-6,2.376172580059277e-6,-2.8007573142218564e-6,5.402335858484639e-6,4.2092020030583886e-6,9.279614557139689e-6,1.1545645174576568e-6,-2.4157885704024174e-6,-2.0029303244631994e-7,9.97488108298731e-6,-7.87308393152092e-6,-2.912973296201879e-6,-6.926478861816133e-6,2.901327921936849e-6,2.068314757638934e-6,5.717996012268747e-7,5.92512955721631e-7,-1.5782766287903642e-6,-9.726156342053696e-6,-2.781130708681706e-6,5.69741042027277e-6,1.4694105167417653e-6,-4.5770857575856645e-7,7.098402542701054e-6,-8.16855235178966e-7,1.149609493192663e-6,-6.390136691590716e-6,-7.578596967745838e-6,2.106425862882521e-6,1.5664928345423427e-5,2.303114578608563e-6,-8.927363242375212e-7,4.84800868120241e-6,-4.834218225914102e-6,-1.1316469869976084e-6,1.7305453813626006e-6,4.266502860088624e-6,-5.352622063066653e-7,-7.818599733688145e-6,-6.709830318687161e-6,4.322747883678181e-6,-1.2377032955323424e-6,-4.283082889343546e-8,5.787518388043057e-6,-4.789847640624855e-6,-4.152314780573199e-6,4.151112349674464e-6,1.2772839009294016e-5,4.636967376733987e-6,-1.2335969833248024e-7,7.688959585547336e-6,-1.9364025565230544e-6,-1.7134799498726563e-6,9.272085259300245e-7,7.527820924166578e-7,1.3469667474825423e-6,-1.7658764838569075e-6,6.325762704160975e-6,8.064305926155805e-7,-8.979967289728933e-6,-1.5079340681031234e-6,4.268350759448928e-6,-2.7634432587145728e-6,2.5820062680856243e-6,3.050137836000914e-6,1.7258392838344682e-7,9.629157044845426e-6,2.9491016556562596e-6,-2.698975211334909e-6,-1.3180745836432145e-6,7.240791980132418e-8,2.2023787327003317e-6,9.489714515610874e-6,-2.2354201509701173e-6,-5.7351745932917395e-6,8.230273655761298e-7,-2.1787135931361754e-6,8.895556477922939e-7,-1.5504103720649155e-6,1.3338944522230338e-6,-6.14648620053347e-6,-7.111361712779633e-6,-3.835222934223954e-6,1.6897148453161799e-6,-3.224787602610133e-6,2.8674473370302064e-6,-8.406341366234401e-7,-1.9454287891698362e-6,-1.548756839567783e-6,1.7273279244805754e-6,6.898199022778873e-6,6.016216432077579e-6,4.415847501501082e-6,-3.7445772812331566e-6,-7.243078706946988e-7,3.297772962170223e-6,3.0724244426786516e-6,-4.30988393921778e-6,-3.308471923503163e-6,5.231130573854166e-6,3.401800551478862e-6,-2.1076328314118963e-7,1.666015987138857e-6,1.771868297283102e-7,-8.600004340980036e-6,5.489495082493951e-6,5.546526007904456e-6,-2.882590356644591e-6,4.898738729219682e-6,-3.950022080070726e-6,5.469945554415295e-6,8.760537317570697e-6,-1.7729963064048715e-6,-3.2999225825687304e-6,5.215750544916657e-6,6.355209741340142e-6,1.6168988093535324e-6,-5.489741466039306e-6,-5.795987125018671e-7,5.023758468608076e-6,-4.170817379501253e-6,3.2273490070031963e-6,7.215568510441696e-6,3.8176154518168726e-6,-3.91458519160121e-6,-8.119662172847961e-6,3.5027000568123433e-6,-6.598497932936146e-6,6.283141031818691e-6,7.605950252905696e-7,-7.561473830263081e-7,1.8665722446729628e-6,3.166976423738418e-6,3.297739840112624e-6,-2.3545932983207344e-6,2.870449910991261e-6,-1.3067531840737058e-6,1.7305820722432473e-6,2.177342186901762e-6,-6.13301907195874e-6,3.310795105491146e-6,-4.3123476153848035e-6,3.5732750931517353e-6,4.759265778759651e-6,2.7789988462278225e-6,5.996681203132258e-7,-1.3213143586684728e-6,4.923637937771972e-6,-7.6150801199435665e-6,-1.5477100983285457e-6,3.7761842844053456e-6,-1.1215521291031263e-6,-4.659623608620529e-6,-5.9388450949128755e-6,6.232932119300304e-6,1.8715555662451243e-6,-5.615930684403946e-6,-1.234724050933173e-6,-1.1405130390791805e-6,1.9825222969835866e-6,3.051788146421058e-6,4.970550640005144e-6,1.5642240424851258e-6,-4.977771999940382e-6,5.854417942342845e-6,9.846194121814893e-7,-1.7189492278558717e-6,-5.2903578701208784e-6,4.87069871161414e-6,2.2490737296634713e-6,7.1821319301855364e-6,4.299017221431124e-6,-5.656910662099353e-6,1.6582541164869345e-6,-8.508882997084903e-6,-3.2165534813588607e-6,-2.321702794578729e-6,5.217032956743829e-6,-1.7241527908930834e-6,4.705430181556186e-6,-3.1093529918154247e-6,-2.630616739973665e-6,-1.4876963880083166e-6,-2.2983812145378357e-7,8.889895691207566e-6,-7.149795364061935e-6,-4.185304797151817e-6,-3.913205476261371e-6,-2.5562830820764246e-6,-2.0412296514088142e-6,-4.837065577172457e-7,1.293712589871168e-5,-6.6925196659024005e-6,1.198805979001097e-6,-1.4995482047378082e-6,6.6915065456616316e-6,3.4801482276999733e-6,-3.4952307064675154e-6,-1.7515878601198961e-6,-4.802251672652259e-6,1.165520331231445e-6,-4.70274196111581e-6,7.381602973231574e-6,1.770244845083804e-6,1.1197967824444242e-6,5.271542076537575e-6,6.749638930107018e-7,-7.743301583072451e-6,2.2663338993725938e-6,1.014124564183859e-5,5.092373108929643e-6,-1.664074859080495e-6,3.24763976687703e-6,-1.1173677445028836e-6,-4.231365115777684e-6,-4.050922286292549e-6,6.253018385288414e-6,-1.1928509112730094e-5,3.2746968829315487e-6,1.486330193676677e-5,8.10028054464548e-6,9.985908162080633e-6,9.061429449274803e-7,4.2070515808069565e-6,3.745065137997007e-6,-6.2438274205979055e-6,9.326082778504113e-7,4.623211473708593e-6,6.327436957006184e-6,5.109280199462017e-6,-1.773775108196576e-6,-8.337390503902276e-6,2.602979633404276e-6,2.0075669824462237e-6,-1.9929211637484428e-6,1.2293269038556239e-6,5.2290936732078395e-8,1.172484796405473e-6,-4.680539323376854e-6,5.53376769069677e-7,3.08691441804171e-6,-1.7026130218409073e-6,5.596600460799035e-6,-4.112731133563033e-6,1.0291964881361567e-6,-4.040306195082029e-7,-5.330210365823141e-6,3.4572831878574722e-6,-2.789232904892887e-6,-9.384988748241298e-7,-3.6285076828944725e-6
0.00022519574604552402,1.9165621065941775e-5,3.1128444756190703e-6,-4.39044248545788e-7,-3.6281241834929768e-6,5.4038449429723595e-6,-1.9326818596885676e-6,2.6617127867364954e-6,-3.915717808174428e-6,1.3226554949668075e-7,5.627379960621812e-6,1.346810880877401e-6,5.216779862398069e-7,-1.6898469917801078e-6,-1.969787060237956e-6,2.9016821026466685e-7,-1.1073416142245636e-6,-2.4501505433709615e-7,-2.9052095745229932e-6,-1.9337207606124503e-6,-2.287156510377785e-6,-1.077177850463968e-6,6.033206346442808e-6,2.0096882643623694e-6,-1.5921196201512996e-6,2.4090296483352054e-6,3.458383931701422e-6,3.1611516546916508e-6,3.194871375376435e-6,4.8455754422988556e-6,3.805707815741044e-6,6.544943295904707e-6,4.78117028911423e-6,2.3755374408629036e-6,-9.732560662588543e-7,2.8168222231221554e-6,6.901998713965586e-7,5.489692572174667e-6,-4.060426079220523e-6,-5.057773016189913e-6,-2.2345536718279467e-6,5.363722913418954e-6,2.1976482604515068e-6,-2.3144312338110615e-6,2.7609403130120924e-6,-9.5355524970299e-6,2.803967147520546e-6,1.5020991285472479e-6,1.0153559014010261e-6,7.775242476299698e-8,-5.374286314641654e-7,1.9439863087383716e-6,-2.826546705029437e-6,-4.700724609010398e-6,-4.266863362046131e-6,-8.203876595873093e-6,-9.87400300685994e-7,-8.675780402553192e-6,-2.7264832862771295e-6,7.341420484664973e-6,-1.6353069936184734e-7,7.1998542927365935e-6,1.9499127628299035e-6,-4.840868080291575e-6,-7.200265183766244e-7,4.874409771734861e-6,1.3580181944143201e-6,2.1476425867571794e-6,6.087384104589233e-7,1.6506009845501042e-6,-3.110651396906588e-6,3.1716919769128433e-6,-1.4333589390257305e-6,-3.782369126805178e-6,1.990719078313759e-6,-1.371067415004136e-6,-6.115829427560806e-6,1.8441848597290622e-7,7.414741282568599e-6,3.154735782278659e-6,-1.958693071218806e-6,1.1613231607238116e-6,-1.957789478697578e-6,-1.8951798839926951e-6,-8.890807938795992e-7,-6.098757211830321e-6,-1.0431912248956676e-6,-5.053659956573641e-6,9.196067957257495e-6,-1.7759286170221598e-6,4.143834366275423e-6,-7.219126395631287e-7,2.0240781291656386e-6,7.700545929126788e-6,-7.616461638751307e-6,2.7144762510908353e-6,-5.130125673469238e-6,-1.1995777700633381e-6,1.2089700800694064e-8,-6.780510858065839e-6,-2.4963532323013134e-6,-4.36142248699312e-7,3.0751632909352788e-6,-2.452162491244204e-6,9.141927185983051e-7,1.6511921608401613e-6,4.0561589842983745e-7,-4.966412283100977e-6,2.261264126063843e-6,1.8871676358521682e-6,1.9646193994072386e-6,-1.856217834183422e-6,3.129901808384456e-6,-4.406300874569113e-6,-1.0824597501387338e-5,-1.1210575284458636e-6,-2.529022150547793e-7,5.35537612017094e-7,5.044636644569683e-6,-1.9187139371506647e-6,-3.3273306744572805e-6,4.6374350811125744e-6,-2.173393097834831e-6,-9.040838512735529e-6,-4.750952211154769e-6,1.5350479714912268e-6,1.9230018601074343e-6,-6.009553655157266e-7,-6.71227715576888e-6,-7.306088933164236e-6,1.9733258329752e-6,-9.798107577004212e-7,-3.14013508585083e-6,1.3374228765868889e-6,2.4042995076208146e-6,3.617673676363111e-6,-4.223292820198104e-6,-6.84336249076716e-6,4.957040389124759e-6,4.653165757841218e-6,1.947067893060771e-6,-2.470239498862385e-6,7.2579062986343415e-6,3.589094770649667e-6,2.8341605695220517e-6,-1.0861472625840413e-5,-1.1812034422135403e-5,4.861728587716958e-7,1.3895688364200716e-6,1.2177724313736027e-5,7.715003765678328e-7,5.0987992655710455e-6,3.614481316266657e-6,5.415841765673406e-6,-2.6534702208513364e-6,-6.57986657116207e-7,-2.215740518542219e-7,2.7706189577372645e-6,-4.191227666657756e-6,2.1783494691398408e-8,-9.085487507378056e-6,-7.557437473691536e-6,-3.233707665687152e-6,6.557906135926569e-7,-1.574738527166055e-6,9.744581718250193e-6,1.4495692096404986e-5,1.8048626930583334e-6,7.386465827074815e-6,-7.588981992078145e-7,-7.547884118722832e-6,-7.72197531257619e-6,-5.4120630704175655e-6,-7.065808469218037e-6,-2.386444315442774e-6,-1.9674944307546963e-7,-3.829487256233923e-6,-1.0135885295013477e-6,-5.299901445081123e-6,1.4218965873186814e-6,1.2057077968267851e-6,-3.6087778881199453e-6,-4.997479875399764e-6,3.175215256589446e-6,5.729501347601685e-6,6.495605885904131e-6,7.344385945519501e-6,2.5222928396696345e-6,2.50090232013797e-7,-3.7682951950647964e-6,4.566039718865244e-6,-3.858872036764682e-6,-6.897983683129793e-6,6.583348772330413e-6,1.422422711937053e-6,1.1967131899671306e-6,1.8446027400431575e-6,-1.0799378668306274e-6,6.538155489623902e-6,4.937103467032925e-6,6.752782479745379e-6,-1.2179122978606404e-6,-4.247297085193513e-6,2.060858543811507e-6,3.342665846332449e-7,-1.399980070024409e-6,4.121052902280628e-6,-7.256956289404739e-7,-1.035607837934021e-6,9.854029772044787e-6,3.2074186929719953e-6,5.762652141262685e-6,1.5599248492453218e-6,-2.427814364908747e-6,-5.8296796016819093e-8,9.759112638492108e-6,-3.4610574912822736e-6,-2.562165690035514e-6,-1.5388762330209715e-6,-2.481507663954964e-7,-6.195942780459769e-6,6.216114643260535e-6,5.179055623553693e-7,5.673614473751516e-6,-9.346791293068848e-6,-9.102852076550034e-7,7.631387361329963e-6,2.2523826809571477e-6,2.3105441521379434e-6,2.9909164140093636e-6,-2.6969023524603256e-7,-2.167791880864403e-6,1.3878248846334918e-6,-3.0834737245033487e-6,6.161369216538151e-7,-9.688451167031224e-7,-6.271010378367596e-6,2.434878478828427e-6,-6.325856744993781e-6,1.191824432532504e-6,-4.214612410420433e-6,-8.201188508568604e-6,4.338278992081648e-6,1.148866091629539e-5,-8.163649921368841e-7,-3.167960568806299e-6,6.168196810137597e-6,-3.565924274535531e-6,-2.3942447404861706e-6,1.0458665126027409e-7,3.4502255336934203e-6,4.1878356041899945e-6,3.231752056569142e-6,-4.180495907695176e-6,-3.273311832704295e-6,-6.969961594824921e-6,6.422178522871635e-7,-3.397725936323503e-6,-2.7062953586775558e-6,1.2322813880694216e-6,-7.435483850549766e-6,-2.2443835147070177e-6,-3.323796759586782e-6,-6.372008697068989e-6,-5.67138839865577e-6,2.9725822905015054e-6,3.5028991546625907e-6,-4.818004605182208e-6,5.784744942781305e-6,-6.843720487451298e-6,-3.101185595424691e-6,-7.670895210579875e-7,7.69093083676937e-8,5.780541221573276e-6,-4.219701084761803e-6,-5.295740274743368e-6,1.2131767296449329e-5,4.176815761618857e-6,1.3586529805758372e-5,5.180196155628665e-6,9.57063247492285e-6,5.09408661960886e-6,2.8282382751185375e-7,5.561497941821285e-6,2.4485722438191647e-6,-4.223985256771992e-6,4.194159316119e-7,4.968351517521685e-6,2.1310042334059715e-6,-8.773601569436043e-6,-6.627976748636575e-6,4.022581218929752e-6,2.9623089308029953e-6,5.550785665445486e-6,7.083518070805778e-6,-4.6824760819964575e-7,-9.112923446217158e-7,4.818036585693702e-6,2.346399660302869e-6,7.194176674787651e-6,-6.709357090874003e-6,1.0314330839959916e-5,6.2587960172126455e-6,-1.2424261417432792e-7,4.993123950726213e-6,-3.537591859875482e-6,-3.1469483745652855e-6,-3.194900915132944e-6,4.423410474906665e-6,5.227167350361131e-6,4.108731184422416e-6,2.2841808306755645e-6,-9.396976929303254e-6,-6.242923423943082e-6,7.70061587425404e-7,-5.031790893737445e-6,8.548484583711567e-7,-3.6455910231382443e-6,6.586861407402838e-6,-1.014624942642603e-6,7.794973154209523e-6,1.4276140615970487e-6,-6.536927140016868e-6,2.7974089899595833e-6,2.5464514386212507e-6,-3.635484365022337e-6,-7.865663894354703e-6,6.890836450113148e-7,-9.98008281430958e-8,-4.206229407948675e-6,-3.9894464812414466e-6,3.669678223576198e-6,4.426630741258598e-6,9.397811031654181e-7,1.6034791868384892e-6,1.1001767273793516e-6,-3.695129406732416e-6,-9.85575518559165e-7,2.202064759674699e-6,-2.162268297364975e-6,-1.156824537572856e-6,-1.3460418114095934e-6,-8.97008689293319e-6,3.6740181939758494e-6,3.7243680317113375e-6,-4.745297046641797e-6,-7.13515946412502e-6,1.0334143280639858e-5,-1.173677236547288e-5,-4.923363740388104e-6,-3.1794419658878617e-6,4.07176064834583e-7,3.2409377950095907e-6,-3.7386675079927542e-6,-1.302065468845256e-6,-6.712696498460247e-7,7.862532924120029e-6,-9.395193151250042e-6,-1.1995052162132583e-6,3.957726442263608e-7,-1.265565926250394e-6,2.3818718111329959e-7,-5.283783822001397e-6,-3.102701980997258e-6,4.588488059133641e-6,-9.153742374302242e-7,-3.819992960099248e-6,-4.233965631339562e-6,7.34974391320606e-6,9.47193911770909e-6,8.330141266192869e-6,-1.2101385989480676e-6,-8.607780142808716e-8,-7.781892641344832e-8,-5.705665389489666e-7,5.4029854870189195e-6,3.5010596112949686e-6,3.792116998142435e-6,1.2891738754640113e-6,-1.2613161909754924e-5,-7.46181642899743e-7,-5.388224796575193e-6,-7.722849500059726e-6,-5.115502474912785e-6,6.683074475556881e-7,-3.7211214219784814e-6,-6.367492269806933e-6,-7.430144444955636e-6,-2.318326948046703e-6,1.6701716165343013e-6,-6.380369040174631e-6,-1.754049197452177e-6,-5.27546073059785e-6,1.3385960534626665e-7,2.0029380298372503e-6,-2.6813068737901517e-7,-2.1523107374382803e-6,-5.934769748573427e-6,-1.0268872724462547e-6,4.516294261238815e-6,6.294437951251131e-6,-1.2120316736658477e-6,-8.206399061716348e-7,6.343815512828482e-6,-3.291316614198599e-6,-2.258885750215413e-6,4.702277635727347e-6,-3.159448603387644e-6,-1.1446102576706492e-6,6.204308344367324e-7,-1.5608145023882713e-7,-4.001317489576463e-6,3.4162735033714033e-7,-2.801409065877349e-6,4.948977880303993e-6,1.0004478901832276e-5,6.988636573796743e-7,2.0358236792424167e-6,1.1223954905216905e-7,-2.294361830852393e-6,1.0052851240225315e-6,-6.836371335479626e-6,3.5925078740928936e-6,-6.823929869488031e-7,-6.011920368028758e-6,-8.096898107476179e-6,-4.577109943519157e-6,-6.564650336269698e-6,-3.843805796588596e-7,6.767358877983894e-7,8.563017303800293e-7,4.1740545182339416e-7,2.3963670632056055e-6,2.2291065231508024e-6,-1.6658572900606616e-6,5.685915498516603e-6,-3.865864481644803e-8,3.3192508624920283e-6,6.239820972078184e-6,-4.521702603295924e-7,-4.4197728833771164e-6,4.854247134072296e-6,2.810354133110784e-7,-3.515026255480354e-6,4.737615215563417e-6,1.1029323287450343e-6,4.757534630185627e-6,-1.0437213078675455e-5,-4.608319483363063e-6,7.884655272514654e-6,-4.7596243601319574e-7,-3.5011324418076295e-6,-9.243696095501906e-6,-7.1204274192377495e-6,-3.7447364595306756e-6,-1.4450056757297191e-5,4.0412317753636475e-7,-2.0901607746339043e-6,-4.2322538138138896e-7,5.983447546742458e-6,2.6232878632500874e-6,1.7534477760829478e-7,-6.04151390081502e-6,1.382048949185913e-7,6.652771953316813e-7,4.2773397296444575e-6,2.693919219857763e-6,1.3249428128022294e-7,-2.2775712996473426e-6,-7.621567845387169e-6,1.8291412723594863e-6,1.7166533468317044e-6,6.6501411755815e-9,4.058613598509297e-6,-4.273023317912607e-6,-3.041625103595031e-6,-1.1244669962094049e-6,4.714914305557512e-6,2.692483966873697e-6,8.213259523556369e-7,-6.76572068665154e-7,9.293499597190932e-6,-4.6784623716408527e-7,-3.262041236249173e-6,-4.6474821054439066e-7,1.0410531737279475e-6,7.811867112025278e-6,4.8953302228608515e-6,6.349517870832534e-6,-1.0753543322777553e-6,-1.2321767572726198e-6,2.883350944092681e-6,-6.880212541039221e-7,4.0129480645384275e-6,6.810333065954576e-6,4.143006651965794e-6,-3.171163964509214e-6,-1.0279881999916486e-6,5.24211428328618e-6,3.370947381247702e-6,7.226266999421312e-6
0.00022977438907576122,2.2791189232866728e-5,2.5527294911980897e-6,-3.3589185406699213e-7,-6.6799173347977794e-6,3.08764548229852e-7,1.1699126034475446e-6,2.9099540525900278e-6,6.909046003151433e-6,-1.030961775931403e-5,-8.76161198964937e-6,4.87665047051209e-6,-2.4780344216087593e-6,-2.394166383425391e-6,-1.9686063437939463e-6,-8.36568408491801e-6,-5.043571294645906e-10,8.77322066099583e-6,3.7902914594017985e-6,5.811373714402398e-6,-1.2793608583657659e-6,-8.959047464133228e-6,-8.462822694797228e-7,4.03116314081885e-6,7.517390412465807e-7,4.7673143197747106e-7,5.896334593726333e-6,6.191066878406537e-7,-5.336295543166229e-7,-5.569134493032954e-7,9.517972733347037e-6,-2.5437443871302513e-6,-6.493961786972789e-6,-3.1380987762055722e-6,2.2847774869886036e-7,6.790989861448118e-6,5.606518060935888e-6,6.496869210588926e-7,3.6771724749859634e-7,-4.834404024725832e-6,-6.21271766644985e-6,-9.656247433176557e-6,2.4485783223892655e-6,1.1444913450414414e-6,1.146898858175493e-6,-5.994568576118806e-7,1.9179652871958565e-6,4.5699869640533005e-7,-3.5993619817234613e-6,5.715811533159781e-6,4.928422521243745e-6,-4.799339648512819e-6,6.720797965150929e-8,4.551417340281308e-6,3.955681019482516e-7,3.292624705877384e-6,2.493386861304769e-6,1.7023902592313646e-6,8.306317955078205e-7,5.448758647389565e-7,2.8047764927412988e-6,2.1414263185573467e-6,-7.974099933115504e-7,-2.2101528254244232e-7,4.3168535905167686e-6,-3.5855234429587735e-6,7.820965853123129e-7,-2.5298527252368673e-6,-4.268950363466544e-6,-5.463144487322009e-6,-4.885771615481355e-6,-2.510604347037567e-6,5.700915354195414e-6,2.6093402478108262e-6,8.011031051756422e-6,4.010061630515086e-6,1.3217849162077218e-6,-5.48188805204394e-6,3.712490973409941e-6,-1.5027060340533043e-6,4.246420630657509e-6,-1.841759886758936e-6,-5.705698995658085e-6,-1.4624990147182516e-7,1.8854260877182503e-6,-4.8923984278773934e-6,-9.450954913476745e-6,-5.558496801278557e-6,-3.824593858876831e-6,-1.4011004316480187e-6,9.35561344331005e-6,1.02872600510757e-5,2.058683826134702e-6,-7.453060350600294e-6,-8.894229551512056e-6,-3.0499063460245224e-7,-1.1622885396445628e-6,2.583471618440053e-6,1.3065366693667394e-5,-4.159387762207314e-7,2.025795166266803e-6,-4.171360890230059e-6,-1.0235686937294416e-6,-2.057983385070912e-6,-9.859469973264298e-7,-6.457962727688407e-6,-2.2049826787493033e-6,8.559526146654433e-6,5.042420123707597e-6,6.982339709932828e-6,9.588234587347732e-6,2.132745950247411e-6,-1.8073206422415467e-7,-2.513046622572239e-6,5.389737770968223e-6,-2.191330807406425e-6,-6.311366004371778e-6,1.929336826913428e-6,-3.6673819368978417e-6,-5.563673736755671e-6,-2.1231337132292303e-6,3.2315075692018845e-6,-3.17008985794078e-6,-8.148523002120514e-6,1.6209449437164434e-6,-2.3135415540352003e-6,6.003905448183138e-6,5.7989455105555306e-6,-2.1044219348953425e-6,-6.774226241614062e-6,-9.26475957407186e-6,2.1204908930555499e-7,-2.172876436668191e-6,3.3272096925428724e-6,-6.460796341173762e-6,1.3110220177208976e-6,-3.1049015077630634e-6,4.3676517709826115e-6,1.4402644348894273e-6,3.165801969482489e-6,1.9231014942489425e-6,4.272809405870634e-6,2.038437747594416e-6,-6.473280464765837e-6,1.0133657135321282e-5,-2.3760042997956606e-6,5.124819638651739e-6,5.642721697218608e-6,-2.451736706751102e-7,-8.630703586599403e-6,-9.606444117769263e-6,-3.931299907741127e-6,-2.490826810336602e-6,1.1406449512822566e-6,3.1272862148787754e-6,-1.9086768434792826e-6,-2.816286211672399e-6,3.4698271019642748e-6,-9.947522607260767e-7,2.1457212611073733e-6,3.510330982504101e-6,-6.241912478489875e-6,2.010260528747193e-6,1.6470253797629553e-6,-3.4421766338222175e-7,2.087799043576979e-6,3.8944148861165665e-6,-3.0600698858078306e-6,-3.6029712933576914e-6,-8.505660540006903e-6,1.4088176105114843e-6,4.077542686140679e-6,-5.9982899369773055e-6,-3.0024245745007793e-6,2.8475797479651246e-6,7.824419234080983e-6,1.005281768110798e-5,1.1488770949023273e-6,-4.108198467867192e-6,-3.0054487572098115e-6,-3.4826885396503495e-6,5.527071203064336e-6,1.0661455967084087e-5,9.073750162307689e-6,1.133287430845815e-6,-1.2808702906176374e-5,-5.112049062884698e-7,-1.0723100717251387e-5,1.6190835314596725e-6,-2.7058746953129744e-6,-2.3171890371817156e-6,-4.445304537798429e-6,-1.632161371724192e-6,-6.186076710560811e-6,-3.6181645582158044e-6,-4.587395604956164e-6,-8.016287700093169e-6,1.5365084703523208e-7,-6.728068839643147e-6,1.3763204747207355e-6,2.226072144275437e-6,-1.0440810527550197e-6,2.663456035002775e-7,-2.5801761106995186e-6,-4.249461395871491e-6,-5.756805099897318e-6,1.749029792298424e-7,-2.3567726788899223e-6,2.5400432123593405e-6,4.626213713757441e-6,4.573574446056523e-6,7.820057420733627e-6,2.9015547410052088e-6,-5.410876107753475e-7,-6.035093489670892e-6,-9.147352657897788e-6,-2.120719282853766e-6,-3.6259763854969613e-6,1.331949301580389e-7,7.333658591858308e-6,3.6789141979221544e-6,2.3703216291498465e-6,2.1283596223452317e-6,-9.063971672319755e-6,-1.5374603671552052e-6,-8.178705062027813e-6,6.207090870844082e-6,5.822017759139652e-7,4.365410427994931e-6,-7.469505461364918e-6,-8.218190531582068e-6,-7.40344000422504e-7,-1.6852267474593831e-6,-9.16393268800461e-7,-3.971255890920448e-6,-1.2865622268696283e-6,7.049787587591555e-6,4.294338059837123e-6,3.7308805678858373e-6,3.63091112587783e-6,-1.2071172479683478e-5,-1.0269311848995798e-6,-2.358995299351245e-6,-8.418095956671167e-7,1.3037214203054391e-6,-1.3926714760585424e-6,3.713152384310391e-6,-6.108147526629252e-7,-1.2479892687231594e-6,-3.4924052559742987e-6,-7.392383850683955e-7,4.690967067994873e-7,-2.6173124705349352e-6,2.0666593183567106e-6,5.874253054357219e-6,7.556075025503548e-7,7.782088457057493e-6,2.0117908789660103e-6,7.4254917962178626e-6,-1.0464023423606421e-5,-1.0787173774625058e-5,-6.39942312855919e-6,1.9692407553020632e-6,3.4169763904911844e-6,-1.2206151485356936e-6,1.0852718574333652e-6,3.5794536742536797e-6,8.2544230195196e-7,1.7735370758095718e-6,9.126276381889094e-6,1.4947404430900291e-6,1.0205689439216142e-5,9.962293109151002e-6,7.26626083297811e-6,1.0831297951441516e-5,-2.1268209520949214e-6,-8.912192046818288e-6,-1.4160654520294015e-6,1.0742040029469478e-6,7.220942589238431e-6,-1.1372577156149285e-6,-4.65359394126312e-6,-3.7158900600648597e-6,5.81183420460008e-6,4.587915022795168e-6,-5.371996345231918e-6,4.41259705596578e-6,-4.1363951280926874e-6,7.024695118813571e-8,-6.38590644992727e-6,4.6245658481129644e-7,2.344376542339347e-6,-1.3186083463463525e-7,-4.7135614705224205e-6,-7.753099639166047e-6,-1.1097717249957858e-6,-4.552845414429568e-6,-5.209141300343133e-6,9.293276259983552e-7,-2.8494162296124854e-6,9.404928297734277e-7,3.9173483942765e-6,1.0475394547694353e-6,-3.4337137657019897e-6,3.1538894096277874e-6,-4.689596432505334e-6,1.1346560070215937e-6,-6.333913769206365e-7,6.273585409573653e-6,9.930089607385976e-6,1.6287096604376698e-6,-6.998905841756447e-6,-1.0371600144393755e-6,-5.22539280441406e-6,-3.2361428514330083e-6,-1.2240602690966844e-6,-5.059306370075272e-6,5.5812475087502535e-6,2.1356572638531255e-6,6.213167388327002e-7,4.893086885414766e-7,-3.566789281699544e-7,-1.632542185271408e-6,4.6803969712827974e-6,-9.572300560645832e-7,-5.8525956638380024e-6,-2.0213975092738077e-7,5.3112067483146935e-6,1.123956794497481e-5,8.824448308341791e-6,-4.669806375524707e-6,-7.3286707807314e-7,-4.407131273138361e-6,-1.0806664123669012e-5,-2.0678093786302665e-6,-3.7024497164145843e-6,-6.735106142478072e-6,-9.747349306291877e-6,-9.583010029174512e-6,-1.0312296631505141e-5,-7.741553787350044e-6,-3.7815077101217368e-6,-6.644333309717911e-6,4.293937464331275e-6,7.224571867072798e-6,4.586083889197139e-6,7.58633596281606e-6,3.949449842254746e-6,-2.7611372407912034e-6,-1.404832278666742e-5,4.0411248819601106e-7,-3.210217655906554e-6,3.2887369818608237e-6,-4.060086647551407e-6,6.2677567610882715e-6,-1.467490996185936e-6,-4.656090512673726e-6,3.903906094260727e-6,4.738907465848511e-6,-1.0365458954515756e-5,-5.256054909189955e-6,-3.452947101100388e-6,7.824447959811172e-6,1.3538641419558217e-5,6.227418395372301e-7,1.333217522591071e-5,1.5808873351424408e-6,-3.5909260052133795e-6,-7.281233169095876e-6,-1.7378840234536908e-6,-2.8888977362802436e-6,-5.445533032804611e-6,-1.2256960362988826e-6,-8.86917665818486e-6,-5.953047319286449e-6,-4.014516184910011e-6,3.236864778573169e-7,8.729891796351977e-6,1.2699620554374229e-6,6.759661551910548e-6,7.527192498257524e-6,2.5305459516156347e-6,3.056711245619415e-6,-7.057424797491865e-6,-7.14573626360427e-6,-3.1554016915255117e-6,3.4876886693439614e-6,-1.542415659747956e-5,-9.637937283214478e-6,-8.070692954080207e-7,2.5447059494660496e-6,-1.053839264696154e-5,-1.313416256099552e-6,2.4165060506254256e-6,2.3674001335951142e-7,4.06159398563104e-9,3.307304003200329e-7,6.206773367383538e-6,6.217818014335756e-6,-5.392869477694311e-6,3.2476387310084212e-6,1.3743147648175307e-6,-2.9216839643642637e-6,5.998941822000783e-7,-1.988682580397301e-6,-4.0916234789029885e-6,-1.2129076428656373e-5,1.849342917453871e-6,-8.150831068968397e-6,-9.453588494874172e-6,-9.226506197240631e-7,-1.031508682406715e-5,6.112806216736547e-6,-8.177998116211887e-6,-4.264330795846359e-6,3.992710019845805e-6,1.7974822092809853e-6,-6.087201815861164e-7,1.1007137859288995e-5,2.338465559276504e-6,1.014745629059736e-5,-1.7981212540863938e-6,-1.1427782051740002e-6,2.00984607403554e-6,-3.2298337151402623e-6,-1.3108382215929744e-6,2.8788516891030548e-6,-1.0139786509926066e-6,7.425993847328077e-6,3.851151955557812e-6,-7.96224877074968e-6,-7.4262739088651105e-6,-1.333500647561187e-5,-9.799480781715806e-6,2.9169121569758934e-6,7.436167153838614e-6,-1.3695026673922932e-6,-1.4504594949864708e-6,-1.2718441602133114e-6,-2.445045501944616e-6,-4.1738014459866435e-7,-5.128870565394208e-6,-6.245385294586104e-6,-9.912219636573749e-6,-8.787433263831187e-6,-4.193495065955445e-6,1.5745617175332178e-5,2.3931854358634087e-6,2.7679682254440103e-6,-6.182247794362233e-7,1.5256970975715605e-6,-8.07318259104192e-6,4.353498970903e-6,6.517306247504517e-6,5.544165324766803e-6,1.695863750216069e-5,-2.2769874826421963e-6,-3.281029580036479e-7,-8.858511857929145e-6,-1.2439539942827471e-5,-4.1615839546478905e-6,-5.095104229889958e-6,4.7018337783051534e-7,-3.4467635447745634e-6,-6.381529400644766e-7,2.0851112493145345e-6,-8.760425480914665e-6,-3.0820143596223346e-6,-2.7369157681854863e-6,-2.8036163003923613e-6,2.400470451694144e-6,-4.056230017023962e-6,1.0607428994237405e-5,3.644316431320322e-7,-5.785031453416312e-6,1.0124614975238332e-6,1.7512688822097752e-6,-1.5697701609472576e-6,7.341530223238571e-6,1.920709859914304e-6,-7.048138544865859e-7,-1.6203797328190185e-6,-1.3592566319896131e-6,6.911265088296186e-6,7.308796341806542e-6,4.306530179993473e-6,-6.817315861272927e-7,3.7903725846049897e-6,-1.927474411224585e-6,4.507751313375259e-6,6.990352813268968e-6,4.864547232780056e-6,1.908693987012509e-6,-3.7619625691980336e-6,-3.1514830677659773e-6,3.509353103860847e-6,-4.288997072827244e-6,-2.7600714438957207e-6,1.1742881843573537e-6,3.163005827529065e-6,-1.8309901032624514e-6
0.0002446069869731381,2.194695930637637e-5,7.85564713636747e-6,5.487886019176427e-6,2.1515248940646866e-6,-1.1400369779513794e-6,-1.99020274858059e-6,-5.586170557593571e-6,-3.6612893720360154e-7,-7.223596213500638e-6,-3.243129942730987e-6,-1.946941464305889e-6,2.238906633835087e-6,5.522067386198643e-6,6.373195668239244e-6,1.3739469350099997e-7,-6.610837319444413e-6,1.864639025346793e-6,-1.4891443305233344e-6,1.6345381936375932e-8,2.462780804499265e-6,-6.364894898797744e-6,-1.1328211771011495e-7,-2.1561987151853993e-6,-3.950537141706992e-6,-6.517167274902308e-6,3.0481063394711963e-6,-6.194463706657436e-7,2.336488404993171e-6,4.348486611346233e-6,8.50365114067985e-6,4.967000284747081e-7,3.057863082740704e-6,-4.721175779414906e-6,-4.9153447007337975e-6,2.4939944510203958e-6,-9.483304710320958e-7,-5.250260030612109e-6,-3.888794673760477e-6,-1.8419584061587465e-6,9.514804579679181e-6,2.423199781624556e-6,-1.090157560524724e-6,-1.7708113668107488e-6,-1.1850543742318638e-6,-6.420251457231809e-6,5.73416271561568e-6,1.7170962881714114e-6,2.1723611351057503e-6,-2.380855722943727e-6,1.1911042088638128e-6,-8.585791504597933e-7,2.225571295464936e-6,7.550785980273008e-7,4.355853897331462e-6,8.471983282644984e-6,5.057558044900998e-7,7.142223364575247e-6,5.322837377530014e-6,3.577294934580828e-6,2.234355955203029e-6,2.3896536566069133e-6,-3.8588373310788055e-7,1.2974523466000737e-6,3.062757755267094e-6,-5.921188833882813e-6,-9.249106189028984e-7,-1.9040970430249774e-6,-7.023339975764809e-6,-2.0064901339295855e-6,3.5303753205345747e-6,-4.033754448320637e-6,3.0218388315150934e-7,3.36245341552171e-6,7.75614623773715e-6,-5.003679972315188e-6,-1.4943605746841313e-6,3.033193888325679e-7,-5.293272496046191e-6,-9.382289055595387e-6,-1.1655305332214633e-5,-7.1561925436640365e-6,-3.900971277984443e-6,2.9869545551113454e-6,1.2418261280161168e-5,7.850389011686166e-6,4.726757769873336e-6,2.5317085848249233e-6,3.3014531371663084e-6,-4.233805162034746e-6,-1.9908355168542515e-6,-1.2764082458739146e-5,8.536476679678792e-7,5.850003134419614e-7,-3.849756849862904e-6,-2.8785701047476805e-6,-8.974126555707435e-7,5.577227681633926e-9,1.0488240337265385e-5,5.912383193584868e-6,-2.284162078983002e-6,-5.0312203796922586e-6,8.693256069420577e-7,-9.648103217166774e-6,-9.057425150687974e-6,8.774539968687846e-7,-2.577082627202199e-6,9.560906309858457e-7,1.2225282407366638e-7,1.6506774025915398e-7,-4.890239344956034e-6,-1.930973831873121e-6,-1.7681748132300017e-7,4.181473935329332e-6,1.1100620639788349e-5,4.42383402236376e-7,-3.899640874228162e-6,-2.6676403870127578e-6,-2.8557450069444795e-6,4.368974687822132e-6,-3.8758549455661384e-7,-5.940572096719985e-7,-1.0348813600852207e-5,5.940609174739128e-7,-2.7741016242024254e-6,2.2739263063347757e-6,2.0299884208982307e-7,-5.3011360998052e-6,8.891279133108195e-6,-6.528027975054576e-6,-8.08776044426398e-6,-2.977825999511241e-6,-7.4491450160895e-6,-5.862759621022923e-6,-3.9261245787062734e-6,-5.500046567436211e-6,-9.707209706132857e-6,1.8064184863684938e-6,-1.28561460611377e-6,-9.149234101404106e-6,-2.321392180623803e-6,-1.7549462064595438e-6,-1.450367627118785e-5,-4.91346436585242e-6,-4.286149787511842e-6,3.985443422177969e-6,-2.3765346110878686e-6,-6.762336295559603e-6,4.0113124731500805e-6,-3.6602527483220775e-6,1.022159409399018e-6,8.953260786501733e-7,-1.998608544366289e-6,-2.746765432245156e-6,7.830324667306e-6,-6.965446495601003e-6,1.1247853788291398e-5,-4.917984821629543e-7,1.7583927984901692e-6,-7.0397220922214405e-6,2.6467012969207587e-6,-7.444665548013194e-6,-1.1240554400071592e-5,-5.767425041720455e-6,-5.4644447797094245e-6,-5.724452665788178e-6,5.772577095692376e-6,3.481576957425093e-6,5.009049574138679e-6,-4.715680490668099e-6,4.873795294793283e-7,-6.276310787791904e-6,-2.238382735583939e-6,-1.4901891484501622e-6,8.790502761230647e-7,-2.36716624035234e-6,-6.559334699288216e-6,6.537969041858751e-7,-2.5926333159528966e-6,-5.415785453442869e-6,-5.9302753137659206e-6,-1.9572754970731936e-7,-2.3080767319636943e-6,5.404291247408809e-6,-1.929808456768045e-6,-1.505212231003292e-6,-2.934257560406073e-6,-2.173753725824698e-6,-2.5114396730382508e-6,-2.270460615983152e-6,-9.448624571530647e-6,-2.094748432411186e-7,-9.491264326030015e-6,-8.819867607378458e-6,-8.401849548105214e-6,-2.2009205052207776e-6,2.1791700951847092e-7,1.8158984025691062e-6,2.8381025384916354e-6,-5.262200628074899e-6,-8.163389944341714e-6,-2.0911483863091e-6,5.463306844276206e-6,2.0332701829136446e-6,-1.7321725190158e-6,2.1862127185662425e-6,-3.1518925886519384e-6,4.162978144273818e-6,3.1393246323788115e-6,-6.375109734416467e-8,-5.775375213565451e-6,3.2772304826893133e-6,4.54366404455253e-6,2.1503783040741495e-6,-3.6536588641081103e-6,-8.803882176060456e-6,-5.8111038198308204e-6,-1.1641097614493674e-6,-9.628216051684573e-8,-8.150309270571904e-6,-5.945639050380198e-6,4.192369482442245e-6,-2.487334973041448e-6,-6.9489852515457965e-6,1.2198247334216903e-6,2.447878225200001e-6,1.94175560575208e-6,-4.39778350104571e-6,2.6446381156495746e-7,-8.324032421627085e-6,-1.476837739708454e-6,-2.418879607097729e-6,-8.461573106165736e-6,-2.2800857235839356e-6,3.4423354386628254e-6,8.40738908139102e-7,-1.2557016927252632e-7,-7.541431194423615e-7,5.532314839625708e-6,6.584807661496231e-6,3.705951829158216e-6,8.357948109263888e-7,2.246656028186015e-6,4.217856423611662e-6,-2.8878368724852716e-6,-3.7217381527338268e-6,-1.0811986538195984e-6,-1.2945262296915892e-5,3.7779937558504448e-6,-1.2405049226784496e-5,2.4004228120445523e-6,2.3786764000762433e-6,4.0933175958040425e-6,1.3709413846953602e-5,4.097009288401658e-6,3.2688576141989354e-6,5.784187384906138e-6,-1.9270720100744005e-6,-8.169354792315672e-7,3.817755868523496e-6,5.261343637563974e-6,-4.029389467067576e-6,6.366423872035256e-6,5.295113999202614e-7,2.3700328207625853e-6,9.065512083393214e-6,1.3596301784326695e-5,8.125900456691845e-6,8.04179603759303e-6,-2.1828659823347173e-6,3.638093808848931e-6,4.563336475185701e-6,6.709084412104049e-6,-1.0380204174482433e-5,3.500533491854003e-6,4.246387294812159e-6,-4.451509528108834e-6,-4.350382814867327e-6,-1.4032126229929992e-6,1.0929844701926007e-5,4.02966661431396e-6,3.6868965798883853e-6,4.977628561187912e-6,4.55568187141359e-7,-2.471388720285289e-6,-7.618530930002586e-8,-6.455005337784185e-8,-4.3282047284288525e-6,-6.426692702501387e-6,-1.039984423482958e-5,-1.0437699626319344e-6,4.190472848782856e-6,1.747222966350969e-6,2.0845531952331544e-6,1.1297827290998358e-5,7.689855780970606e-6,1.1485199143720705e-5,6.537360929568422e-6,4.549237973846504e-6,-4.95788264676269e-7,-1.5163064729324428e-6,-6.577640823740418e-7,-6.51871006297747e-6,-2.49979963129204e-6,-8.925678812614727e-6,-2.349200885832466e-6,2.3177234988905516e-6,1.6056393816232214e-6,-1.385330725899579e-6,8.752164673908753e-6,6.716105198418505e-6,1.623545094609832e-6,1.1170146780217873e-5,-4.203657597720433e-6,5.936466485611075e-6,1.155253614910066e-9,2.8637336650015647e-6,5.443465967001499e-6,9.082486702069936e-7,-5.9705646437791625e-6,-3.794336428048734e-6,-7.361498999631945e-6,1.2920997959795983e-5,3.7313691191290724e-6,-3.159839408447897e-6,-4.0219833856882947e-7,6.414292112944858e-6,5.983797504661534e-6,4.037281257982035e-6,1.0526964659575856e-5,6.828201615042241e-6,-2.952384174965134e-7,-9.038752483725747e-6,-1.7137836744428228e-6,-9.435012469476247e-6,-1.8633006182946933e-6,1.2675020912434863e-5,1.119954450531298e-5,7.006931003730836e-6,6.827326262314184e-6,2.3072779308261503e-6,3.5598682711817675e-6,5.515252165652685e-6,-1.0251147121102317e-6,-9.058441716079699e-6,-7.379268072756101e-6,-6.943853399433136e-6,-4.041835430929864e-6,-2.035913621973469e-6,-1.623546477216875e-6,6.632385444564445e-6,3.3323036453065377e-6,6.058343307474411e-6,1.0892887211759424e-5,5.6764496378618526e-6,7.790751906262701e-6,9.315830565663947e-6,7.4013748731554015e-6,9.845035424522956e-6,-6.709752602801114e-6,-2.1394884931371292e-6,-7.103290530849614e-6,9.88637726524737e-7,-3.882250409288982e-7,-7.044385545617446e-6,-1.7312407020165058e-6,-3.4728191532677674e-6,-1.463309126554326e-6,3.859949698989915e-6,-2.7740161867450795e-6,2.299864513061366e-6,9.289761590589942e-6,3.0047889611316498e-6,-1.2353260117729875e-6,-5.8557366041332306e-6,-3.1040987381280603e-6,2.0105923135033657e-6,1.9477188143732877e-6,5.792681657118637e-6,1.4766628304254987e-5,5.103976267404322e-6,2.251673047971384e-6,4.1155160909218255e-6,-4.791000517673182e-6,-3.2558537308612206e-7,-4.16043725313031e-6,-1.7762072799673413e-6,-5.574373919195636e-6,-8.781799588301555e-6,-4.022438313767812e-6,-3.2619493673970756e-6,3.8116528280867775e-6,2.4436826643261274e-6,6.673129898047405e-6,5.317977252687448e-7,-8.680250610018665e-6,-9.181536779338767e-6,-6.2238304450117e-6,-6.849647075685771e-7,-1.6872479371314176e-6,-8.105836051748016e-7,1.49619030257075e-8,4.6539709177138375e-7,6.504067865295671e-7,-4.805442530594532e-6,-4.5399859089159274e-7,5.4117137202834e-6,9.800489275724158e-6,6.4926788683498e-6,5.702134682259914e-6,3.740174109371984e-6,-2.514471563129559e-7,-3.9696793661363335e-7,-2.3279915380902967e-6,-4.942240740388174e-6,1.793759937796378e-7,-9.298369208832372e-6,-5.753771796962618e-6,-7.097063810972114e-6,-4.318798012266211e-6,3.8685293289286064e-6,-7.067053480063796e-7,-3.626214360760058e-6,5.820244318669146e-6,-3.150220759074249e-6,-7.189232549773785e-6,5.384478081684407e-6,-1.05201042582523e-5,-5.29624722145857e-8,6.631556648970128e-6,-4.914138342743297e-7,-4.030946463448027e-6,-3.4044956794624083e-6,-3.4242553438547256e-6,-3.0207873909946925e-6,-6.595473560707977e-7,1.8975413401177768e-6,1.095680289670584e-6,-3.7575267893402084e-6,-2.4672012698787324e-6,-4.447670657018315e-6,-1.1352732591568249e-5,-5.174305554061694e-6,-4.668269695839065e-6,-7.130090217918344e-6,-7.19875454334329e-6,-1.2345000936977377e-6,2.964908232998568e-7,-4.744537988676071e-6,-6.968456886365406e-6,-5.864656707846363e-7,2.693538527093748e-6,1.4194948068666002e-6,-1.8924307462216277e-6,-5.732517504567253e-6,1.1235478438467468e-5,5.1607413073999304e-6,-1.1404205723044082e-5,-2.9618922463044016e-6,-5.593109015280181e-6,-4.470770200730749e-6,-4.321257355793446e-6,4.6712257730235505e-6,1.8977904900265505e-6,1.875877012299303e-5,1.1776447057186804e-5,4.100278126042048e-6,6.653581905399855e-6,6.134053869758335e-7,-4.573940801513295e-6,1.5430107670425527e-6,-9.072656213144693e-6,-7.91677641146535e-6,-3.118342764940953e-6,9.213334077957559e-7,-1.0538033883190995e-6,5.515965151877318e-6,4.205658489458303e-6,-7.5101717652468725e-6,-2.2024969836363973e-6,-3.4626419919009856e-6,-1.157629950083692e-6,-4.206621799057073e-6,-4.3733730773565365e-6,-2.505694795608873e-6,-3.7367397388539546e-6,-8.247077216064273e-6,-8.625255921791816e-6,-7.638289484375556e-6,-1.4338279490726462e-5,-3.2103205894354924e-7,3.1185654171210927e-7,-4.880559056093318e-6,4.101422849496201e-7,-2.3250273251606386e-6,7.754429905671443e-6,9.794809917202748e-7,-1.3850432001330685e-5,-5.994299461118299e-6,-2.8854375072271536e-6,-2.900446566358019e-6
0.00022892827121310752,2.1147591500805092e-5,5.601267686144486e-6,-6.4798091690424905e-6,-3.2256609436498676e-6,-3.8923240595895545e-6,1.5667790373642454e-6,3.065030463444338e-6,3.455822930832384e-6,6.590163305577071e-6,-7.549109486387851e-6,-1.3471108365693136e-6,-4.987256875052736e-7,2.4008201229292666e-7,4.251924729512472e-6,2.274648799007882e-6,-4.4862709414616856e-6,-5.167462385630955e-6,7.427752046578535e-6,3.5936227684399135e-6,3.5737220003955233e-6,-3.1038928517316497e-6,3.445908983404872e-6,7.216029586514025e-7,-2.6711184233027357e-6,-3.4996774594541844e-6,-5.174683487226453e-6,1.1547766246434596e-6,-1.0217838809568776e-5,1.3982168339612497e-7,-1.3834541049060457e-6,-9.128667220239587e-6,-5.451024536081524e-6,-2.588657979887458e-6,3.267171411867885e-6,1.0234468342994908e-6,1.0416509809593405e-5,2.552441206375854e-6,-4.060421621440056e-6,-2.912414902844624e-6,-1.4844981436197603e-7,1.1148303489817398e-5,2.8144006576839366e-6,-4.923840369348455e-6,-5.471784645485851e-6,-1.328175399007905e-7,-2.7408514301800835e-6,1.6361058766721274e-6,-3.1636701121801037e-6,1.503676091947594e-6,6.451753845599308e-6,-8.463047079585883e-6,-6.864986891896174e-6,3.831374208290531e-6,-3.338734774993062e-6,-2.64907761201437e-6,-5.453965284861611e-6,2.247628610105045e-6,-9.785263071181563e-7,-9.112183730459191e-7,2.747498289385064e-6,-5.043595662069715e-6,-1.7670179931089288e-6,-1.0247874562405317e-6,4.550011236734381e-7,2.303156875183699e-6,7.4867009811086505e-6,-1.1617188149520395e-6,-7.315787047695388e-6,7.69252072576125e-6,-6.620009825410518e-7,2.4308881205921107e-6,7.685272230079718e-7,-2.995074606571796e-6,-3.1602065785314376e-6,-6.607726287006698e-6,-1.0586135169352816e-5,-4.087080036403062e-7,-4.790829802775796e-6,-3.8295661037288135e-6,-7.1837749140015145e-6,1.645349395538418e-6,-5.14280363513422e-6,3.296053858035159e-6,-3.909019732524793e-6,1.4245773575261642e-6,1.040391178854385e-5,5.449875304663348e-6,3.1354574863313784e-6,1.4151352390746205e-6,-4.921773353030686e-6,-7.082447343415594e-6,-4.796916410930324e-6,-7.038365282612831e-6,-3.5179855304681588e-6,-5.409853143094505e-6,-2.5891702474560174e-6,1.1303627560070535e-6,1.1469000665421924e-5,9.4627238147044e-6,4.553511299792621e-6,2.2807292022350854e-6,-1.8782287462286472e-6,4.347378825374036e-6,2.7391107997801404e-7,9.592575667862641e-6,5.657384933562498e-6,1.7956265728267163e-6,1.4304385921459915e-6,1.1599932223246689e-6,4.537030822353494e-6,3.4589673316354446e-6,5.373638754986929e-6,4.821560840537729e-6,-7.065556501845849e-6,-4.10353210747784e-6,1.2095231873312104e-6,8.278916938632256e-6,-3.5405835334723707e-7,5.801703535089817e-6,-2.088433484939095e-6,-2.525814585174467e-6,-9.332333372787642e-7,-2.2472703114343535e-6,-1.9699303674037773e-6,-8.165634310340027e-6,-6.255812461388265e-6,-1.137029001390796e-7,3.0874762473073374e-6,8.769894018057766e-6,-5.297366741339595e-6,3.373841683418819e-6,-5.71432445832888e-7,-1.0858899746664723e-7,4.2698456466803885e-6,5.802184645798346e-6,-5.368833722930189e-6,-5.940344344124891e-6,-4.199445357167616e-6,1.0854176314026771e-7,-2.3488112895652012e-7,3.184289935827328e-6,2.9143180062186837e-6,-3.2431829542454747e-6,-2.4420516935598586e-6,-7.498981213541749e-6,6.934172804612481e-6,-4.1246616668596285e-6,3.615588192320067e-7,-7.149408283180808e-7,-3.5768516254750777e-6,1.1395868542658805e-6,3.336799968618624e-6,7.536323788459336e-6,-3.8851525074509117e-7,-1.870757442674097e-6,5.873497597447637e-6,4.864581369317517e-6,6.23397702843946e-6,-2.4677446106080523e-6,4.2041911832594625e-6,-1.5890909167605482e-6,-1.3115501802951984e-6,3.87568240763079e-6,5.9021749963087794e-6,2.1813674512805582e-6,7.67057915566099e-6,6.5599204025183365e-6,2.1474243852699975e-6,2.886333503409732e-7,4.0844706770452194e-8,1.0622104615442652e-6,4.12576338990818e-6,6.528559712493755e-6,3.265309735778589e-6,5.685428313662078e-6,1.2114202658434704e-6,-2.542828309786691e-6,-8.055079795881284e-6,-1.0523433551046557e-6,-4.681490837087417e-6,-4.814728816770621e-6,-1.4911529885917692e-8,-3.3356518697261324e-6,-8.422204726700761e-6,-2.325743262999898e-6,-2.7636454770881327e-6,7.423333718596319e-6,2.6147246206073926e-6,-4.534937405242293e-6,3.555928017646498e-6,-4.39607233864958e-6,-1.345398975521445e-6,1.8086018740805303e-6,5.583637864524552e-6,-7.1554008246920155e-6,-2.423795917809263e-6,-5.315160115419192e-6,-9.570325842379022e-6,2.1229777972360923e-6,3.307446134426993e-6,1.0137648865106291e-5,7.578623299622416e-6,3.0145835885920664e-6,-7.987850349935924e-6,-5.239373381786125e-6,-6.246695892854001e-7,1.1060350776577695e-6,8.99984779675966e-8,6.77974339456148e-6,-4.723901114346842e-6,-2.816440402733243e-6,-4.532971141716051e-6,-1.1350052838514373e-5,-1.8908562819403117e-6,-6.805771439658403e-7,2.7643558363518465e-6,1.1119995006552319e-6,-6.181232070334262e-6,7.881013360210222e-6,1.903095828447357e-6,2.4624923248834103e-6,-4.826976758656121e-6,1.0811804731322661e-5,-1.516755324849595e-6,7.4579227554431065e-6,-3.857576845910633e-6,-3.609109409402783e-8,-3.845862210571736e-6,1.8923809981979533e-6,3.5431067608218006e-6,-3.4269093263533304e-6,1.528016728175204e-6,-5.013728752159277e-6,4.9886108007910316e-6,1.4097081909063372e-6,-8.47877856641281e-6,3.098282253437515e-6,5.0940157591066465e-6,1.1186373443805955e-6,2.7157735027428764e-6,5.69891556927672e-6,-3.391177389061077e-6,5.507394294121772e-6,5.990357917402878e-6,-1.6039801852926522e-6,4.669092642877218e-6,-3.597044260063992e-6,-9.796726067580268e-6,-1.2508285783963663e-5,-3.945860423230649e-6,-1.5705303252250296e-6,1.0275790383954931e-6,-1.3326182543937476e-6,-2.9346855589366833e-6,-2.281736296856417e-6,6.129545376587656e-6,-1.9016040283897895e-6,6.448521467048707e-7,1.4558916614379572e-6,-1.8431620944660573e-6,2.309460942268144e-6,7.914836932922738e-6,3.287306983025814e-7,6.693058953595785e-6,-2.564902864909687e-6,3.2277655507246117e-6,-1.9099749956067157e-6,-6.317764245091736e-8,-6.723341761643593e-6,-5.691223803844746e-6,-7.944946775047596e-7,-7.783704849325365e-6,3.554751412920875e-6,2.3179761805917517e-6,9.334479097918502e-6,4.978317166362405e-6,1.5431573944643383e-6,-5.654111912113424e-7,-3.398656228305659e-6,9.183083821397372e-6,-5.929099456704064e-6,-2.536181347370324e-7,-1.055459088062407e-5,2.8784614189152454e-6,5.01898240999558e-6,2.6618294240610796e-6,6.763356733299643e-6,1.270996983094887e-6,-3.6098701426279486e-6,7.98574668939256e-6,2.0546944437267342e-6,2.759094714855636e-6,2.136763296544557e-7,-2.647956638637883e-7,-2.7061711534656906e-6,-2.1786575592614103e-8,-6.214505472787203e-6,-2.771805740479462e-6,-8.6511993864046e-7,7.107495182949282e-6,-1.239289409081028e-5,-3.0839278970037906e-6,-1.1233515412779587e-5,8.623412431843337e-6,7.755691266819529e-7,7.610617580083496e-7,3.5542549424288046e-7,-2.784071967241897e-6,4.55615662342973e-6,-4.998650277521235e-6,5.622449342180031e-6,-1.1510109468364916e-6,3.0525722656773806e-6,4.4307401279418275e-7,-7.243344457019597e-7,-2.8116842578637153e-6,1.6345235580163226e-6,5.05478412463837e-6,7.343358941890286e-8,1.3323372975421934e-5,7.279635633876983e-6,6.985284594252415e-7,9.119895910049104e-6,1.0473333072925541e-5,4.935660935476764e-7,3.5006022033653296e-6,3.5761812015510894e-6,3.214345535713035e-6,2.0557735193314267e-6,-4.42363154297229e-8,8.975908191910795e-6,9.586146096592788e-6,2.852157438713661e-7,4.935213711451597e-6,2.5812749895224033e-6,6.0334470371453356e-6,5.377207171921086e-6,3.905223095642348e-7,-8.402615307067239e-6,1.623343988670612e-6,1.852943752903226e-6,1.8967776482588732e-6,4.269187571636502e-6,-4.6178644096461977e-7,5.282747282473079e-6,-5.792689575137935e-6,-7.08343936493686e-6,-1.3498402861197256e-5,-5.9845136822470316e-6,-2.635139422311276e-6,-2.1156232173438466e-6,-1.8404088640676703e-6,8.41912301318796e-7,1.3692749734682073e-6,-3.640839240020293e-6,-5.2544094214888306e-6,-1.9908796969437327e-7,-3.6721407832238176e-6,4.944259637293522e-6,-1.7427561408958722e-6,4.70550146710396e-6,-2.4469912719127574e-6,1.641427184300131e-6,-7.49496275757631e-7,-5.695414907981698e-6,-8.165700970877837e-6,-1.1221474595173633e-5,-3.2553857784921815e-7,-4.752958820432143e-6,-6.744704418196774e-7,-8.504553647855552e-6,-5.433324839628166e-6,4.412739455591242e-6,1.5077500551154504e-6,5.950777916772891e-9,2.033513495048854e-6,2.5971117343317377e-7,-1.5092470416034423e-6,6.34824761354354e-6,-6.670664564657417e-7,2.8816621860114677e-6,-7.124805954581285e-6,-1.0365580470038234e-6,2.651550443103054e-7,3.2620838633984444e-6,-8.495021163758926e-7,-4.460071317982286e-6,-1.1777865025170354e-6,-1.999393615874354e-6,5.32332110058951e-6,6.716207624296783e-7,3.914209142113849e-6,-3.2558637906512694e-6,-5.714130452602772e-6,2.4133063999709673e-6,-3.5562842047284467e-6,8.228885725966215e-6,7.536698907505209e-6,2.678342004262759e-6,-6.211312008274085e-6,-1.93471623324601e-6,-6.4805591376869e-7,-2.109890365829227e-6,-1.343251191839273e-6,-2.5995122128723792e-6,5.988293720381974e-6,-8.948965714348719e-6,-6.969061521086171e-6,-7.533009875077627e-7,-2.191485827383613e-6,1.4507155643853594e-6,8.172756643752354e-7,-4.943827078418948e-6,-8.774204161121676e-6,-9.216505144191929e-6,-1.2187482829915715e-5,-2.0308939927060826e-6,-5.42828596673399e-7,6.059302818302904e-6,9.205282433374824e-7,2.489137362760245e-6,-7.593183073842766e-7,-2.005434760198223e-6,2.8619216430608796e-6,8.873888156067584e-7,6.188552591565068e-6,-9.611283789107289e-6,1.6524330146506155e-6,-1.5747215891937337e-5,6.617509034528144e-6,-4.6832139522402294e-7,-1.395721345153578e-6,-4.585849842816865e-6,6.770467626794989e-6,-8.292839643886474e-6,5.097392628826538e-8,5.41202780057844e-6,4.556801478125604e-6,7.875298134207629e-6,5.260080016263181e-6,-5.311394481189017e-6,-1.7220849385296042e-6,4.427797081279242e-6,2.840950957171517e-6,-4.199571685117236e-6,-2.633928303012191e-6,-7.874190559497062e-6,-7.0382796080011034e-6,-4.357639177820445e-6,-4.981851699677475e-6,9.626031473510353e-8,2.646530538017373e-6,-4.895325698600841e-6,-4.92346776553548e-6,-5.693673340551219e-6,-6.481787370733054e-6,-6.803070402040178e-7,-3.99928590265e-6,2.9088548998667936e-6,5.8900993686621426e-6,5.82272403403868e-6,-2.6427063568469833e-6,4.13706356558814e-6,9.795199715901817e-7,-1.7109538602952462e-5,-4.534170262552194e-6,-2.6230010034772332e-6,-8.347434201051863e-6,-4.705701335620815e-6,6.332214599713229e-7,4.478122073874744e-6,-3.246313657704647e-6,-4.899736130551731e-6,-1.1067446764085344e-5,5.627219595505769e-6,6.383870849788086e-6,8.474502755320845e-7,4.417841819562612e-6,3.2543947873052766e-6,-8.117044871262208e-7,6.014575041249434e-7,-3.119433664516689e-6,-6.780747934772668e-6,3.889519203121748e-6,3.433213030858334e-6,6.184618923114263e-6,9.08973033573213e-6,-1.5181216054727753e-6,-9.758884026624887e-6,3.659459185703662e-6,-2.7284523817775413e-6,1.2572233957927683e-6,-8.77185223970286e-7,7.964378647339457e-6,3.1827318420438294e-6,6.537551382514211e-6,6.358877221608553e-7,4.209593044548288e-6,5.4280017891113535e-6,2.37787838029273e-6
0.00023694231843171356,2.0717643640982632e-5,2.8365431413417854e-6,5.428953345866912e-6,-8.775822157272641e-6,2.9967852274765913e-7,3.0251018578848457e-6,-3.056589985524193e-7,5.758184941233235e-6,6.769047174380235e-6,2.9792039570318523e-6,-4.6716471031566416e-6,-4.576188317155362e-6,3.920945582150635e-6,1.0481582725531515e-6,8.277335538112942e-6,3.623746198082851e-6,-4.685870005932309e-7,7.3696248156479705e-6,1.9789777892616597e-6,-3.040081657309422e-6,-1.4189517498686447e-6,1.3310757887582026e-5,2.017570092380772e-6,-8.555005033273018e-7,-1.0907561143845744e-6,-4.278031456936089e-6,-1.1943532915908443e-6,-1.7937576323574065e-6,-5.852846548121745e-7,7.181711732924794e-7,2.6521410628756344e-6,2.4586026228315073e-6,7.623171351813125e-7,-4.011019241311457e-6,-3.1404243191329925e-6,8.300556034285689e-6,4.274204175305302e-6,1.1845479206782641e-5,1.8144907844394131e-6,7.661855407977437e-8,-8.509992834256483e-6,-1.045712693191605e-5,-7.502573440059449e-6,8.227193209083277e-6,7.102708303867764e-6,-7.796221828087406e-7,4.567551166207114e-6,-1.0076734929669711e-5,-1.219555772697336e-6,1.7270834219104408e-6,-1.250962394636857e-5,-3.6817357738491403e-6,5.076195723962194e-6,1.026917296316474e-6,3.7439923681723343e-6,4.635693309058107e-7,-5.955527411360207e-6,5.586925569824761e-7,-1.4839552588464252e-6,1.7548571908283303e-6,-1.0290457051754192e-6,-7.733950559920006e-7,-3.0834205718678667e-6,7.622339117123801e-7,-3.2744926370747443e-6,8.492554031960747e-6,1.0301211735705236e-6,-6.216442716027179e-6,-2.5685402445060754e-6,-6.1660074326512605e-6,-6.682820346490002e-6,1.6602006593917146e-6,1.3972081007709045e-6,6.7438824269758196e-6,6.883546916762021e-7,9.804303941479942e-6,4.563354322389592e-8,1.2618544532707594e-6,-3.1031505257494846e-6,3.3863415304401265e-6,-1.963462221700708e-6,7.817764322557686e-6,4.002614378779828e-6,4.788759886387876e-6,9.960923514660488e-6,7.407115012806262e-6,-5.041845668300061e-6,-1.2273380183460802e-6,-3.1130110640579358e-6,-8.367664150144887e-8,-4.04851585881969e-6,4.3481874479695275e-6,2.4640505462543007e-6,1.7405346659393144e-6,8.382268496461182e-7,-5.94269935949409e-6,-1.938153693155553e-6,2.0791997180686664e-6,-7.412522943677726e-7,6.3282927386750986e-6,3.9787227594348775e-6,-3.7870012944010346e-7,4.280320105998307e-6,-1.28819822517982e-6,4.7858091381221226e-6,-5.800408768110479e-6,9.93698098443637e-7,1.1900281154355952e-6,-7.767472963976296e-6,-1.9174083698957876e-6,6.431889345464873e-6,6.368515967504696e-6,2.9774186915639344e-6,1.0495994229213212e-6,6.005221721164317e-6,-5.12203316970713e-6,-2.909684794890054e-6,-4.6838905579461795e-6,4.172570687243655e-6,4.871198605599646e-6,-8.046316458083638e-7,4.955172651674887e-6,1.9087345711474616e-7,-1.7845654501873153e-6,3.269887609649076e-7,-2.494193303328831e-6,-2.525569588449734e-6,-2.438817019150587e-6,-2.5332344549754952e-6,-1.907901051433828e-6,-5.291197391257126e-6,3.2330905384551224e-6,-7.627133624567779e-7,-5.279165144899331e-6,1.3606609314234093e-6,-7.78499121112109e-6,-1.7375748149437878e-6,-7.026054217701377e-6,-3.1251558425053435e-6,5.2755266030010755e-6,-5.476983027144566e-7,1.6822887866463195e-6,8.239414728283415e-6,2.3566019989021903e-6,-8.837022783437865e-6,-1.1084037259152045e-5,2.7340400591427163e-6,-4.710754631967087e-6,-2.121783919602915e-8,4.334810613056534e-6,-3.88734774147063e-6,2.005952361323063e-6,-7.53982426529041e-6,-7.757126339578224e-6,-2.40029479236588e-6,1.8060061039991208e-6,9.675265797606689e-6,8.671604804838654e-6,7.930213757599076e-6,2.256695000065946e-6,-7.335524369718523e-6,-1.3118821168839585e-5,5.218194315678542e-6,-6.6321003600052415e-6,-8.066290119945744e-6,3.3780741235391053e-6,9.006379495805943e-6,-2.096546773834387e-6,-3.230898277783419e-6,2.9271366409271803e-6,-1.3672048242536533e-6,8.690264236782286e-6,2.1391073984462495e-6,-4.744683230214848e-7,-7.144666835714528e-6,7.365221891202499e-7,-1.902528568772486e-6,1.483253385034506e-6,-1.0700094106879677e-6,-4.352166855618413e-6,-4.272785663104445e-6,5.266219417082073e-6,-5.031729462595639e-6,2.5903916019997777e-6,4.874690829941953e-6,7.0027962121833525e-6,1.0622203207940012e-5,3.2713824702504823e-6,9.910704529815145e-6,-1.3209280229961577e-6,-8.077299673864078e-6,4.028074707773028e-6,1.899210766171601e-6,-5.218507752521639e-7,1.9173167992705642e-6,-1.4709227638610857e-6,1.6300259729827766e-6,-6.950804147594475e-7,-6.058589166185451e-6,2.57254452978228e-6,4.571794201946016e-6,-2.851316812618517e-6,5.910216933058486e-6,5.37700130641016e-6,4.532338945330337e-6,1.3230704555782118e-6,8.238074421683214e-7,-1.4346657805160914e-7,-1.7436629584751362e-6,7.565800359015453e-7,8.921010420712345e-8,3.93904397878356e-6,8.52657439121823e-6,2.827043212239289e-6,-2.2821506134428087e-6,-1.9485472349584378e-6,2.2601761617926723e-6,1.7389387894035754e-6,2.631454342535766e-6,1.8479990103236038e-6,3.1820314074358432e-6,4.241910043159742e-6,3.381014670659898e-6,-5.343827275759961e-6,2.1177230711996453e-6,7.244369929344184e-6,-1.287344309905816e-6,1.9392379603139723e-6,-3.596276781928354e-6,-5.56583136076949e-6,2.8342423185521167e-6,1.0531239671959038e-5,-5.093574540925711e-6,2.2866062249892813e-7,4.235149120532171e-6,3.969278810319116e-6,-3.1337682214096978e-6,1.8944880032829082e-6,-1.586430571040564e-6,1.7736251113876541e-6,1.1229879327212742e-5,6.437935558685713e-6,4.840372822874094e-6,1.7831591271013843e-6,-6.423316562474391e-7,3.5578345295948503e-6,3.4202685573898637e-6,3.78855159268579e-6,-3.4548567254145542e-6,5.900826742541154e-6,-5.845590923640964e-6,-2.561360525199362e-6,-4.09475105889643e-6,-9.134186461588441e-6,-3.358160394583979e-6,4.86806137396912e-6,-6.68256597837133e-6,-3.782392249345441e-7,-3.4129108736041686e-6,-3.6567754405727527e-7,-4.125011314531886e-6,8.20575047759864e-6,1.7133149520963398e-6,-3.985534033609633e-7,3.4371094904386546e-6,-2.9176521469631115e-6,-3.2023459835250383e-6,-5.338412834223846e-6,-7.044532997437896e-6,-6.160265442479116e-6,-8.66519607817674e-7,1.3852989146621474e-6,-3.7811546067881165e-6,9.66581590397887e-6,6.075401028662261e-7,-7.578489887343592e-6,1.9792755495645974e-6,2.055483731967045e-7,7.947818938436958e-6,-2.416284150904377e-6,2.4261865955635657e-6,1.1946807121464792e-6,-1.4257359053758862e-6,-8.068155644833124e-7,-1.129144542898095e-6,-2.104507261938623e-6,1.592180829478795e-5,-3.844504386628133e-6,-4.1280842100262254e-6,7.143645581296098e-6,-5.118547984422237e-6,1.112712108361727e-7,-4.278248166389412e-6,-5.571830443837231e-6,4.941492323974352e-6,7.336958843550108e-6,9.921059105708844e-7,-7.235225941922169e-6,3.9091574966275275e-6,9.077617938280374e-6,3.3069509841384465e-7,-5.260057592164369e-7,-4.159298195763231e-6,-6.950071429675724e-6,2.6214407404331574e-6,1.053714289510642e-5,-8.028407976787053e-7,1.0466236612196679e-6,-4.766874332417324e-6,-6.35398645705612e-6,-6.840545144264398e-6,2.879189628349498e-6,6.692362344197188e-6,5.439072237938476e-6,-2.144146797177365e-6,2.5981771261708277e-6,1.6689563345124687e-6,5.609231262721576e-6,5.434149916719028e-6,-8.15110741236263e-7,3.5199540035903255e-6,6.2228745565397165e-6,1.990197456610059e-6,5.40143400614731e-6,7.427936849235504e-6,-3.4586237410843217e-7,-4.9572893690292e-6,5.653004319495601e-6,-1.451481543012598e-6,-6.8347166840899845e-6,3.785991688215774e-6,7.440521996257504e-7,-1.4854618983119358e-6,4.766203756248365e-6,4.084339290996648e-6,1.0016511623413667e-5,5.213547853240241e-6,2.33572117803946e-6,-4.076621282879788e-6,-1.4096026413180697e-7,-3.3993166203489174e-6,-6.274352290751306e-6,-1.1032002551805068e-6,-3.487498030277959e-6,5.0879563624735026e-6,4.9151505267708155e-6,-5.610880335649948e-6,-5.952890284375137e-6,-7.014779466179223e-6,4.66453707629021e-6,-2.39485145146284e-6,-3.0912667371905565e-6,-2.3164094593302514e-6,-4.399893081614294e-6,-1.7436266826022903e-7,1.1911063205205244e-6,-4.341316466537255e-6,2.805597557277799e-6,1.3565767559958878e-5,3.916950981903475e-7,6.304120868180024e-6,-6.999005077146036e-6,3.150273214314245e-7,-1.606758928048916e-6,-7.865549683813617e-6,-9.432088434730278e-6,1.1320270058111172e-6,1.765045554368634e-7,5.011803732905951e-6,-3.5289702107965655e-7,6.707096958738544e-6,8.128716507432539e-6,-2.693896759114135e-6,-2.3551206939290593e-6,6.765519812091524e-6,2.8808661363063564e-6,-6.971493678645587e-6,2.496763568174691e-7,5.451027935982273e-6,-4.50053926017827e-6,7.656122051360359e-6,-1.2191007200370905e-6,-9.519950229978009e-6,-8.096228769468754e-7,-6.702764051234388e-8,1.1177715490708281e-5,-8.923794044792874e-6,-7.981410084962392e-6,-4.877901089275102e-7,5.74960144067968e-6,4.4039872838390414e-6,-1.5823335176784567e-6,-2.8510075434270353e-6,2.404269224678099e-6,-4.39994967729134e-6,-1.4772625179973881e-5,-6.903409817572094e-6,-8.204475361409718e-7,1.4432590267861936e-5,6.801739664857097e-6,2.2271139098792115e-6,3.332621971643729e-6,3.2440020863597895e-6,6.375879264258519e-6,3.205980938457616e-6,3.4442357442395177e-6,1.6316420404231847e-6,9.009718865122996e-6,5.596599937230994e-6,-5.449818935886575e-7,-2.1461761060840395e-6,1.2284448282606246e-6,1.1349071876552971e-6,8.77024876468308e-6,-4.225574798263239e-6,1.941340793862645e-6,1.9152465072652515e-6,6.870063217079314e-6,5.566982161456018e-6,-6.354921218857552e-7,1.3178536550469729e-6,1.083080005137228e-5,-4.52701556017312e-7,1.096936371351251e-6,1.3005600631693473e-5,7.591803476333438e-7,-7.714852152091022e-6,-2.1674079650707075e-6,-1.0380703372530137e-5,-1.3376971192017528e-6,4.864846037497253e-6,3.118494720214877e-6,-7.778416682625e-7,-4.059567713095157e-6,-3.696021928152896e-6,9.209249659525608e-6,4.826752723011783e-6,-7.457312060686604e-7,8.53149717073511e-6,-5.843297007502538e-6,-6.616721000357941e-7,-8.385917503837383e-6,2.995713497309715e-6,6.47283687231102e-6,6.740255385276801e-6,7.907688620123188e-6,1.0285755851259156e-5,8.655819871609759e-6,-4.957813372099793e-6,1.6998507956001985e-7,4.48982464910617e-6,-3.906829802666153e-6,1.7218955439343847e-6,-8.769020379930445e-7,-3.3585815946281747e-6,-2.1020294351806396e-6,4.3601134168143505e-6,-3.976147051010561e-6,7.15785959587724e-7,-2.4560611376350156e-6,-3.336122668629151e-6,-3.749525609437282e-6,4.3185874615332695e-7,1.5836147526431555e-7,-5.097066974645086e-6,7.527230024337424e-6,-2.413440809114882e-6,-4.600084461454278e-6,1.755063550794122e-6,1.8312745533338793e-6,1.6720638865786352e-6,1.2083867516611764e-6,-1.2707614838806114e-5,-1.5574564275053076e-6,6.4677674897119476e-6,-1.5689099443350252e-6,-1.2469077497522668e-5,-8.748150619039198e-7,4.609975314655245e-6,-1.3656272990580202e-6,-3.9375402417389665e-6,-1.5589994883050848e-6,-1.748360191267623e-7,6.414368563500112e-6,2.3108865618681817e-6,7.235718895921078e-6,3.323542193719236e-6,1.111948241516376e-5,-2.161439045368144e-6,-4.209180404881441e-6,7.73490426952174e-6,1.3225945845284205e-6,-4.324048520427329e-6,-3.786027478904338e-8,-5.9922167887572435e-6,-1.0678685396856753e-5,-1.2620170152756938e-5,-5.693518644501697e-6,-8.940131570017431e-6,5.446734573929395e-6
0.00023566480574242833,2.6032981192078955e-5,-1.5636572141345554e-6,-4.614991599946082e-7,-1.401226691728793e-6,-4.742910924387841e-6,-3.205938434582932e-7,-6.101098754403416e-6,6.839925083279637e-7,4.365747179465569e-6,4.048951479505004e-6,-6.0391589936185055e-6,-2.159663269786865e-7,-3.4604713551021515e-7,-8.862154623254227e-6,-1.2838649387038884e-6,-3.314061222242876e-6,2.4123461197747284e-7,8.131337973566892e-6,2.440125210825373e-6,6.806921623470023e-6,3.2902284722995513e-6,2.880399186232947e-6,-5.014713182982435e-6,3.693899828301541e-6,-9.779672003661724e-6,5.864551955133731e-6,1.4487195007220865e-6,-2.658896491203013e-6,-2.215581025254158e-6,-1.196132989476633e-5,-9.04770966103086e-6,-2.62044184270082e-7,-9.893250987946846e-6,-4.6385224046550346e-7,-2.2010195866528484e-6,1.6164314305983057e-6,-5.140116226138845e-6,2.2972576175077555e-6,6.542718213802089e-6,-2.9233240644192094e-6,-5.299056349226176e-6,5.080233069134952e-6,-1.4814945784457287e-7,-6.581634535474738e-7,-8.466047164757033e-6,-8.887102329196918e-6,-1.9202242640396227e-6,-2.2783429484509093e-6,-6.038821171890844e-6,-7.679425945978786e-6,1.0534771030896357e-8,-5.504673339134541e-6,-4.436389314838881e-6,5.659599460445353e-6,2.8955813615814313e-6,5.53946381241114e-7,-4.961990083700511e-6,2.723084248651459e-6,-1.0420462745124095e-6,7.955047410271297e-6,-1.953500775314755e-6,4.174436332311589e-6,7.750230517482424e-6,1.390385383912666e-6,-1.4033062381182067e-5,-1.2297576236654185e-6,-3.867670023734358e-6,-9.565757628521863e-7,-6.316050425803999e-7,5.4813348597983e-6,-4.094829597328702e-6,2.0858230412123122e-6,-1.912301092620669e-6,-7.406285790543939e-7,4.480820302867373e-6,-6.7584028623312305e-6,-1.2964042120639884e-5,6.654845597201578e-6,2.7519447570449447e-6,3.609494314295891e-6,3.4650852450985093e-6,-8.560981265040988e-6,1.3725151819561576e-6,3.4980136534312013e-6,3.531509535718567e-6,4.861000001792967e-6,1.074265701637369e-6,-1.270883569379424e-6,-7.424878466234052e-6,6.601600980319449e-6,1.2792447131053555e-6,-1.8839528602214313e-6,-8.70760008641136e-6,2.782848788066522e-6,6.794989288980991e-6,4.396704551718865e-6,3.293554627331252e-6,-3.945177699746929e-6,4.486298124040004e-6,-3.4464232720269054e-6,-1.5590822579154736e-6,3.69857506653907e-6,-5.738263626109087e-7,6.723283287650121e-6,-4.515278743101984e-6,-5.0556464922665e-6,1.6212961269258095e-6,-4.53580597398874e-6,9.572483600848623e-7,2.20662296159792e-6,-1.697462449347791e-6,-1.2431418745666359e-6,2.374781474234055e-6,1.98632620520929e-6,-3.203357933738099e-6,1.01765883442342e-6,-6.568308273096346e-7,-9.02671751868051e-6,1.0930297207984554e-6,-6.901901768085707e-6,8.484917922283103e-7,1.1802648093397823e-5,3.0642056666913744e-6,-4.491194068790328e-7,-1.3402187812512704e-5,1.2813057215865053e-6,-2.637723759017809e-6,-1.3878033321085785e-6,-5.583123846246085e-6,-5.156348616813683e-6,-9.396726697137456e-6,-7.399712590499654e-7,2.1716900987140735e-6,2.679772905854711e-6,-3.1873626311513926e-7,-4.3708877402636245e-6,2.677477309193814e-6,4.024275731739415e-6,-7.684419593078381e-6,-7.4940170187829205e-6,5.812596232374241e-6,3.1328149155858845e-6,2.4137089577584816e-6,5.458940134727096e-6,-3.455689912506907e-6,3.5122152353399266e-7,3.0380991847673515e-6,3.1369784573834928e-6,-1.5647325334460253e-6,-2.593481894218274e-7,1.2191384586720265e-6,1.3257984211264086e-6,-1.8053801002039494e-6,3.8094570157350685e-6,-2.001040132698258e-6,-3.1233188225354774e-6,-1.0572793080784308e-5,7.694411585805087e-7,-3.9524554775314116e-6,-5.895971196146356e-6,3.0470373530839556e-7,8.449653202946298e-7,-3.867346601254297e-6,3.8211949054751393e-7,-1.1186327136871675e-6,5.878571032113957e-6,-7.165162320061009e-6,2.133581084549117e-6,3.6797404846226446e-6,-9.270300720502891e-8,3.0293084963494653e-6,-1.5564458794788154e-6,-8.4629704546854e-6,-1.9068860870264413e-6,4.0786003864895526e-6,3.4082763563451e-6,9.860605962810258e-7,5.091262324634954e-6,4.6899097845062975e-6,-6.707125146182966e-6,-6.498953521213344e-6,2.187162585870378e-6,1.5187359954728741e-6,1.5889156321755051e-6,2.8232821992729065e-7,7.536344519494791e-6,-4.3891849721509755e-6,-4.5739235134923985e-6,-1.1130378442436192e-5,-7.508856700452569e-6,5.70423787195363e-6,6.475398116690923e-6,3.681110412959884e-6,1.739627245943166e-6,3.4102174405024177e-6,2.8916899057605317e-6,1.3249322226843772e-7,1.5812627112811135e-6,-7.276950990110561e-6,-5.046984057342049e-7,3.6435756164107947e-6,7.0709776718867085e-6,9.11284288515926e-6,5.842051019278437e-6,6.367663089207656e-6,6.418689548529739e-6,8.780402442474628e-6,-1.7244274271385623e-6,-7.071453776202197e-6,2.107627963039817e-6,3.6268383113823785e-6,-3.4961374452281605e-7,-2.77615309455556e-6,3.696952793714682e-6,-5.842958982462369e-6,-7.600832287959021e-6,-9.536868733904962e-7,6.7487705671589755e-6,6.098052330342494e-7,7.529492062970814e-6,9.939440710778703e-6,1.0342694351327974e-6,1.0186683152992383e-6,2.549603815581761e-6,-5.825829650522858e-6,2.906384821707377e-7,4.475243680662577e-6,-9.52324017379623e-6,-7.2847088438532585e-6,5.188997189627647e-6,-1.9803135821868794e-6,7.120674429665548e-6,5.351203562971168e-6,4.920965903264903e-6,-3.444714935130593e-6,2.7624147808845534e-6,-3.9290217431413977e-7,3.782953805564195e-6,-4.7374756355281104e-7,3.143175655512106e-6,1.6482812923625892e-6,-5.952209440246194e-6,-3.139939888165059e-6,-7.266180991261391e-6,2.2351817909013566e-6,8.680427335393847e-8,-6.9272711780142615e-6,-7.332396361681024e-6,-2.378591940707373e-6,-3.89008115917567e-7,-4.078095951314343e-6,4.093842335323012e-6,2.0549582110504048e-6,7.0162138166593465e-6,7.926554876118423e-6,-1.4807080994706739e-6,-5.6492808897641735e-6,-1.3972748317696086e-6,8.146504326056005e-6,2.5280118319932987e-7,4.518012304881889e-6,-2.8421597152297517e-7,1.75281557569731e-6,-7.263767511761286e-6,-4.170270657060135e-6,-5.755160999917657e-6,-2.2632011956502142e-6,-9.15968328611922e-6,-5.142452000051735e-6,-5.13672168393154e-6,-7.047328407836907e-6,1.1877393211785434e-6,-8.017521465039955e-6,3.6854492621603527e-6,-3.9479093688634764e-6,-3.8096766797174525e-6,-1.6508844362291207e-6,-3.3091068614511353e-6,-2.676813113504787e-7,1.996787905527032e-6,8.72709873325383e-6,3.4930430635318565e-6,-1.1343181409852992e-7,-1.802299753437238e-6,-4.670911013433105e-6,-8.273844214887414e-6,-4.6633361262689735e-6,8.97335320218227e-7,-1.1654698246680677e-6,1.5070768132333968e-6,2.9988747676767477e-7,-1.2114235421476228e-6,7.151660394289883e-7,-1.6606957823087363e-6,-3.2665577946834347e-6,-1.9368467615001056e-7,-1.061202107061281e-6,1.9918994427797623e-6,4.78832083102886e-6,7.0985666081934506e-6,8.383656373806243e-6,1.0550573050970206e-5,-4.006129265377181e-7,-5.399091586822596e-6,1.1746466987386707e-6,1.433169794330158e-5,7.501116187880336e-7,5.678793707486012e-6,5.611735462553901e-6,5.302384890014366e-6,-6.720405921265452e-6,-9.235984264718798e-6,-2.403178028172871e-6,1.0380658995919508e-6,4.065739828722362e-6,9.29623845109848e-6,1.164946761461485e-5,3.2840856489768186e-7,7.936779958123914e-6,-1.3748847683349246e-6,2.290354808509781e-6,4.678743195620408e-6,6.9719682080495355e-6,-2.4201662328715847e-6,2.768291480902221e-6,-3.300158332822022e-6,-9.233508632593806e-6,-5.3816207338364535e-6,1.0797145180431177e-6,1.8417185292914306e-6,-3.09180195087214e-6,-5.904698450237055e-7,4.285284630787201e-6,-8.193907544635707e-7,-7.30079303276258e-7,-4.852824288458301e-6,4.989217440567498e-6,2.6736871705588996e-6,-9.370070645655772e-6,1.377452072834284e-5,1.6809617448746553e-6,4.763006153721483e-7,-3.6524988691953366e-6,4.833872041681529e-6,7.413731382555266e-6,-7.507115968450825e-6,-3.830337974786887e-6,-8.60732442811102e-6,3.591413742046374e-7,-9.237459588172649e-6,4.846906259632946e-7,5.480132627512865e-6,7.87871554818878e-7,6.5520443003561844e-6,1.7538006608061694e-5,2.1971979572330853e-6,1.5557550849993063e-6,-1.8665599318390692e-6,-8.45555981101386e-6,4.361422684633093e-6,-6.37527057409412e-6,2.2144957977722446e-6,-3.97884169565996e-6,7.499537893849026e-7,-3.5509419160884786e-7,6.483440397275536e-6,-7.165246095115013e-6,-1.560455478313615e-6,8.161448723504274e-6,-9.863114438261094e-7,-2.3975827680025787e-6,-6.261036855806853e-6,7.892042345491187e-6,-2.0728787586195173e-6,1.1930107290673846e-6,7.482321917660323e-6,7.500293726643216e-6,7.919211577508075e-7,3.2102391888481545e-6,-4.437199641062595e-7,2.570546541232062e-6,6.995381769236188e-8,-2.30268885343804e-6,-5.020517349647328e-6,-4.158206983950998e-6,3.642901571905425e-7,-3.0726057364854783e-6,5.074984427986203e-6,2.073319819038701e-6,-6.005826491367684e-6,-7.06579714867404e-6,-3.6679206715634952e-6,-5.755034662612928e-6,-2.5759670384309234e-6,5.689215840229789e-6,4.185140172566836e-6,9.398300667035935e-6,9.184277354102833e-6,-2.870961990569392e-6,7.3079418270732516e-6,4.339390013071044e-6,1.6574795128924392e-6,7.467910486620389e-6,3.7362350686184468e-6,-2.8127624640122902e-6,-1.1983900019573394e-6,-1.5888178860215867e-7,1.7366783747319448e-6,-1.109234841548438e-5,-1.09184849381862e-6,-2.508368881751535e-7,-7.440726001765178e-7,1.5420008595491108e-6,-3.949989538188576e-6,3.7384809453507857e-6,-5.504739588019342e-6,-5.380585122453492e-6,8.183887231549259e-6,-5.85881075952925e-6,-2.4389500011360763e-6,3.9134389894117633e-7,-2.9893554829936258e-6,1.9041896707718105e-7,1.2687428918136775e-5,-1.737672767531338e-6,-6.876627310112013e-6,2.286041150245453e-7,7.926762801329036e-6,-3.2898135767126753e-6,-2.5683520091373957e-6,-7.638088517912354e-6,2.1508133293913785e-6,-9.675053207846823e-6,-1.6310107589268845e-5,-3.4422255888712974e-6,1.5084381472098435e-6,-2.290268683768487e-6,2.6210256399664836e-6,3.603064738267988e-6,2.9121546096374057e-7,1.2605389238990847e-6,-6.094976784335262e-6,-2.3178146037177027e-6,3.607861372339379e-6,-3.6931489062153645e-6,-6.9558362001154205e-6,-5.090015045083606e-6,-8.318079997643733e-6,4.96516098997072e-7,2.0816532995815046e-6,6.136398696881746e-8,7.513626397097719e-7,-7.4921804157003495e-6,-3.623417725119061e-6,1.2143329824470597e-6,-8.985879533485605e-7,-4.627862302737138e-6,6.460572554327489e-7,3.3034306955442268e-6,2.649561776738583e-6,-2.8313583544073445e-6,4.642354637165145e-6,1.5756292872613368e-6,1.5182193542849075e-5,-1.668541596831773e-6,-2.546925354815191e-6,4.793193073785954e-6,6.495937013474996e-6,-5.5364462685323015e-6,-4.2355362866642924e-6,-4.068089741853504e-6,-8.332294969077593e-7,2.286018998674993e-6,5.098123943940725e-6,4.444597351790535e-6,3.1109263032818366e-6,-6.016184975126137e-7,2.5254788368587543e-6,7.377456869802023e-6,-1.7286600415656782e-5,-5.532718878945359e-8,5.351180148310998e-6,-6.516208772546447e-6,2.8365424970222903e-6,8.385540963734964e-6,6.910306073720248e-6,3.750330297741233e-6,3.2577301564240207e-6,-8.171744522917254e-6,-1.864296217150408e-6,4.0488289815155843e-7,-2.390761634451743e-6,-4.3285423311312635e-6,5.650606419733531e-7,-1.8332938841138441e-6,4.445279443825048e-6,-5.491498883537744e-6,9.029310063790969e-7,7.907662994930638e-6,3.098716144326316e-6
0.000235698997636959,2.1103631243971293e-5,3.309800668080764e-6,4.179663091852258e-7,-5.1008396775890786e-6,4.477328020238011e-6,7.44494290618474e-6,-3.1076141469648827e-6,-1.3478818161403514e-6,2.894987272468007e-7,1.9134184142046684e-6,4.1816365986033025e-6,3.651611148443072e-6,-2.5358905415025383e-6,6.683406156265097e-7,5.750192476230837e-6,2.0948621115338742e-6,1.3553280057088675e-6,-9.163779934665414e-6,-3.161255003497264e-6,-5.317830169325293e-6,-1.1533880967021134e-5,5.972828226354891e-7,3.3308475186219366e-6,2.827744577301646e-6,-1.0568623152824433e-7,7.721365647954581e-8,7.949189855766474e-7,5.56873908824358e-6,6.60224601539122e-6,-1.926808381714848e-6,2.1455034272978747e-6,8.38270688110283e-7,-4.0690365853963745e-6,-1.3853306568482469e-6,7.111789961075409e-6,7.327018693804984e-6,-4.1927583149594483e-7,5.594975857572146e-6,-9.050489692442833e-6,4.022207921261695e-7,-6.6037933296259404e-6,2.1270143052197155e-7,3.982939535904932e-6,5.3155260450440285e-6,-6.3078397644876096e-6,-2.4226132542092628e-6,-8.919593620481895e-7,-4.722150643040818e-6,1.1871148804767766e-6,2.8459990364780127e-6,-1.3825651598945606e-6,-3.182671926968283e-6,8.941030285730336e-7,3.706704656616757e-7,1.6118308851839125e-6,-4.468637512297059e-6,4.494557281993964e-6,7.171577844021396e-6,2.707527295011025e-7,-6.300409235225676e-6,-1.6519437618951851e-6,2.013735238466534e-7,-4.563099926797265e-6,1.7373060051833025e-6,-2.430446947605318e-6,4.947930489141725e-6,6.51431265278287e-6,-1.4404171657748068e-6,2.2587451124016633e-6,-3.3742584306968542e-6,1.065309359299481e-6,6.140623324230101e-6,-7.316372367100581e-7,-1.2352597642533825e-6,1.1806518505592139e-5,3.659730648520582e-6,1.409986204138409e-6,-6.836880677126339e-7,-3.7823817826575993e-6,6.75441051235999e-6,1.2882064357800739e-6,-3.503271636849145e-6,3.3730594465019433e-6,-1.1405045797276179e-5,-3.042434933774587e-6,7.12332442403721e-6,-4.3925514781688117e-7,4.549708997051154e-6,-1.188386605597504e-7,3.546254271241541e-6,-4.382386361634633e-7,-1.1202208118324408e-7,-2.045029676296182e-6,4.949563062067374e-6,-3.5888459312678057e-6,-6.076568453137529e-6,1.468406088727187e-6,4.203611156485463e-6,4.625343059701204e-6,7.057204559702998e-7,5.4182217075240865e-6,2.315744812742622e-6,-1.3539480156925194e-6,5.081636161944902e-6,-6.201276748434242e-6,-2.4705578751647063e-6,-5.084798037929265e-6,-2.874033173891438e-6,-7.705445449975434e-6,4.807274024073103e-6,-4.7034652841567266e-7,6.139241596639003e-6,3.831676960052719e-6,1.8515212034918897e-6,2.4880829064837456e-6,2.149230079913232e-6,5.624542379259863e-6,6.695655699802272e-6,1.2329753573331342e-6,-8.046331481521997e-6,5.284591217228784e-7,-8.706632029822332e-6,-6.856066115498267e-6,3.2133106420672083e-6,-3.3000638604613498e-6,4.490513377708751e-6,6.088723915452832e-6,5.6736461134955304e-6,4.348943310671727e-6,4.5084899730019525e-6,-8.257569312532248e-6,-1.2004850451851952e-7,-1.2667272178507695e-6,2.6273178540691484e-6,7.267161307438208e-7,-4.626415620071376e-6,2.1851595874036255e-6,4.941583711173129e-6,-1.7339680752133498e-7,-7.536729026486314e-6,2.447790264636942e-6,-2.617306132009542e-6,-1.4141724551359226e-6,-1.6935779238701638e-6,5.698494695625643e-6,-1.7100226411063386e-6,6.261029687196678e-6,1.0780019678878529e-5,4.738640769778501e-6,6.014796314765562e-6,-4.719412804618073e-6,-2.4241605966037403e-6,1.911629374345769e-6,5.005396052505651e-6,1.7448468059833187e-6,1.5876436912573051e-6,1.1832343969412141e-6,1.4576114480293508e-6,4.810015641809849e-6,3.4810944733796034e-7,-3.57732511882518e-6,-1.9785185271817503e-7,2.3374339243110823e-6,5.482962227816041e-6,1.0542371827043188e-5,-9.178676057006178e-6,-1.1253827887904294e-5,-4.8431229526991635e-6,-4.527573430325155e-6,1.8939516004179423e-6,-3.1183776527853888e-6,9.474129758976157e-7,3.2565306315057383e-6,8.497203480697922e-6,-1.4597059241421064e-6,4.473885555241786e-6,5.830712228227647e-6,-8.678371872873273e-6,-3.083320033453814e-7,1.2428309222757703e-6,2.1569198667975005e-6,8.13990569393183e-7,-2.4539820384556834e-6,-5.38678584877043e-6,-6.564449559660225e-6,2.124461860574994e-7,1.0284503112942228e-7,-2.8773564431432225e-6,-6.264671703759451e-6,-5.368265704122898e-6,-1.897234310921701e-8,2.8827815219255596e-6,2.862056290996764e-6,-7.965488826032857e-6,-1.4864488650628674e-6,-1.0932130976547414e-5,-7.2970098679493444e-6,-9.933417608210694e-8,2.7715919117795086e-6,5.323180107898886e-6,-6.64725657168944e-6,-2.1213158886147912e-7,4.4063776148320745e-6,5.703733396295067e-6,-6.991895794669168e-7,-8.994061775569256e-6,-2.831540857078772e-6,-8.573288287697434e-8,-7.835808630440092e-7,5.304595911925823e-6,-8.790729850753949e-6,-5.712952572179449e-6,-3.886610632737993e-6,3.3099538281697023e-7,8.357194753846193e-6,8.546731884428834e-7,3.4002373925143673e-6,-9.392739496561604e-6,-8.744741464352955e-6,-2.524869557943125e-6,-4.170043309247327e-6,-3.2053447533743272e-6,1.705291267309391e-7,-8.312371926208667e-6,-3.604948812279539e-6,-4.070800488801915e-6,-4.826313801680231e-6,-2.5505396167938983e-6,1.6014617288749822e-5,-5.113583817073539e-6,-4.555893329528029e-6,-1.3453107036710574e-6,-3.183825105546857e-6,2.963526792798187e-6,-2.3017034254234504e-6,-5.407134698186248e-6,7.127584098715483e-7,-1.0974326265575455e-6,1.0192364236051386e-5,3.928717383900754e-6,8.221543511311345e-7,-4.124157308009465e-6,-8.726434213200556e-6,1.5395792656054836e-6,-8.328520736241233e-7,-4.001316095417142e-6,-3.4583387192419774e-6,1.6308261273757946e-6,2.0861729965436972e-6,-8.897259194959044e-7,2.4581383315424023e-6,1.455445796426372e-6,3.960365741856761e-6,-1.3833420355752523e-6,2.9906916604800765e-6,-1.1809155209502507e-6,-3.2268498892989537e-6,-2.1064411703288727e-6,5.686203772135735e-7,6.603687212369096e-8,-1.1413093472839408e-6,-5.993276717941508e-6,3.1841841008594736e-6,-8.856905092075736e-8,-6.2563687216473994e-6,3.826775908647715e-6,-8.689654345262531e-7,-2.006763864862667e-6,8.221049966780386e-7,-5.181555618702602e-6,3.063168854957642e-6,4.7054795309971765e-6,5.748065290701388e-6,3.3171213853982833e-6,6.45699572582882e-6,5.344350274771489e-6,9.911442796236563e-7,3.772688246906284e-6,-5.296019149290801e-6,-5.0449600816093965e-6,-1.8723192196393079e-6,-2.3322328639693388e-6,-5.069757298357726e-6,-6.265302773764841e-6,1.877155826967139e-6,7.699621415861943e-6,-1.8304689999522353e-6,-3.53044027046976e-7,1.970462670470229e-6,4.758741826792134e-6,6.651008786349946e-6,6.299427565368003e-6,9.482083450017904e-7,-2.4662680960770778e-6,6.024750202743109e-6,-5.8965146560739045e-6,-4.778253373232276e-6,4.81104306612043e-6,-4.794443385941647e-6,1.6434512387328186e-6,3.518857445285862e-6,6.585904925537315e-6,-5.2297018233776365e-6,-1.91890985372184e-6,-7.035035862492699e-7,-3.76586830481503e-7,3.948659679032735e-6,4.407884590896243e-6,-4.9126407974313675e-6,-1.2623127327586808e-6,-2.0051938218995454e-6,-7.269294631244772e-6,-1.0453126636838006e-5,2.623109027627746e-6,-4.002294783103094e-6,-9.699080281316063e-6,-2.2136771928178246e-6,3.7886989249333654e-7,-1.5997177822213539e-6,5.097771980785946e-6,1.8800183070263353e-7,5.009964330320927e-6,-3.6153012985257205e-6,-9.392956678159562e-7,9.938263024159167e-6,9.0739074904593e-7,2.2242913127776506e-6,-7.349988774737924e-6,-1.2860662298089307e-6,1.0793264535596602e-6,-2.039507789465706e-6,-1.934375235788419e-7,3.563631482576351e-6,-6.7538208958793385e-6,-8.489555469574186e-6,-4.424868268691851e-6,-1.466987112360407e-6,6.2276434823383146e-6,-3.037155350612519e-6,-1.5776969479184715e-6,4.891748279792714e-6,-3.731260681302544e-6,-5.07054482950469e-6,4.113161961925387e-6,-4.744396621946092e-7,7.137535163727425e-7,-2.537014631196133e-7,2.0477081789316402e-6,-4.21170021072066e-6,-1.6875798745693751e-6,-6.819982439614497e-6,-7.095809351345405e-6,2.2993221057985985e-6,-1.7631119937736328e-6,-2.2808298451484624e-6,-9.831588294692397e-7,-3.118281159535393e-6,5.872886150987641e-7,-1.3894393199479225e-5,-1.2827799380011864e-5,-5.8651908800102535e-6,3.3642123216881055e-6,1.0731124004892825e-6,8.618096489721276e-6,4.135447603145628e-6,-8.348156635260135e-6,-2.4522737954932727e-6,-2.7340270862920483e-6,5.144935660513335e-6,-8.51231808983408e-6,-1.0829463420163388e-5,1.436373535201527e-6,-6.0873056200374225e-6,-1.0230088880196575e-5,-2.0719847267611337e-6,6.379017686790828e-6,3.0859052172105518e-6,1.3517127068369728e-6,7.027788456466273e-6,-1.4078987266244189e-6,1.0988264567998359e-7,-4.0006304860273635e-6,-7.6430063707524e-6,6.720080893168862e-7,-8.176940472411985e-6,-4.002608131681327e-6,2.840689193066589e-6,9.79791279220149e-6,5.502454357749442e-6,-3.645538568133502e-6,9.666170647945597e-9,-1.1907428530458685e-5,-2.522059886495006e-6,4.19684872567819e-8,1.6046919227533354e-6,1.7638884726475925e-6,-9.009903196693884e-7,-1.6905472643356504e-6,9.52323078305196e-7,-1.0453817951760027e-7,-8.643317103989141e-6,5.513765695522002e-6,5.20448231982452e-6,1.8307390984112606e-6,2.8403038746905796e-6,-4.2219694829141735e-6,5.272690394808452e-7,6.685580521373646e-6,-1.8920826483540947e-6,-7.88470519568864e-6,-4.141142944431927e-6,3.131282806836699e-6,-1.8373039256464544e-6,-6.682561122689331e-7,-9.597140493624085e-7,3.6472947959893223e-6,-3.450812536718872e-6,-2.85641458172123e-6,7.156769992345051e-6,-5.092676249591982e-6,-1.157410801411384e-5,-4.5233215868271375e-6,-5.458537340784541e-6,1.524248095425493e-6,-6.737718855747107e-6,-1.5488067203107312e-6,-2.241512122814391e-6,2.071058709146228e-6,-1.4243158407494805e-6,-4.2227391416178e-7,1.1968091039033708e-5,-1.604067049689452e-6,-6.954590960728254e-8,4.218828164448514e-6,2.1103746510962833e-6,7.616234207613292e-6,-9.990123400687477e-7,1.0637300381835584e-6,8.000115931676403e-6,2.4777582441866864e-6,3.947107133541952e-6,1.1026270169801298e-6,2.053878183901886e-6,5.817817268582278e-6,2.560265186396061e-6,-2.921466121697245e-6,-6.4268424386381e-6,3.8077177960225003e-6,-9.971760164512994e-7,-1.8335975609756572e-6,8.896720476598534e-8,-1.5828907794717222e-6,-6.026586819502523e-6,5.056689178174703e-6,6.76677425862721e-6,-1.3039225840819414e-6,-8.00006304225793e-7,5.003963610721866e-6,-2.399157161484374e-6,-5.342482734630369e-6,-5.02353476801148e-6,-3.959267172658578e-6,-1.1154077145626776e-6,4.96909011301582e-6,1.0413267934127244e-5,1.0181233712459109e-5,3.7409028382669195e-6,-5.207557623310662e-6,-9.870645522706364e-6,-2.678200680475787e-6,-1.0050678978595693e-6,-2.784832420381686e-6,7.302492123119783e-7,1.7372518553175482e-6,-2.4674495479919642e-6,-3.760243612148119e-6,-5.585627472292079e-6,-6.720897859845777e-6,4.844559143842977e-6,5.172322079647153e-6,2.3929519783888862e-6,5.961331745482276e-7,2.917887704702855e-6,-7.402861930223795e-6,1.0027461357526158e-6,-2.998300167059822e-6,1.6165742695619703e-7,1.9680816652936622e-6,3.0980608078211164e-7,7.172848133944424e-6,-2.0561343819229934e-6,4.203649142338778e-6,1.8991634379497581e-6,5.772973469877733e-6,-1.013281657690312e-6,-2.4566569361759272e-6,-2.3268176005674136e-7,4.0719606317196936e-6,-4.26493251228365e-6,3.360047441646833e-7
0.0002332273816972892,2.4461489719573665e-5,5.323246372681675e-6,5.772467045777558e-6,-1.679952383980257e-6,-7.574671231991862e-6,7.303491641175223e-7,3.3650575712714153e-6,3.999280997949216e-6,-4.039631461951775e-6,-3.708720996422997e-6,9.340020674905821e-7,-4.140335853512738e-6,-9.890721558843004e-7,-9.5495847582205e-7,-2.393972769329612e-6,1.402720466104591e-6,-3.747633232721015e-6,-2.0202733441144623e-6,3.679591605803357e-6,-2.0545855489265095e-6,-1.7362112620457224e-6,-1.646656236289511e-7,1.4880423833123598e-6,1.326373448044903e-5,-1.9996398692875084e-6,7.323143811232827e-7,6.168460361402094e-6,-7.317683376784868e-6,3.7967120479677476e-6,7.626247850605848e-7,3.564030024214786e-7,-6.756101301129763e-6,1.0588076558171162e-6,-4.219167547057231e-6,-8.447673935079047e-6,-1.0691069033159275e-5,-6.076759508083139e-6,-8.890488849444806e-7,1.5162286869145204e-6,-1.2803643426969347e-7,1.2041054057165869e-5,3.989918552667667e-6,9.434541302361583e-7,-2.1042616240371378e-6,-5.998495070128543e-6,-1.0461567785279645e-6,3.440896839618874e-6,-2.1247340958852166e-6,-1.5461584236239628e-6,-3.058660103472813e-6,-3.5704218772005643e-7,-7.3293902025951485e-6,-4.8454985087919586e-6,-1.3498980803399366e-6,8.239309433427506e-7,-4.376451752423661e-6,4.667041286349519e-6,-1.7081611223508444e-6,-9.859370297229833e-6,-5.352053255020563e-6,-1.5226738149787088e-6,3.941688801994362e-7,-8.905500999104404e-6,3.4219181852095615e-6,2.735683286462192e-6,1.6151072178238925e-6,1.2529773403808767e-6,2.9960511174985894e-6,1.4460666124895681e-6,-6.607667726953653e-6,-9.894400609594235e-8,-5.9094701244709465e-6,3.950287403652209e-6,-6.74352133995253e-6,-4.898253494967496e-7,-2.634860119647314e-6,-9.276431566321702e-7,-1.3085452812501389e-6,1.9518305700316043e-6,1.0708228728752967e-5,1.7216266301784095e-6,-2.0135766686824474e-6,3.6733595775308403e-6,-2.728348939340619e-6,-8.852085987347778e-7,2.75341248489413e-6,5.1503662921665715e-6,-2.3133486295734977e-6,4.125615495641272e-6,3.826305984255546e-6,8.559023234634401e-7,-1.0177471217621693e-6,-1.6797670100626368e-6,2.848760058614665e-7,8.564207800674128e-7,4.3804368604629915e-6,-1.546767119415122e-6,3.787490640284783e-7,2.6949912223562187e-7,-1.4978881911289607e-6,-4.104865894957696e-6,6.341213299243005e-7,6.117912389021923e-6,-1.2232284938572e-6,-8.803009432993685e-6,-9.996876261281124e-7,-2.7017428872783343e-6,3.665697875255854e-7,5.492267286955378e-6,5.398816122774982e-6,3.2862076784183996e-6,-3.6254795375350475e-6,-2.795174913580841e-6,3.602794775708467e-6,-5.174933141915746e-6,-5.394140199893096e-6,-4.338551015721041e-6,-4.1034266979458075e-7,-4.700116657738113e-6,5.748580436876714e-6,7.585788987220159e-6,-1.601829926396788e-6,-6.786613095464877e-7,4.772044689252763e-7,-2.199433354209807e-6,2.4117015744821783e-6,5.816055600806164e-6,1.2090847688292337e-7,5.222035188862108e-6,7.454861870354584e-7,-4.1969875972786395e-6,-6.736085911096231e-6,4.693060523849834e-6,2.5935870980004765e-6,-1.177232416764443e-6,5.992249628385646e-6,1.1121622032222565e-5,-6.351687144123972e-6,5.1787354494914166e-6,1.1689538171404585e-5,-5.10519997236755e-6,-8.775769912067373e-6,-5.345793674091187e-6,-2.9055500501739755e-6,-4.0991935282787805e-6,4.05738094871167e-6,1.9524762616528863e-6,-2.8013058797436433e-6,-2.444527932702353e-6,3.919675513573879e-6,1.7536354385235786e-6,8.927384067323343e-7,-3.7744422015926176e-7,-1.0171037585476577e-5,2.0942511633327493e-6,1.6107792540195837e-7,-2.0930625873453377e-6,-2.8030131829451116e-6,1.548360368874487e-6,-1.3968939856239116e-6,-7.920151694947961e-6,-3.719411005695086e-6,1.53488458501746e-7,-2.084673235186986e-6,-5.6468124512196325e-6,-7.429585176003978e-6,-1.9918524874187295e-6,-1.3531817945033362e-7,-2.924112287213329e-6,-4.1339932124689014e-6,7.257950942108533e-6,-7.881285348654135e-7,2.0456499508332903e-6,1.160018897359828e-6,8.314999047485334e-6,1.1300984984601942e-5,4.889423704590459e-6,3.576188971178263e-6,2.8251835887477586e-7,6.543009319540899e-6,9.028407141177814e-6,-1.0242250767371097e-6,-3.311126613443043e-6,-6.053954823567879e-7,-7.408955732564835e-6,-5.598772735528957e-6,3.645575724766658e-6,-4.727964524497202e-6,-2.0383951380651336e-6,-3.49153693445388e-6,2.2720486986878736e-6,-3.3257513300406443e-6,-1.467542315474241e-6,6.333497793713051e-7,5.753812629154399e-6,-4.98966269128116e-6,-2.5629809474249245e-6,6.368452775947872e-6,-5.457706984606459e-8,-1.5839417087065556e-6,5.492590948797081e-6,-3.6525217804528305e-7,-4.9077898147764916e-6,6.123631994339586e-6,1.0566801717887301e-6,-1.1597146883658073e-5,-3.8135684078290175e-6,-5.7629907065601e-6,-5.81914416097446e-6,5.06205663501803e-6,2.7539698020791368e-6,-1.2418001586787642e-5,-2.9359516973268467e-6,-8.481400065594633e-6,-5.170829845902193e-6,6.783882534402075e-7,4.630849448769199e-6,-1.2149006632871465e-6,3.123782661137319e-6,-9.56442990070667e-7,7.205704447744151e-6,1.0882130086187606e-5,-1.8030266957025493e-6,6.119548004057031e-6,-1.2534621495583454e-6,-6.9246422974946556e-6,-4.851719689298199e-6,2.450674480026316e-6,-3.4594723723476615e-6,-3.802125933196903e-6,-6.282390932255683e-6,9.739206017976302e-6,-4.918178966316795e-7,-1.1022153162505471e-6,4.6085141977358e-6,-9.635920895071967e-6,-6.8089106877859175e-6,-6.941673642467136e-6,-8.376290268545981e-6,9.491644557976623e-6,-3.983224342067724e-6,6.948014543139529e-6,2.696065496916076e-6,2.0847529454953925e-6,1.8017288192386071e-6,-6.931706053040017e-7,-1.9305213877611605e-6,1.5716210072517358e-5,3.141279556144965e-6,-3.0961791858228238e-6,1.1165034700055645e-6,-4.8261407660289864e-6,-6.715408579980449e-6,-4.8880779291147166e-8,-8.154722317679374e-7,-7.639597870717268e-6,-2.3358100753855295e-6,-9.97703044063434e-7,3.6580439658932544e-6,1.6550724095473995e-6,6.175676933948496e-6,7.111630458386304e-6,-3.7236981430663716e-6,3.3902534747348794e-6,1.2477730039981713e-6,1.2920459783902677e-6,1.953625785613079e-6,-3.888954872270773e-6,2.2325355907398146e-6,5.803820712656533e-6,-9.386508193061319e-7,8.296094053572624e-7,1.502224579360047e-5,-4.909332534403977e-6,-1.5457889928035846e-6,-2.1249062625442282e-6,-1.2586936989005356e-5,-4.060467983077612e-6,6.064302479821469e-6,-6.261141606015767e-6,-3.837710677933811e-8,1.4790708163925157e-6,2.931127578112568e-7,4.369262638676062e-6,-1.197190188567761e-5,-1.2345742752687949e-6,-3.4162378788285346e-6,-2.1505525848591008e-6,-1.1081725840630744e-6,-6.62870681720927e-6,-8.619382272915239e-6,-5.122921579456166e-6,-9.590542659887872e-6,-6.474314463273955e-6,-2.3684602790085727e-6,-1.2456454096551904e-6,1.6002423699784992e-6,7.75672739250302e-7,3.796473250984069e-6,-7.257070265918734e-6,-8.552817771586574e-7,1.8623114322690758e-6,-4.63446048746753e-6,-1.24497021922487e-6,9.35344296564946e-6,-9.854311008213707e-7,2.8336057009511187e-6,2.329869574905773e-6,-1.4155599812483687e-6,2.3505114730266343e-6,1.943549146064499e-6,-1.6081685593778016e-6,-5.407680136646411e-6,-2.562376986497743e-6,1.09899850800883e-6,-5.7796355249748665e-6,-1.3355309669952555e-5,-1.091010608222477e-5,-1.017886245405124e-6,7.346260734002464e-6,4.782857844004129e-6,-4.122583937528038e-6,-7.895587841426549e-8,7.263802878962162e-7,3.2409210406882997e-6,-8.89746332020505e-7,3.1095646184791995e-7,3.7288400982872756e-6,1.4170358769834536e-6,8.329745891236925e-7,1.0663703003683568e-5,-1.2747444210458215e-6,-7.382145362733213e-6,9.584219465865292e-7,-2.716438624370856e-6,3.873885958933949e-6,2.599107461725534e-6,8.309470230234779e-6,1.7982857197256806e-6,3.775629809972184e-6,-9.201641754310372e-6,-3.3878491351724983e-6,-4.0685265259291355e-6,3.6853274366485864e-6,-6.101453863610872e-6,5.708091057045271e-6,3.935051534246769e-7,2.2884525671035356e-6,4.330558174920154e-6,3.6859541636665842e-6,5.140851692751981e-7,-9.110482511163651e-7,9.170910611568684e-6,9.355532453868754e-7,-3.4006407439754294e-6,2.6765605999475773e-6,6.050123424933403e-6,3.3174791770288167e-6,-3.7751872686463398e-6,9.15940483377589e-7,-4.816846343719535e-6,-1.1548242209210536e-6,-5.593331756631466e-6,-7.4054550337265505e-6,-8.122509756660395e-6,-4.721445331850019e-6,-1.3454819935192904e-6,2.499199234979664e-6,7.033497562333411e-6,9.751554081796947e-7,3.738098433112941e-6,9.995931163629557e-6,2.0235874525812804e-6,-3.5007987962375583e-6,9.268635104975164e-6,-5.154129252829674e-6,-8.453138018476571e-7,6.199513973232053e-6,3.842561801508943e-6,2.385852756247003e-6,6.243928464351748e-6,3.760522856553516e-7,-9.156261444726252e-6,-4.532723194636806e-6,-2.8794221294797112e-6,3.9925832642518246e-6,1.8997310256946886e-6,-3.0438192426493783e-6,-2.091233925177915e-6,-3.504631439364314e-6,5.048032217172965e-6,-6.449203341178866e-6,4.8603995138233045e-6,-2.280155730507398e-6,2.7470437041716506e-6,2.898505935471971e-6,1.0759480097434623e-6,3.4890565865780196e-6,5.905107476805615e-6,8.99584579297335e-6,6.5821553511775514e-6,3.5937891149375705e-6,-1.4777895196601587e-6,-6.967384566074384e-6,2.6937087056405593e-7,-7.67776553864821e-7,-5.6116552061139026e-6,4.8465558455067766e-6,-5.619883216179396e-6,4.392979358415106e-9,-8.056450290712771e-7,-2.884615155512293e-6,-6.273710891414998e-6,-4.40797149720695e-6,-2.4224126083248023e-6,8.445786300928734e-8,3.5634802457137283e-6,-4.3909395036260704e-6,1.1083013921787431e-5,5.629842487273632e-6,1.8597417721308175e-6,-6.487662490338792e-7,2.103814237019548e-6,1.8984003059403328e-6,2.8329636700011866e-6,-1.914565667762179e-6,-3.3436931797892295e-6,1.6477321875796084e-6,4.186161746098821e-6,-1.5706959003769885e-6,-1.525974416880207e-5,1.7653459121751734e-6,1.4159529491158607e-6,-5.263502094573849e-6,7.4570437714299255e-6,4.1359656171774195e-6,-6.941603516422732e-6,-1.3263438311141912e-6,5.1866759342589e-6,1.3848203212203524e-6,1.6602581716222143e-6,-3.950670985016941e-6,-5.1170857846315695e-8,-9.208387191573834e-7,-2.723039204785185e-6,9.044157440377421e-6,2.219635877440927e-6,-4.68331478891604e-6,-3.64651498062724e-6,-3.3346311447571044e-6,-1.2347922799433149e-5,-5.72590375229166e-6,-9.926824780670835e-6,-9.466932003888137e-6,-1.1723898339102851e-7,-5.520655876466075e-7,4.577755651835624e-6,-1.0089857560133112e-5,3.145496805578356e-6,1.4921419760473862e-5,1.1183855157514663e-6,-4.9405443616580665e-6,4.272864704266522e-6,2.929267061645111e-7,1.6523153011409952e-6,1.9369695366308937e-6,-5.776237724414339e-6,-8.702965237764066e-6,-5.62309526873216e-6,-1.2048227204692414e-6,-1.9904837801073083e-6,-1.1895837606552143e-6,9.480507727415776e-7,-4.099690585620423e-9,-1.8765104267136164e-6,1.2171859239211488e-6,-3.7796220683070755e-6,-7.756539638323778e-6,-7.706153930863174e-6,5.441983408166139e-6,-1.8895663720844336e-6,9.999667178158575e-7,8.822651105543687e-6,2.451562973581621e-6,-2.159056898220544e-6,9.438856930852051e-6,2.754301028428669e-6,-5.1094675983451045e-6,-7.535627294614008e-6,-5.760552223870444e-7,-6.710962567003538e-6,-1.0799447358497189e-6,3.4807345410583252e-6,-6.1554589398699435e-6,-7.373160814732911e-6,1.2064166989372034e-6,-1.7796151583804186e-6,-8.837255892165566e-6,3.404806200912493e-6,3.6163541365258146e-6
0.00023348355324074089,2.861276194428387e-5,9.7137299185413e-6,-2.896818173899734e-6,-6.89991928656068e-6,8.483316179039944e-7,-2.204344081080071e-6,-1.7509191927597938e-6,-3.042488525395451e-6,-1.378653408056046e-6,-3.871850134914641e-6,-2.76067678960263e-6,3.219254107989966e-6,-2.191275380822856e-6,2.36591532353558e-6,-2.715562653505924e-6,-1.6362273894359116e-6,-4.6252833441787e-6,-3.988519607182523e-6,-4.505596521993095e-6,-1.169721040896606e-6,4.603108781783973e-6,-1.5712017126095348e-6,6.071120089935475e-7,-2.51620874048263e-7,7.2037531273381875e-6,-7.497986250290172e-7,-3.823835932702824e-6,-5.4472483280722435e-6,6.4387953762877805e-6,-2.26467186582352e-6,-3.625176655028535e-6,-2.6595737951566908e-6,-3.3817909732152715e-6,8.011808710734533e-6,-4.974160970602316e-6,7.182185246093149e-7,2.7332455530900594e-6,-5.403143212791322e-7,2.8156942592639618e-6,3.245463996082396e-6,7.758892629439171e-6,2.246830658810292e-6,1.7767204870532387e-6,-3.8225407117034696e-6,1.4586765718111259e-6,-5.5452630796705635e-6,1.1001343302308683e-5,-2.07362264368624e-6,2.473786328551979e-6,4.099142214466807e-6,-6.232360043419714e-6,-3.513606689669813e-6,-3.5384147765577717e-6,1.6415519046276289e-6,-4.94731401697688e-6,-1.690190709784882e-7,-5.056132152980015e-7,-1.3316996085811097e-6,4.4228778461822696e-6,4.153205408784597e-6,-4.1779675567251365e-6,-2.834936364549145e-6,-1.2568081911666263e-5,5.287028483577739e-6,5.1196601096090975e-6,-7.213781285425848e-7,3.918018716018307e-6,3.084380013488805e-6,-3.3521301989699676e-6,-1.7690162572873762e-6,-7.82677861430522e-6,8.453339147780183e-7,-2.880250432616876e-7,-2.0414020478779822e-6,-4.777387933331738e-6,-3.835037852092505e-6,-3.0878253741471985e-6,-6.763616623371412e-6,-4.719525198630104e-6,2.312819229622627e-6,7.405312238239634e-6,1.332471619465695e-6,1.9745942745125815e-6,1.5633876399012925e-6,-1.4677062465653153e-7,5.72048124782646e-6,6.824113660996835e-6,2.113572825774353e-6,6.726121699476571e-7,-2.4841501289876898e-6,3.3489588910573353e-6,-2.317863166614757e-6,5.0014516935879e-6,-3.2630767674756296e-7,5.3982513653477055e-6,-7.096518062303883e-6,-1.2731171444725053e-6,-4.7831686659891925e-6,1.931535166031082e-8,3.7759430006992425e-6,5.615136848107994e-6,7.520511913461174e-6,-2.394709416461279e-6,-5.8072490047793884e-6,-1.125757116203056e-6,-7.479395847677102e-8,6.371396724443517e-6,-2.9416695450643547e-6,-1.3454102356170366e-6,-9.467806819906125e-6,1.471078658849515e-6,-3.779074039540881e-6,3.121472814260116e-6,-2.5539519035616656e-6,-2.6774093263096136e-6,1.371478098225241e-6,-7.2703574940308354e-6,-3.2745288956250396e-6,-4.507263246141328e-6,-1.5125535959464783e-6,2.165935847487327e-9,-1.3368721468382457e-6,-7.652294118711465e-7,3.0718747542051873e-6,-1.7029965430068238e-6,3.869497746208139e-7,2.2667846006123515e-6,9.07737815078793e-6,5.851985064351448e-7,-1.9453005749189257e-6,7.298895579361552e-7,2.098542857839952e-6,-5.993888828989259e-6,-6.817278801964254e-7,-4.301483915177287e-6,-7.766852050546655e-7,-7.771207854590487e-6,3.649158434267557e-6,3.908983700744417e-6,3.651339154495907e-6,-7.6238263380673e-6,1.1608876481609124e-6,-4.6665233145324786e-7,-7.916252117328388e-7,-5.923398868558419e-7,-7.1349773756926155e-6,2.704018835907855e-6,7.724019944240725e-6,-2.8039871296476803e-6,-2.79280059758337e-6,-8.117180884982235e-6,3.916384763653266e-6,-7.285818781906282e-7,-2.7177214125468263e-6,1.2654385264073178e-6,-8.633445302665662e-6,2.064788921137906e-6,4.558265283139826e-6,-1.441483060494685e-6,-6.472374062903942e-6,4.353695363756279e-7,7.070599206885518e-6,-9.358103399518827e-7,6.114421098110108e-6,7.907904910844117e-6,-2.400806498862401e-6,1.2671615501123248e-6,2.745048009411605e-7,5.296025077863923e-6,-4.643400631441073e-6,3.82570171261345e-6,2.010505802076387e-6,2.8258981819701072e-6,-5.1833901237139e-6,2.7614073441440993e-6,-8.614506085685017e-7,-4.628093568018468e-6,6.76463286708078e-7,-9.87796745845091e-7,-3.7324642997601986e-6,-9.902483788477421e-8,-8.308641185353944e-6,-1.4338170121570576e-7,-1.7803075681501002e-6,-1.3749865094125606e-6,-3.831062438978523e-6,-1.4932763793063518e-6,5.038006684461663e-6,-1.0922747575504345e-6,1.58623788834944e-6,-6.644047114894264e-6,1.0380048781738417e-5,5.037376099001907e-6,-1.8446027161012168e-6,-2.406466470961886e-6,2.3803330443163917e-6,-8.096631648140436e-6,-3.12330481692479e-6,3.1772598459271627e-6,2.0526697321189075e-6,7.496412574044259e-9,-4.793051744538953e-7,-7.889340334464019e-6,1.1398624969586162e-6,4.788093855276166e-6,2.80350509195351e-6,-5.78686027329887e-7,7.083780220772613e-6,5.435325433055278e-6,6.287147394022244e-6,3.054452643379117e-7,2.5379046135011555e-6,4.357115890582903e-6,5.532387370276877e-6,2.2783323719929387e-6,-6.040496107938869e-6,-4.222018646781357e-6,-6.602032627443306e-6,-5.976218307451851e-7,4.783466238476751e-7,-5.137382193760195e-6,4.084571094097193e-6,-8.531321082029309e-7,3.683379001175227e-7,6.316480516975309e-6,7.48120807960969e-7,1.605509256076788e-6,4.013469026871011e-6,5.365970625117242e-6,1.0357733072704234e-5,4.330008502447103e-6,-4.850730162217346e-6,-5.520378720347477e-6,4.783386787448731e-6,4.266411681468553e-6,-3.478136839909687e-6,-2.125660167395314e-6,-6.096629783686244e-6,2.621355425089085e-7,-1.3659192188737639e-5,2.157880899242562e-7,2.469575835985354e-7,1.4622425272352313e-5,5.798885483190243e-6,3.4180572920944107e-6,6.228794694420152e-6,4.7222633757698855e-6,-6.2701432728521115e-6,-7.271553059322732e-6,-1.5875192365397757e-6,6.534143587350548e-6,4.113398293338952e-6,-5.318784799056516e-6,-5.857437992903017e-6,-2.3906482577023e-6,3.5974191424474293e-6,-8.744881738126851e-7,7.053319140207719e-7,5.235561876062207e-6,3.3355584167803535e-6,-1.801046773293915e-6,-3.941337774155922e-6,-5.0957914648403684e-6,1.6199906586112593e-7,-4.4828080680186006e-6,-4.555079986660965e-6,3.901071541737852e-6,-4.601711631581474e-6,-5.647852403578776e-6,-1.3173372536400276e-6,-6.7389415806096855e-6,-4.937478303589482e-6,-3.8370236396261765e-6,-8.631167287096303e-6,4.048428673142958e-6,-9.453990812124586e-6,-7.621524764075622e-6,3.5842194273680877e-6,-5.211285014483638e-6,-3.701772762345682e-6,-1.088534402226966e-6,-8.490939235937182e-6,-4.289984432600651e-6,-6.9934881820573235e-6,-2.6033998548668506e-6,-1.8930123692906649e-6,-1.4067438894851094e-6,-9.89571103028779e-7,-2.8199632331642702e-6,-2.7028715519995427e-6,4.103730692848138e-6,4.797512064845224e-6,1.1101867333989593e-5,7.5378671034664035e-6,4.836048455390391e-6,7.298048411251786e-6,3.0743523426422894e-7,-6.754698100369607e-6,-2.90275855031874e-6,1.7252222035897183e-6,5.747762889776266e-6,-1.0780018659552344e-6,-3.5150247544877407e-6,-1.46253080534334e-6,-3.520391499427022e-6,1.752380894038304e-6,2.183140100481032e-6,-1.2170784951820464e-6,5.128377436489594e-6,-4.9452971658932976e-6,9.058053452720608e-6,6.65109009078348e-6,-6.990838674721762e-6,-5.787643494780903e-6,-4.7480568367817225e-6,3.738258326638308e-6,-1.751456596515395e-7,-1.387137675874326e-7,8.212604164013264e-6,1.1371412955087454e-6,-3.767343800460643e-6,1.6295198300343465e-6,-1.278167953531464e-6,-2.4807341268258268e-6,6.760000227268681e-6,4.103042133214375e-6,8.83097692158212e-6,7.273415388518349e-6,-6.3275052883460135e-6,4.287407711871333e-6,1.585271572965936e-6,1.0573848484399515e-5,3.6664898871950685e-6,5.76482779935671e-6,1.8159821702235292e-6,-7.042512658474975e-6,-2.2520436501247844e-6,-2.8998038916262805e-6,-5.985916303180398e-6,2.260511641500183e-6,-2.624963102613089e-6,-1.1658945182439088e-6,1.1914165764761719e-5,3.131811878528666e-7,5.467942672527979e-6,-7.836749479417397e-6,-2.090813438881564e-6,-9.533720016496947e-7,-4.024544461627083e-6,4.6685734953703564e-6,-3.739178260713066e-6,3.1945333159650423e-6,8.573745866370019e-6,-3.3739326296482204e-7,3.438552150331658e-6,5.343564965968759e-6,7.016308918815137e-6,-3.6333842878071962e-6,-1.4182808598727924e-6,-9.036738657587694e-6,-1.1659410931124068e-6,-6.346789971878545e-7,-3.122770853372591e-7,2.005818835938588e-6,4.95054162329776e-6,3.6924071197278542e-6,6.6059759821232275e-6,2.893342769388581e-6,-1.8812207991343511e-6,-1.1594555226808983e-7,-7.4601828575042405e-6,-3.2756136643330026e-6,1.4488622881079419e-6,1.0420259918081395e-5,2.3191994315087016e-6,-1.2126315252203023e-7,5.397683316142159e-6,2.621078872878651e-6,-3.141797264031123e-6,-4.110319748582348e-6,-4.92926933468466e-6,-9.795953158880524e-7,-7.088373933257089e-6,6.856274595591142e-6,-3.68637529345613e-6,3.101068836404052e-6,3.829600219722003e-8,-8.663083626018946e-6,4.068827531492891e-6,4.11405501250657e-6,6.343702057320487e-6,5.35103785119371e-6,6.515319260927343e-6,-5.575272633286896e-7,7.280575486010285e-6,2.988748412048711e-7,-6.6710994365963066e-6,-5.747840132505292e-7,3.1649182993033945e-6,5.639116730507788e-6,-4.8207564712895995e-6,3.093918355747758e-6,-2.60838241115137e-6,-2.6326424036303786e-6,-1.0194111268562729e-5,-3.222368688518499e-6,7.861284230752647e-6,-6.528207012301058e-6,2.3638063982415025e-6,4.675142806906783e-7,3.2678133373058656e-6,-5.178649656482449e-6,2.5618134821140604e-6,4.225973992641242e-6,7.1295224156323116e-6,2.7304300438674333e-6,-4.749312533060831e-6,4.93058244267071e-6,-3.3481780673057447e-6,4.284167212679174e-6,2.083945385568641e-6,4.018404606997622e-6,1.3642415496349692e-6,-3.435808471978758e-6,-4.779661865052796e-6,-4.24403981224764e-7,-2.2522283344834854e-6,-7.581048417744394e-6,-5.172882746181468e-6,-7.982686054172569e-7,3.982209000702659e-7,-1.5401918544095758e-6,-2.106552345387848e-6,-7.99423296409462e-6,-3.755156894561033e-6,-2.840307327228155e-6,-1.165103280073706e-5,2.0686671499955915e-6,4.266405395703038e-6,9.123044590150439e-6,-5.233502954321274e-6,-6.513064024744598e-6,6.359606690840748e-6,-2.8531871782790045e-6,-6.6315960793645274e-6,-1.3820181097538504e-5,-5.488639865656915e-6,-7.431703619191883e-6,4.5068227299728796e-6,2.924872496988944e-7,2.53064285795654e-6,-2.5002619503162565e-6,-1.1860552712217737e-5,-4.369211056106786e-7,1.865326210608554e-6,5.009988537523636e-6,6.5747138140700185e-6,1.551725739080015e-5,-5.954932813709762e-6,6.383947945980238e-7,-4.839100560861038e-6,-1.2243452709902666e-5,-1.5151051934372331e-6,4.210861548454967e-6,-1.7472789100653672e-6,-4.280836881473671e-6,-5.3838390593118576e-6,-1.5810769418661505e-7,-2.377973318463496e-6,1.0317432105654763e-5,1.8575054293283853e-6,-2.5415802106731854e-7,4.60224909397327e-6,-8.537519575762591e-8,-2.3673720719497666e-6,-1.640840879736316e-7,1.5773480771665995e-6,-5.183025012621587e-6,4.771424286408624e-6,5.54553551340376e-6,6.978543177439702e-6,7.9089069616698e-6,7.84736174997093e-6,-2.2908323068710377e-6,-4.589699867458187e-6,-3.4993884243072386e-6,6.427081225602252e-6,-4.348214149228842e-6,-2.189880979170872e-6,-2.073924620003736e-6,2.7596354145062726e-6,2.503847354121508e-7,-1.6282292388003865e-5,-4.395366592641052e-6,-8.442059180992338e-6,-1.5395148851602232e-6,1.7860500101506934e-6,-2.5881619205447248e-6,2.5429291502977614e-7,8.3152259355712e-7
0.00023846725727599366,2.860022612409885e-5,8.188714992899981e-6,-3.973070167502985e-6,3.863328015362754e-6,6.809723823792931e-6,6.848363640131191e-6,2.87707595185549e-6,-1.6210320048653992e-7,5.066008947495998e-6,5.8225334515870235e-6,-4.598343817881469e-8,-7.687268378475102e-7,7.016639781772155e-6,-3.1811813103369166e-6,-9.834057463451106e-6,4.184116736872947e-6,2.3179162257707307e-6,7.306824383195926e-7,-3.0286001127740383e-6,-8.428430038446074e-6,-9.93943539705604e-6,-2.033942950106971e-6,1.0806057478050638e-6,1.1909806699290003e-5,2.327554569798593e-6,6.415121313185873e-6,9.352999663985308e-6,3.9574013821701343e-7,-4.223660264003105e-6,-4.531968184304427e-6,-3.682500272805531e-6,4.023792329969839e-6,-3.4266955421444325e-6,-8.900997443021489e-8,5.866174042509952e-6,-1.477473769219254e-6,7.702872958576973e-6,-1.6758654257630549e-6,-1.7711285966924027e-6,-1.0147210039695692e-5,3.4578603771387077e-6,-3.1403554646935995e-6,-3.518505983458986e-6,-2.887166658998903e-6,-7.437381009759849e-6,2.554742003417485e-6,-4.137872303486606e-7,5.4213722014963526e-6,-7.920665293477595e-6,2.4052289797936144e-6,-6.838301197030817e-6,-6.089181637000186e-6,-3.6069546335066333e-6,-4.12854791559962e-7,-5.791089003098539e-6,8.955112804206439e-7,-6.797477326862718e-6,3.3965736625445373e-6,-2.8187428631951364e-6,-4.397001172675456e-6,-2.513557667684173e-6,-5.479334390798676e-7,-2.447509761605379e-6,-5.302246212531524e-6,2.5551189268170854e-6,1.0548896397543858e-6,1.4986720083234334e-7,-9.36750607555603e-6,2.1421033097910654e-8,-2.055520189709012e-6,1.344927154079259e-5,-1.0315066252298288e-6,-3.440388007604643e-7,9.142515690271181e-7,-9.325916299508326e-8,-4.478732628941415e-6,-9.173522667153969e-7,7.53431782192267e-6,4.161671902690708e-6,5.019999018056978e-6,-4.589815362620152e-6,-6.211279463035938e-6,8.526391985087883e-6,8.977435776554011e-6,-1.7630603611751054e-6,-5.62835181564792e-6,-4.7899712122462715e-6,9.512938191009494e-7,-3.740631037727143e-6,1.5690367398560753e-6,-2.3728503275272256e-6,-9.506822669532099e-7,-3.6665256738184755e-6,-3.0392427980883516e-6,-5.835274770150272e-6,-4.5883394059809635e-6,-3.580670419352791e-6,-4.83205367554652e-6,-3.1323980427268366e-6,-1.7562829790782493e-6,-2.791430364978658e-6,2.28160589983659e-6,3.1062322334527564e-6,4.706798836115589e-6,4.356717692050975e-6,-4.8925946980432914e-6,2.788851779408002e-7,-2.696560155971794e-7,3.943809530510461e-6,6.333196255667794e-7,-2.456953291071003e-6,-8.051381405686263e-7,1.7386388495909081e-6,2.671586570942243e-6,1.453918710258349e-5,7.35732390469884e-6,8.614787218005878e-6,-5.4513273488549725e-6,-1.775413516071584e-8,-1.1850843654157304e-6,7.495866644511718e-6,3.4952285583291325e-6,5.477291228768759e-7,2.0283753194927064e-7,1.0839015789664073e-5,3.7518127867364204e-6,8.1930912608026e-7,3.2963552919916406e-6,-4.051899248383356e-6,-5.504499257874571e-6,-4.798374989483161e-6,7.078545410950373e-7,2.195505764783435e-7,3.4991345056496122e-6,-4.790636753963154e-6,-4.682564397718933e-6,-6.71551457835479e-7,3.0617426404902092e-6,5.8810176931247805e-6,-6.197616235509925e-6,-3.017426504164664e-7,-7.578008968077263e-7,1.7089848203347216e-6,3.889824290494286e-7,3.2316061515195057e-6,-5.536172299660313e-6,-1.2121882831937167e-5,-8.896644155935297e-6,-1.8742363132763927e-6,9.44315340740022e-6,8.458513674289842e-6,7.869114048962808e-6,3.5102325941746715e-6,2.4120286378214614e-6,9.393326147479426e-7,-6.112081565723537e-6,-2.1308108116845313e-6,4.326871309924799e-6,6.837247682149218e-6,2.7579655548156935e-6,-1.3671438444594392e-6,-8.717099633585612e-6,5.046184862003906e-6,3.7422450049645686e-6,1.539300578577194e-6,-8.301613813903079e-6,-1.2706124962890356e-6,5.7014215616906e-6,6.736176829666877e-6,-1.6885123337002912e-6,1.4706539167825514e-7,-1.1145901884273436e-5,-6.730499711044483e-6,-6.485148730734104e-6,-4.908246675240912e-6,4.8673191845071314e-6,5.160211962830176e-6,1.3234440083138328e-6,-8.738128640843324e-8,3.4654411228223706e-7,3.1404838898925694e-7,8.027620557264266e-6,4.666152584577345e-6,-9.507439534708105e-7,-2.1771272832678503e-6,9.398101812176435e-6,6.297300995764551e-6,2.9855438940314146e-6,-1.2788326336933395e-6,2.124149901717428e-6,-3.6953130919817187e-7,3.8074944825065186e-6,6.118296790211157e-6,-4.073908562948334e-6,4.828968133806609e-6,-3.071002444776159e-6,-3.986470497829784e-6,-1.24442197493606e-5,-1.63603421384185e-6,-6.213012957406551e-7,5.764182165340173e-7,1.6805111726109728e-6,1.034425799448653e-5,5.074204409482245e-7,5.124645105002463e-6,8.044833841869627e-6,-3.134049620538e-6,1.1641444483075332e-6,-5.2427461421673725e-6,-6.748069378608462e-6,1.3643596951141953e-6,-2.5930867505116653e-6,1.7836873322314958e-6,9.513306779510118e-7,7.0509155530656845e-6,5.196634207856262e-6,1.561125862222793e-6,8.42678948281224e-8,-4.465191815662957e-7,-8.133957699054212e-6,-1.1891680228183027e-6,-5.626316311572354e-6,-7.630623933449221e-6,2.871211109816507e-6,3.1065880922041638e-6,-8.654528539791718e-6,-5.36403466900559e-7,4.927460669310526e-7,2.8645127854376886e-6,9.91347159723179e-6,8.507615964664848e-6,-6.920832897168579e-6,-7.40196331923089e-6,-3.995132247932931e-6,-8.781612178854406e-7,9.11824084836371e-6,-6.099188464071945e-6,-2.377552474897449e-6,-4.2683665690040215e-6,3.3421563375950972e-6,-2.7916798494384797e-6,2.1386869994702154e-6,1.2033986941843952e-6,-9.304998303136086e-6,-9.716805397633668e-6,-7.377189416843668e-6,2.4974900100112048e-6,-4.906637482163909e-6,-4.088356410099566e-6,-7.41880741825808e-6,-2.8765272854330635e-6,-4.1635532596189087e-7,5.392368379716246e-6,-1.018196767971393e-6,-6.138200219868221e-6,9.122853441868696e-7,-1.0573836966082442e-6,-6.00098029380417e-6,-1.9039842669046138e-6,-2.010496075611696e-6,-4.823829749359884e-6,8.7741645664254e-6,-1.0491486156380266e-5,-9.71414103084963e-6,-6.128191981730569e-6,5.405438384272776e-6,4.7449011056414823e-7,1.4090997008993831e-6,-2.516538919653323e-6,-1.338967899055776e-6,-1.5373792979237558e-6,-6.2192751117602e-6,-5.030040981348102e-6,4.695908209705611e-6,-7.3558583031382995e-6,-2.025237050485458e-6,-1.972335186224857e-6,-4.46502770733344e-6,-1.945963662107778e-6,-5.502595362017806e-6,1.2774166703368326e-6,3.0941869188774386e-6,-8.58209197042466e-6,1.2027060502479907e-5,-7.067655974718098e-7,4.141044720418899e-6,2.932928195318404e-6,3.90533051020154e-6,-1.5996772064948883e-6,-3.7524810973428828e-6,2.4073046028628472e-6,2.9823731145826474e-6,4.641706798271174e-6,6.483801031246647e-6,5.293804235018747e-7,5.206643141840368e-6,1.0485489642129136e-5,6.518348129819596e-7,-9.108852144794308e-6,-7.481067182239034e-6,-4.574421475098913e-6,3.39842282040692e-7,1.0002141093196492e-5,4.926385884963847e-6,4.096977544349155e-6,-2.9884436154537915e-6,5.79405960605544e-6,3.3280849011619045e-6,8.210429319413361e-6,-4.566385932473795e-6,-4.2167265648986046e-6,-4.00650995518703e-6,-3.4281043649097474e-7,4.170246134910269e-6,-5.858640252040145e-6,-4.713480061539842e-6,-3.9131046657450436e-6,8.075419521093288e-6,4.146015842481016e-6,6.553010730352404e-6,-4.7989081983915454e-6,3.987224462828057e-7,1.2845019647687407e-6,-1.0063103229132085e-5,-2.1885522436686077e-7,-7.415653698800203e-6,2.771405580618624e-6,8.700971477416574e-7,1.7212651929436234e-7,3.966197874858444e-6,3.163372666100174e-6,4.8078138702393695e-6,-6.614803474662405e-7,1.9527514869414663e-6,-2.2784724766441296e-6,4.831393899841665e-6,-8.740539480410849e-6,-2.2012882329164944e-6,-1.1105229506037484e-5,8.955015729320739e-6,2.694386026192461e-6,2.551902244003342e-7,2.1587835394082247e-6,-7.955913031247709e-7,1.8687351138626484e-6,5.593290574315325e-6,1.9008769830754678e-6,-9.187614644354448e-6,-4.3374134195547336e-6,-1.03951322789372e-6,-7.0366623031485984e-6,-3.2715058959368505e-6,3.88910051442222e-6,2.8471796584998216e-7,6.718613312447627e-8,8.045455153791979e-6,-8.627523936253709e-7,-3.904568876181673e-6,-3.0501118897971957e-6,2.584965578340897e-6,-4.5115245079991225e-7,2.9185541691286935e-6,4.870393733030336e-6,5.975203850422921e-6,4.302742970780121e-6,2.9774759737004038e-6,1.1154847515326617e-9,2.840558920073863e-6,2.931375095497342e-6,1.7701935378709269e-6,7.639567984946493e-6,-5.981704380478346e-6,6.079838050976446e-6,-1.8795802914072925e-7,6.124909799169996e-6,1.34047345327314e-6,2.706351076586867e-6,-6.189600408064017e-6,9.060606006282659e-7,2.527996192077337e-6,4.039269164095326e-6,3.70841081643924e-6,5.982052233889375e-6,-2.2347173575281419e-7,-4.810694488408679e-6,-1.0957605277884744e-5,-4.034984622434266e-6,-9.806011169981163e-7,6.798243412408313e-7,-2.2936070032461537e-6,9.567386289984395e-6,3.2604441537199883e-6,5.198664218674386e-6,-7.080367083990738e-6,-5.650750372844045e-6,1.4556019850215769e-6,5.299070971060419e-6,-1.3672903121652424e-6,-8.378217942604563e-7,-7.768077852584364e-6,3.307210811661065e-6,-4.988365916534372e-6,-5.431829527222106e-6,-5.597069030364788e-6,-4.571831138635767e-6,4.825441635959346e-6,9.137724172009164e-6,3.935886516777716e-6,5.220700711644496e-6,1.05016338847057e-6,-2.6188416808220046e-6,2.5232110035904155e-6,-2.324684718451619e-6,-4.862747610864767e-6,-2.279697991823534e-6,-8.937159489750299e-6,-1.901964410153407e-6,-3.257915802513933e-7,5.67896919441269e-6,-1.1703705239725822e-6,-5.634788875400715e-6,-2.3683238603266256e-6,1.0945500061651695e-6,2.2940538891342552e-7,-1.9059340388899164e-6,-8.27998080634456e-6,-2.3681126002884992e-6,-9.036394521206907e-6,-9.325823866074744e-6,-5.18312523501076e-7,2.171195303797195e-6,5.751664911445017e-6,9.458752132852964e-6,4.326578491556838e-7,1.128067718032402e-5,6.18888464931415e-6,5.217461116606306e-6,-1.24914653467593e-6,4.451722460801214e-6,-3.5674266264219136e-6,2.4246654670035732e-6,7.62250280028412e-6,-4.237360990533162e-6,3.3022551462573268e-6,7.5766907059123446e-6,6.9120590035888555e-6,7.751615683642211e-7,2.217389779553007e-6,6.796851133865562e-6,-8.61299474682301e-6,-7.782670592719245e-6,-3.9724648911275686e-6,-7.338292427354917e-6,2.8850305320003504e-6,3.1895909639714467e-6,-4.403899398125012e-6,1.6532545511513899e-6,9.46874996605099e-7,6.312130064655991e-7,-6.328240554576862e-6,-3.0995000361896793e-6,-8.6657657897126e-6,-6.071624837056088e-6,-4.770250955292207e-6,-7.60709506003696e-6,-3.5804652248283287e-6,9.903777105639048e-6,1.414793285341321e-5,-8.0308123411515e-6,-1.709102982087974e-6,1.201444056724192e-5,2.999913514579176e-6,3.978313514608027e-6,-8.335139151408562e-6,1.2311112796764417e-6,1.0536028832635112e-6,3.490654877029879e-6,2.2014287986410467e-6,-3.7434829731581688e-6,-5.391915728302414e-6,2.950476950377564e-6,-9.041091385543944e-6,1.273942401662082e-6,1.1030636637345727e-6,-7.180009389724884e-7,1.3783768992666176e-6,3.951950561083967e-6,-1.0862624190656131e-5,5.650434286095542e-6,1.198071512869319e-5,-1.0545005785446689e-6,-1.4602291907793048e-6,1.655555286060335e-6,-5.0563706866295794e-6,-5.046211156002137e-6,3.737367402660929e-7,-2.9669284630694483e-7,5.545820913720482e-6,1.6181961754251358e-6,-1.9626702202691018e-6
0.0002473740758523811,3.59554055712636e-5,-3.4912262458742053e-6,1.1285742437245189e-6,-5.262378228245828e-6,-6.368865169394079e-6,9.45727716757971e-6,6.729408018969843e-6,1.6276965135849818e-6,1.7664550044487811e-6,2.693556723397257e-6,5.406732082692117e-6,7.607873486698382e-7,-1.5805352158117317e-6,-3.1195612986010624e-6,8.282555055994253e-6,8.863642553031963e-6,6.934182677826015e-6,7.744686517496804e-6,1.1085305315600262e-6,-6.892125845255454e-6,-8.917379969135106e-6,-3.1347832186016555e-6,-2.0535819039284695e-6,-3.344077727394397e-6,9.93527332424371e-8,2.030247471977281e-6,-5.637320144596231e-6,-7.990034795476892e-7,5.994121515050586e-6,2.821859079912865e-6,-5.829018718478231e-6,-2.3819746701646743e-6,-2.638024250962392e-7,4.15099096335742e-7,-4.81998054303212e-6,-5.230490345162062e-6,-7.365010196786751e-6,2.3124702923431205e-6,2.3859084336454907e-7,-5.6418281876340895e-6,3.658007315084587e-6,5.730393443791895e-6,-1.525075304729681e-6,-7.318405283098249e-6,7.026768149450068e-6,3.1335976178751173e-6,6.462661659595018e-7,1.2798912196886632e-5,-2.44629080489996e-6,-6.20535936405086e-6,-5.850163209267434e-7,-4.03434523510505e-6,-2.9904339798012685e-6,-4.233600082701679e-6,1.9072831908097984e-6,-1.6423180311508382e-6,3.885519167939039e-6,3.7435811605926045e-6,2.7482167810624907e-6,1.2488461975579437e-5,2.2808765687239194e-6,-3.2919152923393085e-6,-5.231269602081533e-6,1.114378740727931e-6,5.13686640949556e-6,-6.123513176312391e-6,8.339788402798923e-6,-7.236604002706129e-9,-6.613888394795191e-6,-2.7992020419399418e-6,4.982688594435634e-7,-8.464381606003242e-6,-3.568985124869259e-6,1.0514416467329755e-5,-3.087154576904887e-7,5.540493609908052e-7,-2.0877083022471017e-6,3.2360296181796117e-6,-8.376275161893358e-7,1.1008166718379332e-5,-5.7657803870804495e-6,-7.106188357689494e-6,-1.281643874060439e-6,-2.7218937424987268e-6,-6.079185347546213e-6,-8.751778850890809e-7,7.005855899912351e-6,5.6392583842258226e-6,-1.3096557372660526e-6,-4.141664514162016e-6,2.5749167876828607e-6,-3.6253118699968235e-6,4.5927305369481466e-6,3.2136456996664547e-6,-1.5038405391945252e-6,2.7713222182021177e-6,-4.267539856534313e-6,-9.68627866793322e-6,-3.1377324146919083e-6,-2.1022406194239476e-6,-4.3724451600068146e-6,7.083225599115006e-6,1.1576063887591719e-5,-1.7061732788375279e-6,4.333992814366086e-6,8.859608006324865e-6,3.691289237034614e-6,-3.9442925115367947e-7,-3.0036656900814558e-6,-7.019451978513902e-6,-5.358003394340546e-6,6.610657940733296e-6,2.0655236986555948e-6,-1.1958905702412197e-6,-4.6389384051342395e-7,-1.0087263923055182e-6,2.322070552855003e-6,5.993896847557958e-6,3.6356401864783376e-6,1.2410933112864659e-5,1.451027051244704e-5,7.80391880847981e-6,3.7383342731131293e-7,2.7615296345840964e-6,-1.1306920474562444e-6,-4.173844148717057e-6,7.297235370503116e-7,-1.504762316321013e-7,-2.932090535107396e-6,-4.9780827218435145e-6,-5.192211892700534e-6,-2.134472591487981e-6,-8.762020570918465e-6,-2.0492410793523245e-6,5.2815328746346985e-6,3.4028358588278736e-6,5.955512187765619e-6,-1.9713271039638306e-6,-7.162288816642304e-6,-1.2831045849599323e-7,4.865257199725301e-6,-4.777613217859679e-7,-3.8933654540973284e-6,8.972211083936483e-7,-1.103925723720057e-6,-2.528286031608826e-7,5.372062974305964e-7,1.2263079389714884e-5,-1.8091188103426704e-6,-3.0191014117959185e-6,1.7055574960262786e-6,-2.6072646652174365e-8,-8.627747285248507e-6,-1.0298899663755929e-5,-1.088278620171864e-5,2.894241780362463e-7,-1.7444254637950102e-6,-2.343875499287384e-6,-3.192421293852572e-6,-1.1218514183650634e-5,-7.238194930782464e-6,3.159238557725601e-6,3.221053275111856e-6,5.184177290892106e-6,5.362787249545933e-6,4.461025504653888e-6,3.856995688137022e-6,4.028064107172525e-6,-7.18813082481959e-7,4.073906505356175e-7,-2.6348565059849698e-6,-2.4231844889633547e-6,-6.692293116081196e-6,1.0114637942638403e-6,-6.114884037254305e-6,-1.1201377705867285e-5,-2.7340291772173697e-6,-5.053461110852531e-6,-5.515608526036647e-6,4.544249104921629e-6,1.6291846510649392e-6,1.4200985222979573e-7,-2.1683308373952218e-6,5.770999708774133e-6,-3.3752071225578064e-6,6.473619096135386e-6,1.1690384558277542e-5,6.281070921980716e-6,4.986590730573464e-6,2.0908585745068417e-6,-2.1218337958571622e-6,5.388357816035373e-7,2.307296409592855e-6,-5.043486002771438e-7,9.586209604896785e-7,-8.80812058311427e-7,2.49638652273653e-6,1.2672238672405116e-6,-6.431084590950772e-6,6.433214536575764e-6,3.0874360838849872e-6,5.540820152719571e-6,-3.001611604509854e-6,8.062207730685163e-7,1.1115578400522547e-5,6.510226829888735e-6,3.898629549102543e-6,8.807302877683309e-7,-3.646441003652347e-6,7.256596928711182e-7,2.1728963303579278e-6,7.95882257845719e-6,3.261005084846935e-6,-4.690122564352915e-6,7.424925156919578e-6,1.4580821286507685e-5,4.0600288511526445e-6,-4.163123627787074e-7,-4.145716486579168e-6,4.221486344464517e-6,-4.268619058195996e-6,6.246231585098252e-7,7.729406285467388e-6,1.5116324121303695e-6,2.7570617949045704e-8,2.340677126569643e-6,1.5274195297314244e-6,7.43228165057571e-6,3.022268304772228e-6,8.576721459885232e-6,5.925155576421145e-6,3.138498989873301e-6,4.61949714137678e-6,9.641678804132017e-7,-7.428734176536216e-7,-7.257096708773863e-6,-1.3886820594398377e-6,1.6792288063466502e-6,6.904725514623416e-7,2.389779708230505e-6,-5.298336944427459e-6,-2.330872480542622e-6,-6.2733531207068136e-6,1.4609317018472186e-6,6.614061603862041e-6,2.344739935903365e-6,-1.2428989901269272e-7,3.11312788345377e-6,-5.7461048541531215e-6,-1.0923501167454325e-5,-3.3904091280983073e-6,-1.0180538092115758e-6,6.387020086643189e-6,-2.878489042489476e-6,2.7613413580946544e-7,-5.983462677683604e-6,-3.7400927719727616e-6,-3.040110310688205e-6,-7.902330087763057e-6,-4.01860960514666e-6,8.189560713571645e-6,2.83580349750604e-6,2.258065873618506e-6,3.2406809065801584e-6,1.5003639736393492e-7,-4.215903089466733e-6,1.4862825117110954e-6,-7.822943364625353e-6,-6.622385760396275e-6,-8.320339937200047e-6,3.5268998249593443e-6,1.028900760404674e-5,5.833395488748156e-6,6.940777008106441e-6,-2.2605947718076065e-7,3.593922735618018e-7,-2.6049957153803515e-6,-1.0430391113899761e-5,-1.7116727116567162e-5,7.856023496098116e-6,6.610528728556902e-6,-7.39761364330399e-6,5.703358619712168e-6,5.521183311971443e-6,4.908023213777584e-6,2.1836504941602202e-6,1.966373079750684e-6,7.2462288595137364e-6,-9.963770931687081e-7,9.93913161125886e-6,5.592273333913301e-6,2.224974313525409e-6,8.560847510566217e-6,5.212514044664743e-6,-3.7863551436802482e-6,-6.433129549348928e-6,-7.430568809265362e-6,-7.703097345977523e-6,-1.4861736363822991e-6,2.829359910410847e-7,-2.016813174082452e-6,-1.7150836673725757e-6,-1.0399044698643313e-6,-1.3928213768277086e-6,1.0682482919425136e-6,1.0409786386638338e-5,-5.387796453567264e-7,5.585051867617575e-7,9.55878755712369e-6,-4.407814981593983e-6,-2.0597549421660595e-6,5.679083859425618e-6,7.147478375720352e-6,1.8725573453743e-7,1.3692126987998518e-7,-3.2876589546691644e-6,-9.984597212758851e-6,-3.472807347743512e-6,3.6170005708347645e-6,2.5229710982185995e-6,-1.6008554340499958e-6,5.5665812170051035e-6,5.2067891722557844e-6,-2.096315188106629e-6,1.4282599709290312e-6,-3.0346301497320517e-6,1.4574912761820525e-6,7.267975901811073e-6,1.0928693636462273e-5,-1.3954988484540667e-6,6.939360041288619e-7,2.903310064621954e-7,4.904744538987327e-6,-5.041130751151928e-6,1.0978064933665716e-5,1.3788403172449804e-5,-3.431246486177036e-6,8.050668623187758e-6,4.123317435509416e-6,3.251319676082231e-6,5.457825739050628e-6,-4.058968397880357e-6,-1.3298604421023184e-6,-8.25010535982923e-6,2.3172650039313416e-6,1.426403238017153e-6,-7.054258694997364e-7,7.95811236236965e-6,7.649670293222088e-7,3.793049865950471e-6,7.435907721727476e-6,3.503923682393881e-6,-7.24065125227316e-7,-3.5640786652818827e-6,-3.0790362103917425e-6,-1.2222284769480227e-6,-3.6358194843799522e-6,-3.778640414993618e-6,-5.0906781804393605e-6,-3.5035741300176655e-6,-4.237942187935684e-6,-1.253995778213134e-5,-7.032977709805891e-6,8.656610398613824e-6,-3.5937518248959143e-6,-3.798309237684189e-7,3.859422106339615e-6,-7.97127417757241e-8,2.0864831731437314e-6,-1.1772287248560267e-6,-5.266144233420653e-7,-9.479903746941028e-6,2.841987509608241e-6,6.463923979917911e-6,1.8366097058397987e-6,1.6343459434001105e-6,5.581651511230243e-6,-4.61291388226299e-6,-2.4045374386586364e-7,3.82030808294845e-6,-1.6519447126109375e-6,7.550479323535458e-7,-3.062459230350815e-6,1.1061624765004218e-5,-4.614550121215935e-6,-9.65291777925348e-6,-5.383126570317922e-7,-1.740987438311785e-6,3.6989516646616224e-8,-4.755080540550585e-7,-9.295668626282848e-6,-7.073149268734538e-6,1.1536010902690725e-6,1.6748952210997824e-6,-4.085571616172682e-6,4.019576367308989e-6,7.199303744569673e-6,-2.105054591617192e-6,6.684866866156741e-7,-5.537175999125014e-6,-4.547137503132094e-6,-4.381553611159586e-6,7.418049222059912e-6,3.330208397123754e-6,-6.522263476297639e-7,-8.513858128644042e-6,3.0757502308791853e-7,2.969118565321534e-6,8.20320750671962e-6,-8.55534743263104e-6,-3.847198270746936e-6,5.904269844691452e-7,2.1928300925181016e-6,5.91005596236704e-6,1.0605289208809478e-5,-4.514463779808033e-6,-5.196532885322409e-6,1.2613129492284956e-6,1.793363677866098e-6,1.4658477261536184e-7,7.983253970196865e-7,4.145818005581588e-6,3.303136192546758e-6,-2.0467685198639414e-8,-3.4908139636816727e-6,-2.2481952187756956e-6,-2.101697090412742e-6,1.0860884950124056e-5,9.554044050020966e-6,-2.200509734086314e-6,9.163399081645302e-6,7.839216031729666e-6,-3.7119175623490847e-6,2.6069871137762053e-6,7.098611560158246e-6,8.701714747112492e-6,5.328907989825061e-6,-2.601871771979765e-7,-5.835965843176215e-6,-3.261150702977495e-6,2.0386668514816772e-7,1.4974123088199366e-6,4.788193201447237e-7,5.839884383165024e-6,3.775347465035508e-6,-5.332364854266115e-7,1.3884220311538344e-6,-4.108588545391664e-6,1.7464011938520996e-6,1.0570946493726168e-6,3.541957993911575e-6,4.424545629936986e-6,-5.032398427490331e-6,-1.04634329578111e-5,-2.5853068310943255e-6,3.1270250144487227e-6,9.92672519348136e-6,9.744185611307339e-6,1.6624124254919323e-7,8.845041924695741e-6,5.596216754382221e-6,-3.966769076558422e-6,-8.75659012104845e-6,-3.626182341739483e-6,-1.8985071872964864e-5,-1.4587406525914405e-5,2.752034745578783e-6,-8.518019629836301e-7,-2.0314823011009867e-6,7.1086656192213095e-6,4.6077470611350995e-6,1.4091885604336946e-6,6.415066401084307e-6,-3.0386093584508035e-6,-5.189179364509355e-8,3.462210700328713e-6,1.0834995664296265e-5,9.396138438607303e-7,-6.076103944352395e-6,-1.3864845443257379e-5,1.1484701079013292e-6,-4.013683301058455e-6,-5.724312999201857e-6,3.7064664290135613e-7,3.451841456111759e-6,9.550360566403425e-6,1.1701063223265919e-6,2.886908126796242e-6,-4.13543221412786e-6,1.2542605554793819e-5,6.816905257555438e-6,1.1853838757503788e-5,9.26880674293559e-6,2.8928411865159593e-6,-2.665724532271599e-6,-3.4076605309587115e-6,3.119471350624438e-6,-3.1548305914703734e-6,9.941889043256311e-6,2.8656866304374336e-6
0.0002551634161603021,3.2324986017217444e-5,9.75144716602757e-6,-3.1126394368554927e-6,2.5557310488254937e-6,3.2380073947567275e-6,4.3529080196600155e-6,1.5431708046128623e-6,-5.661736830523569e-6,-7.5083682840498256e-6,2.4471415702354155e-6,-1.1640165014547735e-6,-1.1634544973472986e-5,-2.465665586871568e-6,-2.6081109602469847e-6,-6.183992623516973e-6,-4.466599157835474e-6,-6.249559834177566e-6,-5.69122559929563e-6,-2.033141395681647e-6,-5.961613139004801e-6,-4.022194288407671e-7,3.120306092242115e-6,-6.65080760891814e-7,-1.64244646046102e-6,1.7825678405875663e-6,-2.7587100110048763e-6,-4.36415583327912e-6,-1.412757098152852e-6,-3.8232762935370635e-6,-9.926179979097167e-6,-9.545155141784745e-6,-2.7903162335533676e-6,9.292530494297496e-6,4.624383241423647e-6,6.190888715649348e-7,5.862684572093525e-6,-2.841798551872111e-6,3.374592792016561e-6,4.535103266385791e-6,2.5418569610880552e-6,-3.367807822350981e-6,-4.064072405023307e-7,1.4743114201711603e-6,1.5070213730405156e-6,4.799398050666248e-6,8.428190058672943e-6,9.92036222485432e-7,-8.396495766557427e-7,-5.866319955473352e-6,8.376941349166969e-6,2.2201036335593853e-6,3.267837278313312e-6,-4.281679420211195e-6,8.71992676160804e-7,-7.0765386242808484e-6,-6.4394801612643305e-6,9.535780241325123e-6,1.5624789814672602e-5,1.819581798213703e-6,-1.4158329844904125e-6,6.234512885480168e-6,3.065991805989925e-6,9.708244232771484e-7,4.389466137320658e-6,4.895844029795911e-6,-5.992732776867962e-7,3.94366070949319e-6,4.95169162326388e-6,-1.696006612114319e-6,4.375665692832815e-7,7.892610827923959e-6,1.1397974327392016e-5,1.9368553812708514e-6,-1.5974773638233341e-6,-9.104174973103204e-6,-4.760884728998418e-6,-1.9419511132403645e-6,-4.478665684857512e-6,1.6312932200654093e-6,6.237938447766811e-6,1.009207834508404e-5,6.786625849467442e-7,-1.2427990696056993e-5,-5.648681457185189e-6,-5.976733369607142e-6,5.783586000987996e-6,-9.199901487366073e-7,-1.0599323665438565e-5,-9.611529183582548e-6,-8.045317644699958e-6,6.402718892403787e-6,6.2843375957456535e-6,6.693639121209861e-6,5.788527191858325e-6,-1.1634373859285956e-5,2.204738912612352e-6,5.409896651788886e-6,5.0738061682297864e-6,-2.583170017502117e-6,1.3950802029582191e-5,-7.512712520532532e-7,8.169579452583622e-6,2.7825823256014133e-6,-2.3208399640113634e-6,1.239891365948155e-6,-2.8954608117596563e-6,-5.232358148620115e-6,-9.3770837908891e-6,-1.028547704355298e-5,6.393011473789666e-6,6.836087420806743e-6,1.226094333671638e-5,3.9964451970885945e-6,-1.24017746388074e-6,1.4034797200697755e-5,-7.841802252101692e-6,-4.8648334141911684e-6,-4.62553592945434e-6,9.483176796027091e-7,-5.467716211484583e-6,-6.776281606378749e-6,-4.418535911570277e-6,2.999968720500295e-8,7.497605641131154e-6,7.909958964069621e-6,2.3445857824842727e-6,-4.126773788886319e-6,1.4766187302625965e-6,-5.496823629113731e-6,6.394582683716058e-6,6.555909365194119e-6,3.412352767094068e-6,-2.555952340284375e-6,2.5317173292285963e-6,-2.6264907271295885e-6,2.503849084649346e-6,2.5189380712035664e-6,-9.57218700774259e-7,-7.721217989353484e-6,4.342598376053601e-6,4.9912864236516e-6,-4.3116788282182825e-6,2.4715346011883615e-6,6.371187918308049e-8,-1.1273638641004702e-6,1.2209041411568272e-6,5.738701299150491e-6,1.161558867928928e-6,-6.95780949791813e-6,-1.0453247564108885e-6,2.6903117053294555e-6,-6.005302140595714e-7,1.189945462713507e-6,3.386522269896484e-7,4.57591139381013e-6,1.8390138354378516e-7,2.6881068080160007e-6,-3.7893056027100945e-6,-5.083583420956714e-6,-3.345687063293042e-6,9.590644235485305e-8,-4.712904784326027e-6,3.343661409984249e-7,1.1345333006904118e-5,1.8459992072254123e-7,-6.294473338615384e-6,1.7952201780417101e-6,-1.0652713214387968e-6,-1.0944681975812603e-6,6.700271934857295e-7,4.718491571617882e-6,5.194702809153246e-6,1.074900296179452e-5,-3.1529477359150615e-6,-2.4681019750078755e-6,8.945776039010535e-6,9.445031169420344e-6,8.189172236046003e-6,3.6188280596536765e-7,1.1872916400076331e-5,1.1768889924620486e-6,8.128362386273137e-6,1.2564025429783015e-7,-4.400275768389911e-6,-5.576512865168688e-6,-5.179519204301649e-7,3.405937369116133e-6,-5.126861227732094e-6,1.2558737669992651e-6,-8.581332000769944e-6,1.3962955594975585e-6,-5.149847960311846e-6,2.4908210288245556e-6,-8.372464144713068e-6,-3.947279336522265e-6,4.155252163106078e-7,4.663272199797349e-6,-4.2612554549907256e-7,-6.555460469278584e-6,-1.215537300703681e-6,-3.6147125185308643e-7,2.96994117498676e-6,-1.794860243548957e-6,2.4779766087719046e-6,5.4149012287367165e-6,-1.3866095325836587e-5,-7.822076453024534e-6,4.156667124828142e-6,-1.1526438293517646e-6,-3.6801418924411437e-6,1.7935796502070182e-6,-2.652734243897963e-6,2.279000093772524e-7,-1.3165861589862413e-6,-5.807506708013798e-6,-1.0574179792649753e-5,-2.7810527756506334e-6,-8.730103245694587e-8,-1.3194869591978828e-6,-6.602080098218883e-6,-2.3472159153188964e-6,5.029083002636426e-6,-4.714113129849647e-6,-3.484143665991345e-6,3.8560371210338876e-6,3.3760874586543247e-6,1.4132671080979724e-5,1.1984531038165388e-6,-2.3527396333317714e-6,-1.0977917392170658e-6,-5.939401280720942e-6,-3.412541164915068e-6,-1.8431794887647176e-5,1.5580528048401252e-6,-3.206778058346891e-6,2.0606929383621036e-6,1.0749213482775545e-5,8.51231551858027e-6,1.241861241763082e-6,-4.775915136046599e-6,-2.902377421309704e-6,-8.086962168313268e-6,4.525119257587924e-6,1.0511206434440427e-5,5.9235107872316605e-6,-6.786083467140497e-7,-1.6720805390801764e-6,-5.874887150208066e-7,1.3274313359764404e-6,-3.1739748906893033e-6,-2.5354470257207066e-6,-5.642363812629424e-6,1.4324853979475707e-7,-5.9856593501186645e-6,2.3771999008320103e-6,-5.546218919605234e-6,-6.462921062899139e-6,-5.2117265004653095e-6,-9.477688488328348e-7,-6.797637594986625e-7,-3.4122779197075033e-6,-4.810155943043107e-6,-1.5597465671265735e-5,-2.9400750208731754e-6,-4.286548494971184e-6,-1.0443900650121975e-6,-4.034856404176301e-6,4.444007964457243e-6,6.677581934064471e-7,-2.372809206946705e-6,-4.7185130778101494e-6,4.4954585313428264e-6,3.226755352348793e-6,5.924069630673143e-8,-5.72383014477345e-6,6.3695377879553944e-6,1.2301530430603722e-6,4.753739834812488e-6,8.234204742024381e-6,-1.7777866733921142e-7,-1.0722643761242425e-5,-6.841226939148785e-6,-5.966952079846402e-6,1.7260493104651249e-6,4.223665749133911e-6,-4.407743652926423e-6,1.226107837706613e-6,2.2326275319595185e-6,3.971659793796782e-6,-3.2587490714991528e-6,1.5381827319054527e-6,-6.514540228796759e-6,4.0613870364099146e-6,1.0679819953455297e-6,-4.703093765364314e-6,-7.241331599563472e-6,-5.623542972175906e-6,-6.4849062382393354e-6,-9.85874971373771e-7,-6.790729605078576e-6,-2.7113670764765488e-6,2.9641686110375306e-7,-7.33300313061714e-6,-2.851658730682633e-6,-5.966092505644213e-6,-2.929751925847167e-6,9.331459793836671e-7,2.8755597040981254e-6,-6.4982228472473e-6,5.704879135044937e-7,7.605054810354483e-6,1.5137066428356918e-5,4.005287444063492e-6,2.292161885875182e-6,1.1360193563091058e-5,-2.0051164908386075e-6,-3.035832380204261e-7,9.729219911871893e-6,1.0352611861544234e-5,-6.548728730537339e-6,-3.5123682745834434e-6,-4.6980143528082345e-7,2.639234433636918e-7,6.560413315495291e-6,6.276163140398856e-6,-9.730861705631124e-6,-7.080603401752903e-6,-8.3964154845249e-6,-2.949595090612504e-6,5.734149552238065e-7,1.5912304838134583e-6,1.3493209878767688e-6,-1.0663890449089985e-5,-4.325135516457009e-6,4.573351408078766e-6,-1.5539452723865388e-6,1.2875017097521791e-5,2.4437916897978564e-6,-2.1531272873547486e-6,3.9950391568295985e-6,4.21245679261403e-6,3.964147976901356e-6,-3.086602368323214e-6,-2.5908213013872507e-6,-1.7794452738414163e-6,-2.9727361081110295e-6,-5.536186890531108e-6,4.880836891070331e-6,4.031638532714365e-6,-8.403328098644332e-6,-9.147442385118176e-7,-7.355357370416678e-7,-1.0361708614318207e-5,-4.651474859827522e-6,-6.063775225265024e-6,8.18517122447566e-6,-7.979443577941764e-7,9.267121589376493e-6,1.1680115609985132e-6,-2.4512436754986424e-6,-6.503182068362514e-6,3.34833981882532e-6,5.67014505566919e-6,-2.7580865361395523e-6,4.609486682530194e-6,-5.520606250433896e-6,-5.078302546063422e-6,-6.596926253980184e-6,7.972054046981447e-6,6.5582867200631815e-6,4.836287825438133e-6,-1.56636994742445e-6,-8.728145682410993e-6,7.3184763109390005e-6,1.5686657971927066e-6,2.372621515630615e-6,7.388260252228055e-7,-1.8133066494201143e-6,-5.288923250785531e-6,1.2982325911754041e-5,1.1422425179252944e-5,1.1515416197164356e-5,1.3125950546005131e-6,3.5880154715724063e-6,8.19254159774895e-6,8.411342135204869e-7,-7.456577919545076e-8,-5.4420553204115094e-6,-7.82078478648445e-7,3.301483128798597e-6,5.747397639724413e-6,-5.966807650885716e-6,-4.743860266641784e-6,-2.769175281158578e-6,-1.16757624836538e-5,-4.420758583875735e-6,-8.619362412517956e-6,-3.3168134996542145e-6,1.0876932989671176e-5,-3.7165455953070298e-6,-4.940194181939317e-6,-6.270426953506519e-7,-2.7533801487358753e-6,9.307554691664499e-6,2.0371039536811125e-6,-4.432648863628398e-6,-6.123738260547467e-6,-2.7619517528147795e-6,5.489678195525175e-6,1.7330630662435595e-6,-1.4402868111987718e-5,-4.0267665811683714e-6,-3.609101768098826e-6,1.0137362570585573e-6,1.74969534991221e-6,1.242807891023485e-5,1.3278127079209976e-5,7.220704121123599e-6,1.2061768697202405e-5,6.1346919904022575e-6,4.3580190018618296e-7,2.2603211738253856e-6,-3.858556446957522e-6,-7.769612105444494e-6,7.50105645382501e-8,-4.274554793437571e-6,-3.879785535852717e-6,-8.009626395834093e-6,-2.461521566411586e-6,-3.0709698890025757e-6,5.34296472403734e-7,-5.32559533140768e-6,-6.47625292670694e-6,-5.988055589168526e-6,-1.556369899735717e-6,3.2827977859069067e-7,-1.8419538385031468e-6,-3.442996399917566e-6,-4.53555499087954e-6,-1.1318868748969928e-6,-5.255940786007886e-6,7.388764727934269e-6,-2.5391349301584064e-6,-4.071300713274832e-6,-1.451207539141129e-6,-1.2515233275373744e-5,-7.414079921891926e-6,-1.6722939413877236e-6,1.0681579553383798e-5,7.892376846088328e-6,-4.423461213777587e-6,3.9704430208088325e-6,3.182806532324185e-6,-1.9838573023724053e-6,8.187491996544265e-6,1.4800606290750862e-5,2.198947838073328e-6,-9.645483238611447e-6,-1.3839207782581862e-6,-5.423071771315578e-6,-1.0107947600044691e-6,-2.3384064046144164e-6,-7.049304449356414e-7,1.0378774030699538e-6,1.5656765836030353e-6,7.264136219876478e-6,5.542933862737152e-6,3.9208983456535785e-6,3.365783664530321e-6,5.6140136023877945e-6,6.285854427746461e-6,-1.4329459835166438e-6,-4.189127232603398e-6,-7.875062378698848e-7,-1.8855865105476502e-6,-3.9138054786429323e-7,2.6499657156316438e-6,1.0928063832325443e-6,4.418296132673917e-7,-6.695273454211739e-7,-3.53005455998598e-6,5.020435540135871e-6,-6.162123120707314e-6,3.7461411366284287e-6,-3.661599050416154e-6,-2.195673408368467e-6,-1.920794650490837e-6,-1.0101610340608574e-6,5.82525391074638e-6,3.214580526188312e-7,4.346561818688471e-6,2.5273791046990484e-6,-7.178317672542786e-6,-5.3405539424358325e-6,3.920019155729984e-6,5.01070257693044e-6,1.0925441375335533e-6,5.338964247678432e-6,7.464800258110244e-6,-2.6072313398196264e-6
0.0002544954814091446,3.0612223360167755e-5,1.4953646928055526e-5,-1.8911467771259948e-6,7.815342935270512e-6,-7.23349970315824e-6,2.637750362443937e-6,-8.02724154107191e-7,5.060647852448816e-6,4.998960626455471e-6,-2.9926013995217037e-6,5.142596768034366e-6,4.281486784811696e-6,5.364168581281253e-6,2.368352896979258e-6,-4.449277051438646e-6,-2.905484950519735e-6,3.0060431657686106e-7,8.442877016408557e-6,4.863838258583522e-6,-1.8398283917948455e-6,-1.4107425746690807e-5,-8.532467936591995e-6,-1.4672182751111544e-5,-4.922879059106326e-6,-8.559549353975634e-7,3.106125273835544e-6,7.431222379017851e-6,5.8002132193647796e-6,1.7882248320974534e-6,2.7461187353957386e-6,-1.2886038409798076e-5,-2.9457998056058923e-6,-1.7427761613893765e-6,2.6606915863224243e-6,-3.6520782303033405e-6,3.7037894438596346e-6,-1.5504324938389834e-6,3.5727338653239164e-6,-4.455595897025612e-6,9.665831153392536e-8,-1.6095671652543862e-6,-6.687713468504692e-6,-4.354569957287333e-6,-3.636769673255371e-7,3.410421977589266e-6,-3.6512706304686846e-6,-8.65288066513691e-6,-4.131685117469154e-6,-6.157886547295425e-7,-5.4358151381212225e-6,3.7962516263980323e-6,9.636200386637724e-6,6.378081853917989e-7,5.585605757983553e-6,-5.865040041306109e-7,-7.930771997214154e-8,3.695843454479331e-6,-1.182435845528287e-6,-6.630434628322153e-6,2.193106711441089e-6,3.2248668401650743e-6,5.116486492423372e-6,1.4244922185189525e-6,1.1723810454957905e-5,8.228463506265136e-6,7.5279513951300676e-6,8.238814144467161e-6,5.234125561333071e-6,-7.887834493448571e-6,-5.92118798929836e-6,4.444310742357252e-6,3.401176347957025e-7,8.107094804280706e-8,-3.859287387674383e-6,6.819488232527466e-7,1.1197569448423372e-6,-3.420557279416276e-6,-1.2052961218230242e-5,-4.420895645820335e-6,-4.666212203912544e-6,-4.259620350942689e-6,-2.4964693822740917e-6,1.3396683293424292e-6,4.479107056911628e-6,5.540997404969178e-6,-4.950743979967197e-6,-2.6439284672677952e-6,1.3045180540200323e-6,-7.464894532140103e-6,-4.020790110542176e-10,9.87721089217874e-8,2.4549146577260865e-6,3.1091590205910687e-6,1.8654818365769098e-6,-5.002263884978748e-7,1.971886546591263e-6,-5.257569349669569e-6,-1.656830158895375e-6,-3.6105678970467525e-6,-7.4946885172526184e-6,1.6915284169289398e-7,8.621320011866093e-6,5.112719243228013e-6,6.7222730985139114e-6,3.573810599278519e-7,3.180631099474127e-7,-2.88426651688609e-6,3.1659195331491643e-6,9.439285026721442e-7,-6.091891784021662e-6,3.935426671601421e-6,-4.7325012028054275e-6,-6.975756497759304e-6,-1.3098022328803033e-6,-1.1800208991502965e-7,-4.319136289982522e-8,-3.9458755972612045e-7,-5.776936255252566e-7,9.740139613028061e-6,1.0624082529713263e-5,1.7189819457438195e-6,-5.013511760485794e-6,7.193816180613584e-6,-2.663756667109469e-8,-1.6496275165996904e-6,-6.85574220385274e-6,-9.030549398496494e-6,5.393025073173984e-8,-5.75432652517472e-6,-6.559907356536843e-6,8.797156397932972e-7,7.117158337842259e-6,-1.0140261680620037e-5,2.555527260079297e-6,-1.7161285983930988e-6,4.04030648479033e-6,2.121893706287014e-6,-3.1920576899032023e-6,-4.430126132824975e-6,-1.1063982113927795e-5,-5.599755754808484e-6,-3.368368463670923e-6,-4.163083558817853e-6,-1.8825143528630278e-6,3.099237934918558e-6,-3.8720226881639285e-6,2.785175468748768e-6,-1.3328032082214705e-6,1.1978505045072785e-6,-2.4041624905601627e-6,-7.634525182572503e-6,-4.690232491481303e-6,2.7409376006320512e-6,4.277802963681617e-6,-5.564402123137205e-6,2.7581815309041876e-6,-8.927867429563041e-6,-9.891523635590294e-6,2.577237386465558e-6,4.886377752243104e-6,4.6740423596451914e-6,1.3997206197310996e-6,5.715833814503039e-6,1.2097632412948204e-6,8.74273236595627e-7,-8.350052626539567e-6,-1.0129846303998335e-6,2.052429814598078e-6,-2.6558996890098657e-6,-2.5368724619620416e-6,1.6335797561190695e-6,3.432459477068611e-6,-4.3450168141466e-6,-6.4626596626765985e-6,2.168003553894101e-6,-2.0155235745395657e-6,3.1724907740292844e-6,3.0889051056354466e-6,-2.0262639888197917e-6,1.9052989418286446e-6,6.3740507865425005e-6,-7.94267680525763e-6,-1.0004566509891784e-5,-1.3397953096243923e-5,-9.66548701442428e-6,-2.9349909706758564e-6,-5.987070020708768e-7,-8.077955555413827e-7,-6.670555253756096e-6,-1.7175775227055605e-6,-5.699468585346832e-6,6.7851963541081415e-6,-1.308371252494337e-7,4.6745275030231725e-6,-1.5621290210597221e-6,8.408746858866269e-6,3.8079169747495182e-6,-2.5974062824295406e-6,-1.7355529949090551e-6,3.923445949912772e-6,1.9934915536172183e-6,-6.9199659770237885e-6,-3.96012556840571e-6,7.703223642390319e-7,6.86015944926022e-8,-2.914715469102377e-6,3.5900823736328556e-6,-7.11869675711312e-6,-6.437644939628486e-6,-1.0912849093322072e-5,1.746937431180446e-6,-9.73883671302538e-6,-8.755418751140788e-6,1.6210274662541013e-6,-1.189843971525119e-5,-2.3353183523861517e-6,2.5581412499539464e-6,1.620262316726786e-7,-8.165727285382813e-6,3.21138645911592e-6,2.602014456737032e-7,-2.7053500268266607e-6,-2.535934707347993e-6,-4.01214293544998e-6,-4.115554213461118e-6,-1.0190133194315527e-5,-1.1777478018286942e-5,-3.644975848926742e-6,1.385544838850384e-5,2.54208521666971e-6,1.1206518768954242e-6,2.2043950831405864e-6,2.68718849258842e-9,-4.510253136688137e-6,-4.602545919170141e-6,4.853361779342604e-6,-1.664344727430904e-6,3.0258646858600737e-6,-2.716976791074321e-6,6.131496015223848e-6,7.100068924939041e-7,-5.492796222676872e-6,-1.2124671885587348e-5,2.7621949075869225e-7,-8.095728392762724e-6,-2.4034293026603544e-6,2.2109874985465953e-6,2.385818088717944e-6,-2.6381161040802083e-6,2.4234293418852947e-6,-7.270699026652892e-6,-4.614151762300375e-6,1.6637887598309108e-6,6.023337937819669e-6,-5.121882990740319e-6,-1.717554270449959e-6,-6.388887948409385e-6,-2.2135824646970075e-6,-2.0934652808228012e-6,-2.3855950916969745e-6,-1.382705873336429e-6,-6.1342801691756215e-6,-4.542232620251983e-6,-4.661370081449883e-6,1.2167411923810041e-5,9.408266673609017e-6,6.506658834589316e-6,-8.328439621524746e-7,-2.474328947910531e-6,-4.210801654387612e-6,-1.0869410202582236e-5,-1.5314594012382027e-5,-8.730416543992145e-7,-6.636531294477359e-6,-1.1255449214686052e-5,-4.9929924714742e-6,-3.782251899931807e-6,-2.620530798305526e-6,-2.0631774554455466e-6,7.666242294812204e-7,-1.9990003869869062e-6,-1.0607118710010734e-6,-2.4133050372911987e-6,9.17159527057704e-6,5.4026030282554695e-6,-2.282946070055564e-6,7.542198222122617e-7,-3.1322146681593054e-6,-7.4141850280003545e-6,-4.3921203446212873e-7,8.120534542234188e-6,-4.556800022858989e-6,5.192563146802569e-6,1.6639894282734452e-6,2.0696782699110433e-5,1.8203688623229577e-5,1.3395424969004883e-5,6.983105335593848e-6,3.5232820264581576e-6,8.320748106060595e-6,2.5908082052390897e-6,1.306100698020743e-6,1.207460070728554e-6,5.01466014981558e-6,-3.8831233195292445e-6,-2.8848899070495485e-6,-5.942262590247088e-6,-5.7153406737445155e-6,-3.052355624794412e-6,-6.62624544832362e-6,-2.6471676266675407e-6,4.657013576680715e-6,5.6221423126983745e-6,1.3299259507666005e-6,-4.675576934430796e-6,-8.464313766444307e-6,-7.767902731419162e-6,-4.956603323431e-6,-1.2011219361008587e-6,3.7549769801577103e-6,-4.65309015278812e-6,4.323989619557677e-6,-4.204735630995692e-6,-5.106785676356403e-6,6.576105953220507e-7,-1.2108719269675424e-5,-5.1307139186030194e-6,-3.775915661506465e-6,-2.9315675257280103e-6,-7.245293160984527e-6,1.246593737398942e-5,3.839752060853408e-6,2.887374653866033e-6,-3.4663461423626907e-6,-4.853544441292525e-6,-2.2148625639988157e-6,-1.8247634542479743e-6,-7.116858454949418e-6,6.739006349037071e-6,4.867770300064122e-6,7.4572016139440455e-6,-5.157644171660818e-6,4.931095790409028e-6,-1.3303754580733165e-6,8.497211379639924e-6,-5.514494466560015e-6,-6.28797022363891e-8,8.491092374727143e-6,6.2019674344759126e-6,-1.3018004386260053e-6,-9.401181856056805e-6,5.313178027633356e-6,2.6589595362706384e-7,4.254692132303816e-6,8.652838380072533e-6,3.670288869036442e-6,8.227026744376722e-6,1.0450971739293724e-5,2.7334444209850076e-6,-2.463987604292984e-7,5.3452858898992045e-6,-8.043270877047371e-6,1.05540951281336e-6,1.142710574929674e-6,5.007102596915989e-7,-5.480965322884482e-6,1.7419566666662106e-6,1.4648361372097758e-6,-1.2528661669497194e-6,-7.497185936073607e-6,1.8840599754198216e-6,7.444922720982532e-6,1.7062934947731695e-6,-3.7135880466652405e-7,-5.756627554522968e-6,-1.3306928433142459e-5,1.751198557758904e-6,-1.3057460484791028e-6,-1.083011223627524e-7,-1.2387395426716631e-5,-1.7172614048303102e-6,-2.541413192235829e-6,-1.588067218984269e-6,1.6450792894953536e-6,1.6766470444954378e-6,5.137862935369096e-7,-3.974731095005732e-6,3.903528937651258e-6,-1.595923661609474e-6,1.3599762130379216e-6,-5.373803850508476e-6,4.923215413188388e-6,-2.37074836781247e-6,1.1002738540329406e-6,9.283642848747826e-7,4.320427763759426e-6,8.073059642037049e-6,-4.74926049987942e-6,6.050355016600458e-6,-5.374943363967928e-7,1.1489445620151695e-5,2.6476909439490317e-6,-6.96615343031427e-6,-3.2154675968261376e-6,-2.8864454969416604e-6,-7.623964012243438e-6,5.8428179069142464e-6,3.863719731472486e-7,2.610966255810563e-6,7.794030838008193e-6,1.1541743137485524e-6,5.933899832430923e-6,-3.0981068762843252e-6,1.5472546957024628e-7,1.1933039258118958e-5,1.4620156578020043e-5,8.190813878426557e-6,2.3543861577196506e-6,3.609352515268497e-6,9.674755422912783e-6,2.3496635380642646e-6,6.135238587056037e-6,6.579145598742864e-6,1.3162234046482485e-6,2.9107158625822717e-6,2.3545174218461724e-6,2.8663735971273934e-6,1.450927166354397e-6,4.763338545147904e-6,1.2502953235196005e-6,-7.05072139951341e-6,-3.5087385126755184e-6,-1.594702701062905e-6,-1.9776294520409786e-6,-9.528000943312732e-6,-8.986464444676218e-6,-1.0540712172738763e-5,-9.990347835446205e-7,2.71515830074555e-6,1.2403924752365376e-5,-5.1955349148775285e-6,-5.488017052403424e-7,-8.516141455485749e-6,-1.0557624143695871e-5,1.8191031767571284e-6,4.07495590084312e-6,-7.833107488904428e-7,-3.999272183971023e-6,-4.051740602166465e-6,6.010564544870687e-6,-3.7010408663830796e-6,-5.248119707931726e-6,-5.269763375231747e-7,4.3711145883538424e-6,1.397589477697479e-6,-2.2300848541293093e-6,-2.095121848512671e-6,3.4858800138733945e-6,6.938934572326792e-6,4.017494227737874e-6,-3.48689440098964e-6,7.653973114224774e-6,4.262906261115246e-6,6.040865326183099e-6,7.082054341569306e-6,-1.1523646537982428e-6,5.851274201193882e-6,-3.4198355061305016e-7,-6.941176711421719e-7,-5.54693322552723e-6,1.507952662438705e-6,2.786439280531655e-6,1.109369327697325e-6,6.132887533914825e-6,2.3902519965873082e-6,3.485434133806723e-6,4.487225863495238e-6,5.408102824824886e-6,-7.87155390027734e-6,-2.0998089263136395e-6,-1.178799765520883e-6,-2.242707539814321e-6,4.086684250673376e-6,4.906874448016328e-6,1.9580032912277107e-6,3.7805667107111862e-6,4.376966569451836e-6,-2.0754575377356044e-6,-8.377271258620109e-6,3.0595675707352443e-6,4.315143252871219e-6,1.1072754784776782e-5,-7.9679403126264e-6,4.230648235054675e-6,3.0714041475088113e-6,8.944587990300283e-6,5.409660290560968e-6,4.3270506608072326e-7,-1.4597249751136616e-7,-1.8814998372395742e-6
0.0002580151951617954,3.937796599324291e-5,-1.1363810210736166e-6,-7.848422135582297e-6,-3.8623971959495084e-6,-1.1716700582033239e-6,2.2283951092720785e-6,6.242221959103651e-6,7.932940501135255e-6,-8.28801502841268e-7,-6.51516230951488e-6,-6.977346866904478e-6,-3.991330553807214e-6,-4.310125607598655e-6,-1.8939396164673459e-6,-3.023624129457973e-6,3.2841263977573656e-6,6.001657977601753e-6,2.6013138710647413e-6,3.271585103657487e-6,-5.7796510930518785e-6,-4.314092577849272e-6,-5.1920297883771334e-6,-6.670494695379142e-6,-4.994306397842908e-6,-2.371368811146277e-6,3.871241158750246e-6,-2.888335335607504e-6,-4.9131748724217615e-8,2.620704787453338e-6,1.0202090360902985e-6,1.5298045446332487e-6,8.762346878880688e-6,5.9968487791622305e-6,-2.0131897108204524e-6,7.5885923358270475e-6,-2.2641285120120322e-6,-2.625373510815983e-7,6.51855961729888e-6,1.3954877777611675e-5,7.863237258618604e-6,-1.1897664068839567e-6,1.7994967721660911e-6,3.3686128218263895e-6,-5.298369855512182e-6,-9.49213532440261e-6,2.1386900306545134e-6,-4.260997826238803e-7,-2.719028188932018e-7,7.843755966812066e-6,3.5606922823020695e-6,3.4027959052090097e-6,-2.2529491013879633e-6,-1.8666335794267725e-6,4.54083244135735e-6,9.910894147087082e-6,-2.0564750270547275e-6,6.036386410198329e-6,5.3587574472505335e-6,2.944424693133162e-7,-1.1089859507224322e-6,-1.2910478286176637e-5,-2.322620752350244e-6,1.941720882750409e-6,-3.0627469481258928e-6,-2.3334725956713328e-7,4.032866678107801e-6,-2.1964899490939532e-6,-1.1183086214914522e-5,-5.462587457581668e-6,4.652817261380977e-6,-3.3729961555457396e-9,3.2633992757325386e-6,-2.398871612884931e-6,-4.056661061543011e-6,-8.896560451045871e-7,-1.220777757544644e-6,-2.2415627964092365e-8,2.204958536663135e-6,-2.5066487621369054e-6,-5.615925027928844e-6,3.681303525793862e-6,-4.36310527152585e-6,6.54000582700449e-6,8.054065897728515e-6,1.852530151070775e-5,6.2189369436659065e-6,-2.3683550539458863e-6,-2.041474496059515e-6,-7.762007103354434e-6,-5.939452155616271e-6,-7.466414258661795e-6,-2.947595446807903e-6,-2.074943469161711e-6,2.6517261371561787e-6,-6.459333504615899e-6,-8.370567409773729e-6,3.817758560290806e-6,-3.4541519859802493e-6,-6.845918873376147e-7,-1.444833745760196e-6,1.2870290858289607e-6,4.574636196280662e-6,4.1813276372770605e-6,7.761511084746202e-6,-3.1346346968737375e-6,-6.136548355747611e-6,1.0051812692342036e-6,-5.223622541537478e-6,-5.486980992625404e-6,-3.5429800523022813e-6,-6.120205226331021e-6,-3.831595458100845e-6,-1.2804410762503424e-5,-2.8311371876178442e-6,-6.336649126795867e-6,-4.5174072930139085e-6,-2.222723417819799e-6,2.0322375015417146e-6,7.729513856241595e-6,2.2794529256653263e-6,4.056599439124353e-6,-1.135232453313718e-6,4.230926617769908e-6,-4.551885905900729e-9,-2.462146338747283e-6,-1.8209170996686282e-7,3.9740950698910284e-7,-3.7870910695104752e-6,-1.0903688812156756e-6,-4.369648070850296e-6,5.486009142637583e-6,-2.352478465862102e-6,-5.892862608899646e-6,2.695437061146642e-6,-3.83046027424896e-7,-2.529893658043459e-6,-6.23879711025144e-6,-1.3436535294989615e-5,1.2633975619098754e-6,-1.3594870770987904e-6,3.950223829355161e-6,-1.1431217866411319e-6,-2.571015938646107e-6,-7.456217510398762e-6,-7.78067400122672e-6,-1.774418047011138e-5,-5.715212883008459e-6,9.315542107111994e-7,7.943404342767019e-7,-5.471294964328668e-6,-1.5784380599481327e-5,-7.971841741532958e-6,-4.568168582890679e-6,-6.5288973741843706e-6,4.220378703695965e-6,1.6893062373552587e-5,8.887972210816789e-6,-1.2282245864206181e-6,-1.8856403679159634e-6,1.419170781274724e-7,6.346901463998988e-7,6.866340633490998e-6,2.2593323021459033e-6,5.2347407089690115e-6,-3.9782394479773326e-7,1.1175886458758266e-7,-1.4469289248946832e-6,-4.78756777713502e-6,-3.014563355427701e-6,4.953350546844981e-6,-2.1218275246658344e-6,-4.7209922747737315e-6,1.9230679462035736e-6,4.4832173591632e-6,-1.997646334967316e-6,-8.00656103010339e-6,-5.9184700541723095e-6,-3.295740118479544e-6,-1.8925783411139463e-5,-7.411337711339117e-6,5.986253532766404e-6,3.3184217929930273e-6,8.964317155568562e-7,-6.331529496793481e-6,-6.985649888699013e-6,-1.5512553041847944e-6,5.7070295988747756e-6,-2.5598432246737013e-6,-3.993462659131549e-6,1.8274564272071177e-6,4.601619174253735e-6,4.540400347320427e-6,-5.973765926907264e-6,-3.844730490740054e-7,-6.073150998711073e-6,-8.903468547449541e-6,-2.372129903331315e-6,-3.0827338476273696e-6,3.776782387562388e-6,-5.5717708529903885e-6,-7.527502962230141e-6,3.227484587076977e-6,-1.1521354527123202e-6,1.13488886308539e-6,5.60902940492229e-6,3.3541807139958514e-6,7.52798260616644e-6,2.4995664208101615e-6,-5.392857107792155e-6,-7.397149925192845e-6,-1.428552478582306e-6,-4.036193487125717e-6,8.50382801971142e-6,5.234424877990598e-6,9.033075859320639e-6,7.141667228626618e-6,4.276560765523309e-6,-4.870371960595712e-6,9.711838362151074e-6,-3.66872483400343e-6,-2.7521361082126383e-6,2.263283032753952e-6,1.0504829405803445e-6,2.913663289581356e-6,-1.485486914314236e-6,-3.452434693887357e-7,-1.9161844818313814e-6,-2.0305448336494373e-6,1.1277511324320501e-6,-2.948641912238659e-6,-1.6561225954800676e-6,1.2262084204493188e-6,6.6084533103680245e-6,-4.388773467913852e-8,1.871442560636672e-6,5.878544348560428e-6,-4.237790831815294e-6,5.4596501976864525e-6,-2.8178281671331677e-6,-1.4266245879510287e-6,5.687658770861148e-7,-4.871400204163252e-7,3.882253130449109e-6,6.420931839778834e-6,7.738028021083002e-6,6.412933786464012e-6,4.860332271747761e-6,-3.9989413971918703e-7,-2.8560681531079082e-6,-2.244363770870842e-6,7.930789936800663e-7,-8.862755039587753e-7,-3.748139383742923e-6,4.2408992605885555e-6,-3.3618098015174177e-6,-2.9715880805820192e-6,-1.240365247385401e-6,4.384004740916717e-6,1.3602233934263423e-6,4.865622466825711e-6,-8.504777431504458e-7,4.251206967612183e-6,-4.0920292172261675e-6,-1.9136419588093956e-6,-7.612801392670306e-7,2.919671651434274e-7,-7.961307685219632e-6,-4.363404488134373e-7,-1.3021697150665835e-6,-3.853475813034373e-6,1.3467406394140234e-6,7.103529668727191e-6,-1.783404132314556e-7,1.459073371465332e-6,6.640104284859308e-6,4.1965412541928045e-6,2.8484147519261254e-6,-2.35801699687658e-6,5.075603308449944e-6,-6.384474152429507e-7,1.0487484733587229e-6,-6.296908444376576e-6,-9.228254659667125e-6,7.0926575664029085e-6,4.786522657989034e-6,-1.3781076578119894e-6,-7.285571867867022e-6,6.0556127077241765e-6,7.627405453625342e-6,6.247063347516149e-6,7.685987324573047e-6,4.812610770072101e-6,8.945577671281661e-6,2.3426485425583518e-6,2.925935713216749e-6,-1.8113359128731694e-6,7.286003659615204e-6,5.224805635525881e-7,-8.792819499393602e-6,-1.1211634616017183e-6,3.844362692499328e-6,1.7595684505434317e-6,-5.31784953535508e-6,2.4954050001387883e-6,-3.473772395451614e-6,-9.66465870249544e-6,-1.0405714969929142e-5,-7.049723644010804e-6,-8.196205109660801e-7,-1.6614971917290812e-6,1.43978392535075e-6,6.964160726666335e-6,-7.036110762886157e-6,-8.467080650304174e-6,-5.494821762169903e-6,-2.1719208650507666e-6,3.3496396768496672e-6,1.6269081873059006e-6,1.173765822105188e-6,-5.682031131095996e-7,-6.329340337270984e-6,-5.407469270010777e-6,-6.430205224315614e-6,-1.4301998130670964e-6,-1.7726836653257751e-6,1.7976554467070013e-7,1.7201098121264513e-6,3.983954714492383e-6,8.772192709208374e-8,8.832193800264329e-6,9.330160910237341e-6,2.23036727426329e-6,-2.437824406902712e-6,-7.874456293236898e-6,-7.672331072131616e-6,-2.709630147539137e-6,6.606228961109924e-6,8.451603753327443e-7,1.745032909268045e-6,-1.1638447406003092e-5,-6.155538178320027e-6,3.0234876197665733e-6,8.933144330101617e-6,1.8468311061897015e-6,9.14657951026078e-6,4.038016433025792e-6,1.7656160226140934e-6,2.8494873112983036e-6,1.3588848063438286e-5,1.184757996779557e-5,7.102488693939369e-6,-2.223978857602618e-6,-8.493757998519549e-6,-1.0475476361637997e-5,-2.0346677376002565e-7,4.0056204146031366e-6,5.225778097844293e-6,1.0384501413882966e-5,-3.2105784455569892e-6,2.443895551136406e-6,-3.3068855620669033e-6,-9.0902735876966e-6,4.323249172736779e-6,6.40909797986304e-6,1.1459548175586555e-6,-3.150288200257939e-6,-7.36523848685479e-6,-3.22904883823606e-6,-3.349987203221454e-6,-5.114228898540924e-7,5.568802152944582e-6,6.326780614821909e-6,1.620451493340202e-6,1.3274258189388231e-7,-5.602523536432816e-6,-7.509242493926157e-7,4.843340905521698e-6,4.834116002338033e-6,1.00539450422842e-5,3.8192416595807235e-6,1.335863335082425e-6,-2.119540037827276e-6,-9.21077302485984e-6,2.402008512826739e-6,7.362442031511655e-6,-4.685315981877574e-6,2.049127411952957e-6,6.165847554718806e-6,3.265650303023872e-6,-5.163316647462266e-6,-7.22076898677451e-6,-4.933074657513391e-6,-1.084129978939837e-6,3.8585312025932795e-6,-7.826112637912265e-7,-1.5879465954674345e-6,-1.5600508144235546e-6,-1.2479806035979024e-5,-7.094355588552928e-6,-2.9652343161536467e-6,2.5964942638735096e-6,-2.523129388721801e-7,8.454123565397634e-6,-3.4017510147677326e-6,-8.961384491207095e-7,-3.958344888263554e-6,4.634502277675212e-6,3.5881714073504785e-6,1.2033227495818577e-6,-1.2231075943410496e-5,-9.245281510088273e-6,7.093456250706738e-6,5.060717266762694e-6,1.4047896476942215e-6,1.0971617196766292e-5,1.0828896437514982e-5,-3.3332098245239083e-6,4.5273874732952125e-7,3.315729957395833e-7,1.0119055895683077e-5,2.319326214135908e-6,-3.412177060456506e-6,9.55861935692483e-7,4.014597476287733e-7,-9.811874464364997e-6,-1.1412855845431746e-5,8.811087463291217e-7,1.5374506621460558e-5,-6.426530610534404e-6,-3.2809486825346756e-6,1.1670995536383155e-7,3.7188389510920642e-6,4.390964672144038e-7,-6.745742849314505e-7,7.296705342444635e-6,2.601890858275898e-6,-2.7006204480792435e-7,-1.1057061867311829e-5,-9.821859405146676e-6,-8.75390889595414e-6,-2.5995838702322376e-6,-2.412482187655386e-6,1.0630370557017616e-6,2.278263764983132e-6,-3.721668505989933e-6,-1.0141279444702966e-5,-2.520273117373116e-6,-4.803122862939678e-6,6.133515696758936e-6,2.4974687601449413e-6,2.0088858439307617e-6,7.386519951996954e-6,-1.1705580160740773e-6,-2.1067339026406504e-6,-1.4388591261945847e-6,-1.5047781684170582e-7,6.742562369200946e-6,4.997613879892108e-6,4.687531484690774e-6,-1.4667041411592923e-6,-2.6502098424880917e-6,-3.964874048798394e-6,7.044968130235517e-6,-9.540953712029447e-6,4.730924537448784e-6,-6.816568012539378e-7,-2.233608955768562e-7,5.8606578604333654e-6,1.847252021577731e-6,4.356924400503575e-6,7.9527744420701e-6,1.0168355106536827e-6,1.6569844552575317e-6,-1.6884379092665106e-6,5.079068820641023e-7,-1.3125701809526054e-5,-1.3895596660077362e-5,-3.598129551144271e-6,2.495139577325442e-6,-1.769669431922596e-6,-1.0142296463475582e-5,-5.150892662322157e-6,-8.475371742875917e-6,-6.328646671236129e-6,3.5955034648926036e-7,1.384725846085383e-5,9.06035322350909e-6,-7.492445151261778e-7,-2.4092092292335656e-6,-1.6315718438035058e-6,-6.183701714604802e-6,2.3087228945185394e-6,-1.3736493425385104e-6,6.261777079334172e-6,-5.192526769781654e-6,-4.9928748438452995e-6,-4.415895120670796e-6,3.9412856840485215e-6,4.2965462837428815e-6,-2.3675210081503987e-7
0.0002514507034565488,4.092499558729492e-5,5.233923155813403e-6,-6.605744999262917e-6,-3.2695459393015513e-7,-1.1931258556005806e-6,-3.133267180957484e-6,-5.361700766946002e-7,1.2545556584987786e-6,-6.336532307067877e-6,-1.8920244346647766e-6,5.3272514775491525e-6,3.613801358499968e-6,-7.03994383027708e-6,6.180291905358657e-7,-5.372402627025162e-6,-8.846566499943783e-6,-6.821726163803644e-6,3.4330619948340524e-6,4.415761681878816e-6,-4.690304011470633e-6,5.051493210879856e-6,5.835287175947531e-6,5.937709090601589e-6,-1.8082294317987455e-6,3.725630527338861e-6,2.482850481743337e-6,-6.4595458620808504e-6,-5.8067983661901185e-6,-6.408888402159173e-6,5.9579332874363044e-6,-5.297922103135105e-6,-1.335486546858431e-6,2.0380575788633357e-7,-6.011530833049581e-6,-3.871237770959246e-6,1.7305314625221121e-6,4.358591283458032e-6,8.738955718035851e-6,-8.51469336568986e-7,-6.782012644048633e-6,-4.2527843984738155e-6,-3.1656046224772597e-6,7.862764131175915e-6,5.539388863892624e-6,-1.815014970041862e-6,-4.011094976144209e-6,-1.907889193907081e-6,-2.9028695630586384e-6,6.747549546474983e-6,3.491416854031801e-6,2.4315352097847117e-6,-6.050035469537228e-6,-7.293066723954176e-6,-6.232484760551085e-6,-4.087682687318832e-6,2.038707510523536e-6,3.61124725634659e-6,-3.772709176856593e-6,-3.7147512743528105e-6,-2.9783926956741976e-6,-5.8207579588096606e-6,-2.1440819075465498e-6,-9.07241820036861e-8,1.5067913916477773e-6,6.727913128431706e-6,6.142237712002125e-6,-5.237519313785245e-7,-2.0084309108603045e-6,-2.424668465248993e-6,-5.915639036814562e-6,-2.5342950826698986e-6,6.1281707873286116e-6,4.344144361703849e-6,-1.4615164749710728e-6,4.662792539010297e-6,9.954695935748442e-6,3.5356574626062714e-6,-5.020632484953177e-6,-8.328456081372254e-6,1.0978446689960288e-5,4.209060830741946e-6,-5.611851269129359e-7,-1.6000214777957276e-7,-3.083575747897485e-6,-1.69019428315676e-6,-3.0322676799445357e-6,-5.0665767481879226e-6,-9.744681306286992e-7,-1.6431365458334786e-6,7.795267182467273e-7,-4.248080898603367e-6,3.0033830080047477e-6,7.057799964412527e-6,-1.1434562242376869e-7,-7.006968856564418e-6,-1.1020149188623243e-5,-1.0020110795050225e-5,9.492006375041503e-6,3.098047474816085e-6,-1.5649468893671327e-6,-6.529029007947807e-6,-1.3793630440500817e-6,-5.01130806309809e-6,-4.5288711980904935e-7,-8.246204636118371e-7,3.6285051396716573e-7,1.51496327227728e-5,3.341190972988391e-7,5.345703276662135e-6,-6.631295283110907e-7,3.980520688962734e-6,1.0833261158292313e-5,5.974422004005744e-6,9.512362519543767e-6,5.421377022948065e-6,3.4524021240659023e-7,-5.928229054969835e-6,-5.927255597066388e-6,-5.199919921872463e-6,-6.248124673770135e-7,-2.3049629047363e-6,-2.4377417919987404e-6,4.468189641453739e-6,1.5394189983887615e-7,6.352995963985847e-6,-2.7792052358170836e-6,-4.695005176790272e-6,-9.325254568433071e-7,-9.331289288689575e-6,-6.373708769014425e-6,-1.2962822150647143e-5,4.574104125640519e-6,-2.8581934131242133e-6,-4.75874503848506e-6,3.1361019333276345e-6,8.270761292749576e-6,4.459115033889449e-6,-1.2327961578322848e-6,7.945245587767045e-7,-9.144905822971031e-6,3.7435082519732987e-6,3.2139616143876048e-6,-8.081187388467474e-6,-3.515531786117646e-6,1.5305899231911956e-6,-7.889125358074022e-7,-5.593973681593779e-6,-5.288507753479376e-6,-2.0788135184468438e-6,4.4309686623992495e-6,-6.17014146402337e-6,9.099991168278229e-7,2.0183668541736285e-6,3.029759548888619e-7,3.656964911216593e-6,7.029062045418865e-6,5.045088770780599e-6,9.654319421695953e-6,-3.885908017606411e-6,7.601933508222194e-6,6.655677346353521e-6,-1.3369245440016663e-6,-1.0800775405364032e-6,6.3642815480844235e-6,7.122979987361745e-6,2.1804471725061364e-6,1.5010517924957639e-6,1.2665811697809587e-6,1.674148522424408e-6,-2.0718469518345193e-6,-5.974430041805357e-6,-5.076137813182793e-6,3.0790399299934104e-6,-4.363759373742525e-6,-1.2354853446268714e-6,-4.463738901746237e-7,-8.119867127143115e-6,-4.448210133324276e-6,3.766347533725823e-6,-1.0709280791755695e-6,4.9119871672926874e-6,-6.014711213360019e-7,3.1061620173915293e-6,-1.053875906348448e-5,-8.734541286827267e-7,5.789466925873544e-6,4.647172590772102e-6,7.857717406136697e-6,1.8200297782281775e-6,-4.771354192632133e-6,4.015928429780721e-6,2.6968409963515917e-6,-1.356344986446377e-5,-9.364351453642766e-6,-1.5868523097176841e-6,-5.9266771522700075e-6,3.127782453242917e-6,2.495614387682497e-6,5.113736369027949e-6,3.1716014629042533e-6,-7.471709608600652e-6,-4.516142714873548e-6,-2.146011644719307e-6,-4.6015556732097505e-6,5.153557301411639e-7,1.9000815220304569e-6,-1.0897027202454808e-6,-1.2316602247217301e-5,-8.033108000118252e-6,3.1473898287296076e-6,-5.146505647517592e-7,-4.845810679768684e-7,-4.143737695548132e-6,-2.158222008156508e-6,-4.213149549992961e-6,-2.7037550428069404e-6,2.971699963609749e-6,5.412192343637365e-6,9.956933014467555e-6,5.705248360868293e-6,8.295515002903573e-6,9.402867232999669e-6,5.709592430022801e-6,1.1854785501836451e-5,5.083025509797153e-6,-1.3238377888830907e-7,-5.525836748978852e-6,3.665756133412364e-6,5.901951881024344e-6,1.041206285683012e-5,-3.5336217724723337e-6,8.975238289319445e-6,-2.506348276523295e-6,-1.369695153453294e-6,9.849710554531992e-6,3.900472657868873e-6,7.741636394297361e-6,-3.5682551797115635e-7,-5.142387692606338e-6,5.538436792624478e-7,5.344783037760111e-6,4.669675842604861e-6,2.391961102755013e-6,-1.1244422243968488e-5,-7.2374425940388226e-6,-2.910679486842732e-7,4.690975487450757e-6,3.6355943292818956e-6,6.165474908514945e-6,-3.918489653661904e-6,-3.290375107960127e-7,-1.0711635846285937e-5,-7.6176623845216315e-6,-1.3977551582346188e-6,-3.929349123402987e-6,1.124083367278028e-6,4.261357960015595e-6,-8.282509063136891e-6,-5.636321784520524e-6,-8.872385501491525e-6,6.815980606175429e-6,5.269185867714437e-6,6.791405137740598e-7,-7.684211556427344e-7,-2.6240170568843933e-6,-6.443425042667732e-6,8.761797997944738e-7,4.487112988279105e-6,3.941623459392153e-6,-4.7884594142668615e-6,1.2000216191594912e-5,3.540932682934519e-6,-6.453205008239492e-7,-8.936268266012668e-6,-4.536533262390648e-6,-5.372891498216363e-6,-1.3009207432373703e-6,-3.151383235898462e-6,4.052709230433176e-6,3.7387863329909863e-6,1.9128140857819112e-6,-5.607793788803102e-6,3.899625010117641e-6,-5.764122718851499e-6,-3.5475205875393924e-6,5.872818235985529e-6,2.1405880374283564e-6,-2.8163320004115213e-6,-1.0066935357662646e-5,-7.968462549201807e-6,1.9293574501164913e-6,3.56606945131349e-6,-1.2329764716896874e-6,-1.0351873949935415e-5,-6.687718580322902e-6,1.6688313955233804e-8,-4.611922395348581e-7,-1.039355075383582e-5,-2.5363888294973667e-6,-1.026351189575877e-6,-1.1761963366242612e-8,2.3873797858298336e-6,-2.5024802617428086e-6,7.97242392188545e-6,4.744504518664744e-6,8.60586399660123e-6,2.950997198624694e-6,1.0467030944851114e-7,-7.591342877644117e-6,-6.696638974136499e-6,2.749747672872754e-6,-2.862914836452269e-6,5.964613779376964e-6,9.774296652018654e-7,1.926948090724539e-7,-9.087648269583632e-6,-1.1428049338911759e-5,-3.4458432993906268e-6,3.3235925288477354e-6,-4.7621366858992674e-6,-2.6880857341774312e-6,-1.0283811994459087e-5,-5.2016305324502815e-6,-2.540808158104416e-7,-5.587112759779224e-7,-3.3985048033927077e-6,9.468506775250627e-7,-1.0001865212615929e-6,-5.420925884789488e-6,-1.4540153699003436e-6,4.235415361120407e-7,-5.759217080354407e-6,-3.215308628692215e-6,-1.5741588412141924e-6,-7.2134680163599615e-6,-8.908065996479759e-6,6.686470045612126e-7,-7.772492172114537e-6,-5.268672684269193e-7,-3.3629017260306653e-6,-8.532957102495191e-8,1.784876995992569e-6,3.3682852676718297e-6,4.313648665675491e-6,6.551841249416971e-7,2.6839357225425166e-6,1.200335891808595e-6,6.31809407865818e-7,-3.848849260411317e-6,1.776806551604449e-6,-2.9398608814714677e-6,3.2605684297260143e-6,-5.180336090152658e-6,-4.418416245835681e-6,-3.7123150204609065e-6,2.255483806969293e-6,6.662114842865051e-6,-7.718292073142745e-6,-8.315114562067253e-6,-2.0279786404136065e-6,2.8946323492501506e-6,-1.0451082201724616e-5,-5.82503214281983e-6,-4.44875932017307e-6,-4.3030281592461794e-6,-1.2113635759972683e-6,2.8887793624556606e-6,7.216107808288221e-6,-2.250233310990923e-6,-2.9125717559480107e-6,2.0546383429875686e-6,-6.671327742347573e-6,3.990427982028511e-6,6.794173274991367e-6,9.467819317143806e-6,1.733084811907903e-5,-1.8036030276504108e-6,6.328519028014823e-6,-5.235122806893834e-6,1.4872002953459073e-6,2.6145623014717335e-7,7.581082957509492e-6,-6.091199606004617e-7,8.279321049702248e-6,1.9128425756910483e-7,4.095274155490216e-6,-7.039146809659056e-6,-8.752165389540813e-6,1.6041455031436208e-6,1.158557829715988e-6,7.370487740473171e-6,5.673898647479135e-6,-1.4877452271392497e-6,-2.0023591394779923e-6,6.1937233243738626e-6,7.78998702088207e-8,-5.481147528628935e-6,-8.006438642488982e-6,8.280457218174739e-6,2.6075066438974234e-6,-6.783212256863686e-6,2.626657394155834e-7,1.6806209408209176e-6,2.812393263771089e-6,-1.3984512914743343e-6,3.754037016442258e-6,9.418223158563399e-6,6.132851483085075e-7,-5.466222065660048e-6,-7.147189725084596e-6,9.445650575645475e-6,7.473387517055613e-8,3.1024792670889006e-6,-2.5002935027019277e-6,-4.34658734261144e-6,-2.3187263461107257e-7,1.2333967260036496e-5,-2.9005266756137844e-8,7.348201121265668e-6,5.557535260699538e-6,5.958196530249943e-6,4.399466228713335e-6,1.3465043738317425e-6,-4.512312351107838e-6,-2.098600554562098e-7,-8.140001226995774e-6,-7.371310427585399e-7,-9.149928584299483e-7,-2.9772028023083803e-7,-3.6083616176516043e-7,-1.4070067578117445e-5,3.4158585077956084e-6,-7.672705447339728e-8,-2.7897536750555273e-7,-4.8608947808276524e-6,-1.2206881272561176e-6,-3.223162656210928e-7,6.225409123188838e-6,5.645187942667902e-7,-1.5462687604644156e-6,3.51562304310119e-6,3.6641918401078773e-6,-3.394758370850978e-6,1.061240077103271e-6,-5.41798311264974e-6,6.335394309546256e-6,2.471197856840161e-6,2.1736773112167363e-6,5.313751956272821e-6,-3.180415010391954e-6,2.045168348765556e-6,-1.2380224786157953e-5,-2.466980864638652e-6,-7.895209144601572e-6,-1.4828675044870673e-6,-3.430313478780282e-7,1.3442366872580834e-5,2.381962873178168e-6,-2.20337033265668e-6,5.470907434534134e-6,2.7658353619035107e-6,1.2025818730802048e-6,-1.1888281998755914e-5,1.7176114598563753e-6,3.1065012682989575e-6,6.8075109639966585e-6,3.0852103939541424e-6,3.931774867515687e-6,4.916510748720249e-6,1.5834860823956862e-6,8.081644518944191e-7,-1.0608987088862523e-6,-6.237465110300713e-6,-3.8714758545508086e-6,-9.863363035806935e-7,-8.092832481873107e-6,-1.189584421944286e-5,3.525911948158989e-7,1.2175871169276553e-5,5.723331319568581e-6,-8.171222747938387e-6,6.921318168254116e-7,1.4817603399308633e-5,-2.288572257862539e-6,5.627227371291119e-7,-6.158748602866752e-7,-5.5019291436147e-6,1.8566368115635171e-9,5.128804890086476e-6,-5.813949624736328e-6,2.8220376975395283e-6,5.407811004366973e-7,1.0035836546236404e-5,2.0809577056771116e-6,-1.0866982321380538e-5,-7.092414599872922e-6,-4.470299263275331e-6,7.0051695399327315e-6,-7.773703169378242e-6,-8.467348911615067e-6
0.00024275560893494307,3.563347709588034e-5,1.2989838207636864e-5,5.507457780753289e-6,3.576235170717916e-8,-1.8307475718339679e-6,3.061406752967345e-6,7.530437522238678e-6,2.778526949190735e-6,9.108050171178617e-7,4.828616251875765e-6,-5.018647090964687e-7,-3.9016196121010735e-6,-1.5326460006433561e-7,7.534008103971177e-6,2.1097579747510005e-6,8.824536153877103e-6,1.14866668367809e-6,-3.06967796367351e-6,4.655637490580899e-6,-2.1544358895566507e-6,5.048729079901492e-6,1.7626422398496613e-5,8.473955008108744e-7,1.5058650414250712e-6,4.171667086506968e-6,4.462914999102046e-7,-1.8123526420287783e-6,7.727650030944723e-7,1.420068366437551e-6,-5.576709470899056e-6,-8.884635008428886e-6,-6.960778444754516e-6,-3.59918064107143e-6,-3.787438991122206e-7,5.220741808997351e-6,4.135681326974563e-6,-1.0592748710929953e-5,-1.475966040416376e-6,-9.013608696979797e-7,-8.210685816329036e-6,-2.8853758015153117e-6,-4.397875413942065e-6,-2.1234726332143974e-6,-1.082332672856695e-6,5.056696117867567e-7,3.6847613920942773e-6,-2.76379603751287e-6,5.403791559860987e-6,-4.804112087572763e-6,-1.7017369901157882e-6,-3.5807059913314682e-6,2.120936023296931e-6,1.2007821568395314e-5,5.96474535876257e-6,1.635730747611118e-6,4.578815380071092e-6,8.11924085817272e-6,-9.812646003035253e-6,6.421960941078386e-6,-5.983036727920541e-7,1.4124922505226169e-6,-8.382814141277566e-6,1.697863562589872e-6,7.47707301349343e-6,-1.967497814078967e-6,-2.9541523597342947e-6,4.28609812636501e-6,-1.542984627369849e-6,-1.4796667044598617e-6,4.331320179359424e-6,-3.7538191901894256e-7,-3.625397740616391e-7,4.241246622676031e-6,-5.989783692320661e-6,4.057580326522626e-6,-1.5651390230802055e-7,4.929438887475262e-6,-6.307886137925787e-7,1.8989235775092642e-6,4.0099242850199386e-6,1.7644959712005928e-6,1.7944805409034852e-6,8.852427518440999e-6,7.817472183817626e-6,9.484220743287872e-7,-1.0102761128159751e-7,5.811333418154834e-6,4.342245018577527e-6,4.411617264565982e-6,4.929064484291321e-7,-3.695305853630673e-7,2.3678794104127755e-6,-9.374300141190244e-6,-3.156412336315572e-6,1.9854230375332146e-6,-8.493560741040049e-6,-1.1018450502533105e-5,-5.801014344203464e-6,-2.5583982475789598e-6,-5.50264970316318e-6,-3.757770098176293e-6,-1.426983293193501e-6,-2.6153987163572734e-6,-3.5956012504947333e-6,3.485732249902453e-6,-4.326371736749081e-6,-1.7834520514150463e-6,-1.1163646865076694e-5,5.430756913098501e-6,4.438503569555628e-6,2.9521383405278614e-6,9.014974790007868e-6,2.011904102557005e-6,2.9110367064177847e-6,-1.5354873318458404e-6,-1.4301090365477669e-9,-7.568681071668053e-6,4.389737878517023e-6,-3.5304131102653475e-6,-4.3532897562960124e-7,-8.768593614511981e-7,-9.40740612088374e-6,2.4860379209504403e-6,-4.057516656150865e-6,2.7857703152285554e-6,-1.4235617816633007e-6,1.7244854759160615e-7,-8.417249798986744e-7,6.259742696354794e-6,5.941944833731519e-6,1.4746921316106013e-5,5.73078986441885e-6,-9.76737088771268e-7,6.824249720059824e-6,-2.225627098705788e-6,9.973761726461177e-7,2.067685959227469e-8,-5.888318457219084e-6,4.920880155006636e-7,4.821348938511922e-6,-1.9416374101284857e-6,8.627705679356218e-7,-7.462906356371424e-6,-4.800578661690796e-6,-6.8588199329048906e-6,-6.054125372644991e-6,2.4198931378116595e-6,4.659512567562587e-6,-1.0298700151651412e-6,-1.3473306502875205e-6,-4.45369419002207e-6,-5.8702057892840075e-6,-7.600357261246406e-6,-8.735794609217372e-6,-1.8905322433359664e-6,-7.99660334204272e-6,-6.244602882142951e-6,-2.3180828274875407e-6,-3.217675385608317e-6,1.5150435856835763e-6,-2.672692124776688e-6,-6.438356932046761e-6,-3.8026208957492175e-6,7.953504129684088e-7,-1.2471256694359515e-6,-9.506553861207721e-6,-9.350606569723206e-6,-7.29528286702646e-6,-8.484385189303406e-7,1.509879173093076e-7,-5.9063523317522e-6,-4.832989138658076e-7,1.934006485472431e-6,3.451177717005797e-6,4.066334799084521e-6,1.2910765125129082e-6,6.529331721924487e-6,-8.275177340446748e-6,-6.0193493728377885e-6,4.497894097170236e-6,-4.74974424143493e-6,-2.5166475049862938e-6,1.297400271760638e-6,9.462497303463803e-7,-1.4793571286432022e-7,-2.991150322074832e-6,-5.322098334768971e-6,-7.153372963659246e-6,-3.688190706004878e-6,4.218252915152049e-6,6.245939514903625e-8,-6.802770516922677e-6,1.640320257164742e-6,3.173631768602964e-6,-5.891415529645193e-6,-1.2371098980687974e-6,-8.663082227548915e-7,-1.8766848191117406e-6,8.431812950430344e-6,1.0670758390155306e-5,-1.8531011200422343e-6,2.0097606550703036e-6,3.397438695662763e-6,8.138812977138611e-6,-1.918011168374715e-6,1.0037036777673387e-6,1.4709635997268489e-6,-2.168072972161531e-6,-6.822669394619857e-6,-3.430515252280478e-6,-6.237179235055893e-6,4.577373251274004e-6,6.069913240031279e-6,-2.389569883171334e-6,-4.399727005114933e-6,-7.129586839222482e-6,-1.3554054733636724e-5,-2.409135163356924e-7,6.9272323926802955e-6,2.5677693843530655e-7,1.96205517960076e-6,4.469435218046342e-6,1.8521702166302158e-6,-9.019011819035755e-6,-2.393589160977656e-6,9.59555059257964e-7,-8.44331410201963e-6,3.1615087747349976e-6,3.3465376253576597e-6,-4.728280421326671e-6,-3.674681922832866e-6,1.6026410098562437e-6,6.991436411332776e-6,-3.4562048662667067e-6,4.588443238399206e-6,1.4261104542436376e-6,-8.545333448734339e-7,1.4150080443471069e-6,1.833292977817555e-6,1.813141277108579e-6,-5.563800672892785e-7,-3.551014700886276e-6,-5.789584806681152e-6,-1.0547923608674328e-6,-4.636320519689736e-6,3.677333179665981e-6,8.922258222867271e-6,3.9938809919410495e-6,-4.663021206926849e-6,3.819421641241201e-6,-4.352373724353213e-6,1.5928966023210403e-6,5.364909761248346e-6,2.8211855774237535e-6,-3.1946819432817963e-6,6.017405513693653e-6,1.8165179036391147e-5,4.906549411490966e-6,2.260052797580599e-6,-8.920538004449686e-7,7.547572259965708e-7,-8.667988401570834e-6,1.3264251269907517e-7,-2.5478367114881598e-6,2.0125554795359414e-6,3.050746173940228e-6,7.716806002241644e-6,-3.625447930257071e-6,1.3375906161736294e-6,-2.834877866837809e-6,3.2679688733352967e-6,1.2999544615964628e-5,-2.09448370298835e-6,-6.679769671777208e-7,-3.107057204630827e-6,4.242609920256062e-6,-3.1160132499767793e-6,-6.120462808569291e-6,6.12637317942937e-7,1.7764232667997702e-6,-2.648059779847535e-6,2.976475472967853e-6,-4.102656305074646e-6,-3.67953097933111e-6,-5.266639155515989e-7,2.4387910974000147e-6,-1.6794223422902808e-6,3.3172553313928935e-6,1.0472026036974479e-5,5.694732826471147e-6,1.0882099987997693e-5,-1.8307821933202615e-6,-1.3032925778084339e-5,-6.9637431913176674e-6,1.4148919376496864e-6,-6.44904562852678e-6,-2.630665352863596e-6,-1.6869727106458548e-6,-2.8260812963097873e-6,-6.43829551482712e-6,-6.237351296923629e-6,-6.236620428101431e-6,2.2309865433636256e-6,-4.6739584378654326e-6,5.839822840305342e-6,8.59691517391859e-6,6.8421220609857686e-6,8.114204055801242e-6,6.298424005814156e-6,-3.383406284985368e-6,5.413030804188502e-6,1.7294682386640517e-6,4.17828032462039e-6,6.322490000914447e-7,-3.0152416025889034e-7,2.2534424120148493e-6,7.275140981528724e-6,-7.646754319040564e-8,-9.973117878129654e-6,-1.95134133939824e-6,-4.8157768711159836e-6,1.0408260188017008e-6,1.6493053607546004e-7,5.050651299359575e-6,4.100344042885588e-6,-5.9904727499666e-6,-3.6750653278023874e-6,-4.259262180642929e-7,-8.525034821196859e-6,8.828940670675142e-6,-8.420877190099494e-7,-1.7648910026834108e-7,1.2631698440054254e-5,5.18452168356041e-6,-2.261013810077274e-6,4.494855191866756e-6,-2.846624931443923e-6,2.297560659804087e-6,1.00074655005074e-5,6.116716108771238e-7,2.687920576931757e-7,-7.022168937222873e-7,-7.613813357522337e-6,1.2397276345951258e-8,-4.997088593500673e-7,-2.2506095013509075e-7,-4.630992633393981e-7,1.9453146816797677e-6,7.098453351449856e-6,2.661212886839859e-6,-6.53994775586423e-6,3.162312330638889e-6,4.1768940235867407e-7,5.594809733657181e-6,3.2556092175229925e-6,-4.137051516494788e-6,2.0915783700618433e-6,1.4785328775647584e-6,3.2061915046968608e-6,3.2222454652998504e-6,8.601863960456672e-7,2.6119028861775513e-6,2.9378261164988134e-6,-4.074709694817974e-7,-7.50962389659196e-6,1.2375625299938974e-6,7.112416791700695e-7,1.3022152307795877e-5,1.1118161611051489e-5,3.3307500553854857e-6,8.58137258834098e-6,3.1050018385898674e-6,-8.848484032350125e-7,3.3146830449148884e-6,6.2448045616177325e-6,-5.989107506314809e-7,5.605624999645053e-6,-2.5235893787860128e-6,1.2125579006248482e-6,-7.245045918683258e-7,9.306564448968728e-6,-8.026282025287883e-6,5.098611531018113e-6,-3.7236688184703703e-6,-1.7338068486465276e-6,1.1772804577413276e-5,5.377850616280553e-7,-3.625836755800376e-6,1.4555674599507012e-6,7.0114842514369185e-6,3.480552389840612e-7,-9.751798046774443e-7,3.95824683709665e-6,-4.073447128545817e-6,8.881551553441955e-6,4.961604629700652e-6,8.080516415589504e-6,-5.060441586039853e-7,-4.285909352851588e-6,5.015299965725578e-6,-3.42468477628387e-6,1.1529630501672977e-6,3.328430245463e-6,-5.958570173668198e-6,4.143666328729809e-6,-3.5208724408862535e-6,-9.216439664732872e-6,-1.8262541019751565e-6,-3.7638367516165304e-7,-2.174402065156556e-6,7.841763184952614e-7,2.2645026845883504e-6,8.389344949402335e-6,-6.436476981628013e-7,-2.0645981946358525e-6,5.644394817327411e-6,-4.713368168898367e-6,-2.675021776118453e-6,2.0681632428464263e-6,-1.4558732887550814e-6,3.21920222985975e-6,1.250859358815628e-5,-1.0656531174605878e-5,-3.820427684326164e-6,-5.243919889991123e-6,-7.803460339037695e-6,5.43418686629255e-6,6.2462430408458775e-6,4.919047048151775e-6,7.630721872151884e-6,7.928830804735757e-6,-1.6521507421940469e-6,-1.6179299906434458e-6,6.076440693455841e-7,5.819379427635036e-6,5.485241540862612e-6,1.3289113686311566e-5,6.656518735356778e-7,-1.0215146920561606e-6,1.5755062902423558e-6,2.9972619552712338e-6,1.0820616313293173e-6,7.970156903822778e-6,1.7037007893680639e-6,-1.1059344660443373e-6,3.5935775632068385e-6,1.9179507973037615e-6,1.4561096176423785e-6,-2.7202669008221753e-6,1.099007015826721e-5,4.119758484421033e-6,-3.830333838757192e-6,-2.7972931633857877e-6,-6.992859570794526e-6,-9.743173577786728e-6,4.802018583601449e-6,1.5131938027828676e-6,-9.903404053227381e-6,2.7628179593423095e-7,-6.030008067396763e-6,4.856323308721988e-6,3.3407279917071836e-6,6.783618490225492e-6,1.9840981297036172e-6,-2.110366931873304e-6,3.6245758221644376e-6,-2.0612716338724672e-7,-1.1687630513302095e-7,3.840599518453897e-6,6.03892772407069e-6,-8.18643503442169e-6,3.4818437646007085e-7,1.9037473848862627e-6,-9.122906502486655e-6,5.924183797442386e-6,5.217952887947779e-7,-8.778800725447022e-6,-1.073095979222069e-6,4.9006486293571e-7,6.977501172806067e-6,6.628357085059182e-6,-2.0544025145041847e-6,1.866640856637471e-6,-9.15993290833364e-7,4.097556734966478e-6,2.333238414091072e-6,-7.72742274833509e-6,-1.8842665471652155e-6,3.7309665246184387e-6,-2.401181782631754e-6,4.7272777152035234e-7,2.1794111789482464e-7,-1.0129748666141935e-5,-2.7229350186985082e-6,7.236258493622359e-6,-1.773013623902387e-6,8.37108738280835e-7,8.077954642350678e-7,-2.9792693411293763e-6,-6.607478690441984e-7
0.00024607677695191927,4.4762152418053963e-5,1.310603786909253e-5,6.508940806188188e-6,-2.4220605785615024e-6,4.515569851061599e-6,-1.4828426916971384e-6,4.0688542795526585e-6,1.7109648456561647e-6,-8.218264332930585e-7,3.1663512502701784e-6,-1.9686288572837696e-7,-1.2839505966893398e-6,1.2338240482392612e-5,6.900300406839441e-6,9.39468647976061e-6,3.198694724457981e-6,-2.676972074810213e-6,2.2858768213845996e-6,-1.1359925977431443e-6,-8.552083357640568e-7,3.92564556008657e-6,3.796731230852915e-6,5.769043146711011e-6,1.199922260549266e-5,4.689631739791324e-6,1.6504554661350231e-6,2.7548466621051603e-6,-2.6004438123261465e-6,7.080091839925994e-6,1.1069438303405311e-5,-1.8361573469915014e-6,-5.337990051839862e-6,-4.855670316261566e-6,6.339838246184115e-7,7.637827693662408e-8,7.948545609144605e-7,5.754141777607889e-6,4.725642565388016e-6,7.556907219064668e-6,6.9930697928037095e-6,-3.7718484050489252e-6,8.308668076913981e-8,-6.9621968510261984e-6,-4.267456868342328e-6,1.9588730488762336e-6,-3.1681743726494403e-6,-7.468486759643686e-6,-2.0678876085089055e-6,-3.058124314754449e-6,4.767591150139175e-6,9.60968111268181e-7,1.7749910732451882e-6,-2.935112854920624e-6,-2.418573332787384e-6,-3.895641348958999e-6,-7.086305644685529e-6,-5.312309231015471e-6,1.08706955986823e-6,-4.22762038189574e-6,3.1127332121079718e-6,-3.8147223598022575e-6,1.6955418700170575e-6,7.081788387607753e-7,6.688748478210422e-6,-1.688837257420252e-6,-3.170951141209101e-6,2.887150891344155e-6,2.0818844176175485e-6,-4.1604201805327766e-7,-1.2865518970060025e-6,-1.8826233669880851e-6,-2.6830987714801034e-6,1.2925952705552296e-6,-1.3770436002560304e-6,-3.038501096193558e-6,3.2045781940254954e-6,-2.411706201132299e-6,-5.045838313288353e-6,-1.7016794206647301e-6,-1.9816912092635545e-6,8.332068001488259e-7,-4.8610018381810065e-6,2.136851281371095e-6,2.7930123019848315e-6,2.623414472851975e-6,-7.923599738383666e-6,-3.884019140428636e-6,-1.0179002193771636e-7,-5.170756704710564e-6,-2.970958377706479e-7,7.927741873607589e-6,-9.707820781715342e-7,-3.5020663981882274e-6,9.907115642160509e-6,-5.027988592746842e-6,-2.6972361900589564e-6,2.976932785216028e-6,9.675704318135036e-7,6.676472119035469e-6,1.3989100829073465e-5,2.577399501781241e-6,-2.1351960121238987e-6,2.443989289487455e-6,6.510878968448396e-8,-3.795764474463354e-7,3.508862437261822e-6,-4.489749587402001e-6,-3.529505149059701e-6,-5.863779525559429e-6,4.657530458242376e-6,8.0556761014795e-6,-9.998637945526309e-7,-7.450391361031569e-7,5.655619991849244e-6,1.8244401760117794e-6,-1.5671932565925303e-7,1.732610624441386e-7,4.561972683100908e-6,3.7666657092115138e-6,-1.0803447287660684e-5,-2.058980290469152e-7,-7.116298756534763e-8,8.659909768928467e-6,7.565882715663758e-6,1.805238085493354e-6,1.4596615194529416e-6,-5.08349997757153e-6,-1.0296875340545063e-6,-1.5133585887835234e-6,2.570357603127345e-7,9.946633088001676e-6,8.416785309224888e-6,7.819698261137957e-6,2.117253441638916e-7,-5.273368799007772e-6,-7.845144137777101e-6,-2.947829333869959e-6,3.248701626845715e-6,3.83480350342934e-6,-9.255846067061893e-7,6.5121394063834e-6,-4.047291404091264e-6,-3.4283077330883e-6,-9.106829492789257e-6,-5.750720911090195e-6,-7.2388828314038834e-6,-1.5840927881146136e-6,-4.5467032306568555e-6,2.992662538713095e-6,6.881240912864471e-7,4.033360470911965e-6,9.051587611871255e-6,-3.1038306424581582e-6,-5.294850922666679e-6,-3.3268031789295377e-6,2.5399486580485593e-7,-3.828750703375779e-6,1.5516277649091467e-6,1.0307931992317627e-7,3.458158600314018e-6,6.716381212309981e-6,7.218565885110385e-6,4.020336550554216e-6,-7.40723147844633e-7,5.1371419073982385e-6,-1.4088006989993703e-6,3.7365465448359796e-6,-6.93964795721145e-6,-1.3721396591710382e-5,-1.0094443698038416e-6,-1.9997850227839764e-6,-8.336519740847216e-7,3.287111059816067e-6,-5.2001201386307155e-6,2.848584595293786e-6,3.074143076314887e-6,-1.2742190765146775e-6,8.442248207527446e-6,1.1522424881822573e-5,-5.950335149005808e-6,4.322854615768766e-6,4.155296000853881e-6,-3.500306119551775e-6,-5.566622187616995e-6,6.782643708490363e-6,7.849915888491739e-6,-8.934249161628806e-7,4.662411093452161e-6,6.846132678933545e-6,-2.363771625449239e-7,3.567995854088091e-6,-8.936651298294711e-8,-1.737479802451057e-6,1.0801022383078826e-6,2.3312406207136322e-6,6.424128404206608e-6,1.402076666427877e-6,-9.984266895675055e-6,2.6671423509279876e-6,-2.4701866358758066e-6,-3.0232714374003895e-6,1.063564616840314e-6,-6.00174465964798e-6,-9.431141474151858e-6,-3.486716779026861e-6,4.651520039155675e-6,4.170228266666872e-6,4.150305870387728e-6,3.100229462467727e-6,-2.9464244559753162e-6,-7.569466768598698e-6,1.377002564899324e-6,1.6265171302275767e-7,1.581629646015902e-6,4.416224765671958e-6,5.233652775064579e-6,6.827082124730101e-6,-6.189899397319926e-6,-5.6474794260045344e-6,-1.955637395807938e-6,-1.4170872747379179e-5,9.684815902609942e-6,4.912801860953153e-6,6.840972314392747e-6,4.2112243594380714e-6,5.970378486256138e-6,2.865925821341415e-6,-6.664523139785116e-6,-3.624681050488763e-6,-6.39718171336128e-6,1.7326032143948473e-6,-2.6432909898963116e-6,-1.79130704064029e-6,-1.2186141558258664e-5,6.9928983459065385e-6,2.498788762476402e-6,5.606665535593703e-7,-4.48841366839341e-7,1.2358805881769507e-6,-7.347540874683332e-6,2.282214890104671e-6,-2.74312960278854e-6,-5.933511855314457e-6,-7.611981862773541e-6,9.021418716803811e-7,1.7214974111043451e-6,-1.587737675733922e-6,-6.681052342351614e-6,-1.8574525155984339e-6,4.193044487177453e-6,-4.332573868818948e-6,-1.2091595470514762e-6,2.4563108559478724e-6,-7.848997313086968e-6,-3.2759880022493787e-6,-2.823979091545616e-6,3.9458905086373945e-6,-8.536728113146879e-6,-6.821642559755314e-6,-3.868246330785966e-6,-6.9815743327681274e-6,1.0022396014883827e-7,-2.670882759087201e-6,2.21678086100556e-6,-5.513029103514619e-7,1.6121096579243882e-6,-2.940729991213027e-6,-1.704397683882315e-5,-6.401258548495193e-6,9.794377887301961e-7,-9.81797285822448e-6,-6.889073780079262e-6,-1.0193442891254306e-5,-1.5940762811238764e-6,7.312315878548714e-6,-5.156621671250158e-6,-5.8554554818708725e-6,-2.841821674707532e-6,1.944132703773299e-6,3.257284587647637e-6,-1.0826065803490939e-7,2.083061600542634e-6,-2.832783733803754e-7,-9.857279711262182e-6,-8.262473027369776e-6,-3.8123308064109237e-6,-4.241821146394027e-6,-3.8846788761286765e-6,7.328628761647784e-6,7.019708606892062e-6,6.902385535762753e-7,-3.810940993495405e-6,1.090071600482581e-5,-2.162970419331203e-6,-1.5810410028167615e-6,7.0888610143761625e-6,-2.5461395465989393e-6,-7.637649908957639e-6,-1.3851783142151834e-6,-3.068459421964759e-6,-7.55370418185841e-6,-1.4546771530466486e-5,-6.088083975533189e-7,2.729232909212057e-6,2.549644184211885e-6,3.2230029415296407e-6,2.3044319782270206e-6,4.517072581531675e-6,7.846378318871475e-6,-9.573614055000777e-7,-4.4841678169883175e-6,-1.0224159067322397e-6,3.9586683381200587e-7,-6.725672053924446e-7,-4.173479345042278e-6,-1.995206253340774e-6,2.7153120286131647e-6,-1.165513985510703e-6,-9.066220086570903e-7,1.7080331418479637e-6,2.916178692150402e-6,-1.5507557887584845e-6,-2.059980827808308e-7,7.758289813650075e-7,-3.3561820220621387e-6,-1.8101200073994178e-6,-6.901549807497592e-6,-4.4956840152772865e-6,5.743748571539993e-7,7.1270371199590795e-6,-3.7440376053101847e-6,-6.057421479332165e-6,-4.7597647059622785e-6,-1.1865170103115014e-5,-4.591406434812527e-6,-4.06434029610731e-6,3.835476271283772e-6,5.157849711363138e-6,-5.665259537491278e-7,-2.5055392125334386e-7,7.713631677983006e-7,1.0104630811519244e-6,4.112211321181392e-6,-8.36006555465718e-6,1.4718509219622421e-6,7.630889905521687e-6,7.872477296488498e-6,7.831275229489375e-6,-1.9039303876664918e-6,8.050152463473009e-7,4.810683175242954e-6,-2.373069066668223e-6,-1.6229738677479489e-6,-2.2473035084686672e-6,-3.1237458012216754e-7,4.111914303457956e-6,2.8772560054096755e-6,5.619292374591317e-7,6.282698370477651e-7,-6.7734255845177005e-6,-2.1048491867468193e-6,-2.7415831561593625e-6,6.4101091759522274e-6,5.4811127094211755e-6,-7.528220734852962e-8,6.981999529261631e-7,7.404972234569721e-6,1.3721572713044229e-6,8.430746289226353e-7,2.239562708807203e-7,-4.242195703781263e-6,8.19663778383139e-6,7.782440574352711e-7,8.553812193493762e-6,-9.164738984062345e-7,-1.178543393434686e-5,-3.3458667546448444e-6,-9.011120057763712e-6,-1.2752634685132866e-5,-6.120644175531403e-6,3.3304054334442167e-6,5.252324091868976e-7,-2.9503217515847256e-8,8.792074124658314e-6,6.064511901376359e-6,-8.177390619256928e-6,-2.5944477774083166e-6,1.02870533005208e-6,-3.2866270394581567e-6,2.9174052059849976e-6,-3.6095631946793008e-6,5.1002170184644345e-6,3.1156547281877662e-6,-6.978919131979406e-6,-3.99301004900587e-6,2.815359001265402e-6,-1.2420483921631926e-8,-6.317547354551505e-6,-3.886959473063588e-6,-6.791583851181215e-6,-3.717450488831446e-6,3.599757910473506e-6,-3.684077801904633e-7,5.543520367232127e-6,5.701815987515713e-6,1.7563813689132519e-6,8.086790416382984e-6,1.1492398220624498e-5,6.606880788579495e-6,-7.088446979070812e-6,-3.192756123987921e-6,1.3643416900079122e-5,3.3920604189029535e-6,8.583520291654648e-7,6.7721942328227455e-6,-2.85416247819209e-6,3.534709497023648e-6,-1.5080385496195965e-6,-6.821593916016302e-6,-2.9803008888294506e-6,-4.2895835842167855e-6,5.253257747385455e-6,-8.462575821787957e-7,1.5930990280237367e-7,-1.496868482502051e-5,-8.979562514864e-6,-2.516900447675852e-6,-1.1683775050219887e-5,-5.70340992059852e-6,3.0499307074245523e-6,5.494678396409608e-6,3.2403083774124702e-6,-5.4529589619333674e-6,-9.597459788326505e-6,-1.1606225633009622e-5,2.683903295032301e-7,2.9243685423408036e-6,5.265694236908483e-6,-1.1614324450981899e-5,-6.370993985355816e-6,5.790554237366941e-6,5.4649301309772615e-6,2.457041826760349e-6,-1.211656994747857e-6,-1.6297680170506724e-7,-2.0564902862972343e-7,-1.1592835219202951e-5,1.9710753479438375e-6,-1.2815335898635685e-5,-1.2014440153421029e-5,8.421244677396756e-8,2.4030167379498134e-6,-2.8908513524623896e-6,-1.2498264140797869e-6,2.9584493662706423e-6,-2.1965904795264718e-6,4.812727233072124e-6,2.062231568857524e-6,-8.535276102577254e-6,-7.337134238219639e-6,-4.578948163992718e-6,-5.507081433574315e-6,-7.016884199252707e-6,1.9002938531373693e-6,-2.253809142135023e-6,-1.2123213584544086e-6,-7.873756829511863e-6,3.934239724686797e-6,2.809781462582682e-6,4.227120442916337e-6,9.317272544122737e-6,1.1532458157827119e-5,-1.73799990286228e-6,-1.5868361999600366e-6,-2.5700198642873098e-6,-2.753518626274781e-6,7.312726045332589e-6,3.2045226984449133e-6,9.190021598574442e-7,-4.8632481995485634e-6,-7.139608946160084e-7,1.1724828759231065e-6,-9.003481721361605e-6,-1.5366720401045699e-6,-9.646092583632456e-6,-7.212961063073637e-6,-6.42072305589649e-6,4.143726800259038e-6,1.1078015095428192e-6,5.381634601336118e-7,5.896439851280969e-6,5.6379247219504735e-6,5.602502085183047e-6,-4.6408214930403e-6,2.185503800313791e-6,3.6407355268606406e-6,-5.899160099022943e-6,-1.0147186771230448e-5,-1.0297732360535844e-5,-4.554250269760204e-6
0.00025607252999011336,4.061374892924714e-5,1.3004007402029837e-5,4.502659151787037e-6,-2.180066818039271e-6,4.842725844665295e-6,-1.2460762017040128e-5,2.2461289178783394e-6,4.405684692365897e-6,5.010138582701243e-6,-7.851726189940131e-6,1.1050870730447458e-6,5.988061102725973e-6,2.000466815739998e-6,2.677474235177838e-6,1.7486841933764098e-6,3.869802683548168e-6,4.2449968743741255e-6,2.6144025282331854e-6,-5.645650694688871e-6,-1.1685412348265241e-5,-8.291886864733968e-7,-2.5713090563955273e-7,2.74594228822851e-6,-3.1323377272899875e-6,-4.580130743256719e-6,2.008844136450618e-6,2.066324834653796e-6,7.177535541779342e-6,7.398174712442973e-7,1.0263951110765754e-7,-8.087800346474967e-7,-1.6220653569489513e-6,1.1756559810344672e-6,-3.7491295645420785e-6,-5.140385477094816e-7,3.859300672498423e-6,-3.6400061339072887e-6,-1.8035714229993706e-6,2.246910428614751e-6,2.315681839211352e-6,5.847427037733576e-6,7.553693289327636e-6,-4.717623922690849e-6,-2.347486470748965e-6,1.2950958439951786e-7,-3.7641180725198872e-6,2.3619511913307694e-6,-4.3437728636542205e-6,-2.3067676212763892e-6,-4.715297393913873e-7,5.305268683902897e-6,-9.787014884619373e-6,2.5429879746315527e-6,2.1556718376727095e-6,-4.691666602501847e-6,3.881933246168674e-6,5.763075917707589e-6,-2.8797957532036446e-6,8.800421339370218e-7,4.72302624410428e-6,-4.004145526188615e-6,5.85678060276637e-7,9.357544883425686e-8,-8.47833737913186e-6,-4.164212162900618e-6,-9.53000968075022e-6,1.3130419991747517e-7,2.4509439416083634e-6,9.12584719006293e-6,1.1231178770549387e-5,4.82828041991767e-6,7.431848866172973e-6,-8.394044990184187e-7,1.0114816917714833e-6,-4.925844976700214e-6,-9.859675514200351e-6,-3.954862153948559e-6,-4.508480762029373e-6,-1.8627048095467896e-6,-8.888487247793603e-6,5.838151916248806e-6,6.021018738254798e-7,-6.312676179377999e-7,8.512259764756737e-6,2.5129239213680874e-6,1.1901271381900954e-6,4.019154049805215e-6,-1.1656908408422505e-6,-5.813504351571528e-6,-2.9230863495912696e-6,-7.756970408713455e-7,-3.435287155377306e-6,-4.509747740826119e-6,-6.893236024466907e-6,-2.889099194785238e-6,2.411696659137574e-6,2.2931370843607488e-6,2.3388496157043007e-6,1.2698703201289555e-6,3.1727373677320265e-6,5.607222253455983e-7,-2.570805117078308e-6,8.44413121272797e-6,9.847856723976667e-6,7.41922363941954e-6,-1.4082731817210489e-5,-1.7139753896733018e-6,-1.3432090613197712e-5,-1.1419318498446321e-5,5.3971331694732245e-6,-6.1964601639243555e-6,-8.153420755993123e-6,-9.270614370797023e-6,3.3741356752864583e-7,-2.066919109412518e-6,1.0208161662158054e-7,-3.084936667121897e-7,-2.045592112419774e-6,7.835071998362925e-6,-2.4583113036881442e-6,-2.6472511869274996e-7,3.649757000644769e-6,-4.220564587136892e-6,-1.154635956151788e-5,3.7006993161524194e-6,4.7856618875619124e-6,3.117719656487952e-6,2.9463867747621e-6,6.469321190224493e-6,8.212516614712556e-6,2.399422955898837e-6,-2.162681357199493e-6,7.112199952678166e-7,-2.0267745708457804e-7,-6.686654698722848e-6,-1.0537434918069233e-5,-7.19942734503423e-6,-3.6554075156744665e-6,-1.3680620382327147e-5,-1.1902117560530953e-5,-9.274383645559497e-6,-8.651832878705486e-6,-2.2057345061694688e-6,-1.2511663470000212e-6,-3.854862071073771e-6,2.034467023553393e-6,-5.992796510571512e-6,-1.107293896718124e-5,-3.837811642480283e-6,-1.2690394921028519e-5,-2.0711813790581476e-6,1.0359743086651228e-6,-1.0474866485513043e-5,4.5435969436676e-6,1.8927545548880893e-6,4.497754903520139e-6,-8.507655005286124e-7,-3.6978979101463783e-6,2.254307391827892e-6,1.0084388668989615e-6,2.963570177779937e-6,-8.198631990240951e-6,-4.937297589988709e-6,8.418557624165084e-7,-4.845178523548114e-6,-3.161775772889108e-6,3.382363170001549e-6,6.408691194643857e-6,7.214429831487963e-7,-5.547344219187773e-6,-3.555047649242446e-6,6.228227000929773e-6,1.3445883108685363e-6,-5.924547644972218e-6,-9.501578342726912e-6,-5.164390713326621e-6,-6.476360346753955e-6,2.5581328737629207e-6,-3.2402846961538895e-6,3.742628845760482e-6,6.90621904751155e-6,4.82394420228284e-6,-1.2412588254972028e-7,5.621498259870086e-6,1.8222526850846411e-6,3.1295058713010525e-6,-2.66390401406737e-6,-9.692070641911005e-6,-3.0387936739147607e-6,1.2968359538099328e-6,-9.702744196938584e-7,-3.0918430965972512e-6,-4.2292728114306765e-6,1.1206560960961729e-6,5.072838971941527e-6,7.381648995303956e-6,6.626478359178043e-6,3.4119805244175264e-6,4.515075098775405e-6,1.032602407622322e-5,4.932848075748794e-6,6.682427456979761e-6,6.4031783083469485e-6,1.2070008621743852e-6,2.1513905325812635e-6,-1.9772572836140848e-6,-6.258846546981165e-6,3.2186910619187617e-6,-1.3941962654103464e-6,-7.1647261256556035e-6,1.304337454113774e-6,-5.865626415722666e-6,3.5491164610390604e-6,1.5242868082489749e-5,-8.537242413206599e-6,5.1928473761462356e-6,3.723313886300681e-6,6.7565553053259914e-6,9.682045333188124e-6,1.4016805742745663e-6,3.252874609962725e-6,5.289316942750977e-7,1.1906721129971128e-7,-2.285346782028573e-6,-3.3943266269683366e-7,-1.4631075322428935e-6,6.9035042486247505e-6,1.0882909352317695e-6,-4.250889231650126e-6,-3.3902486470092396e-6,-6.918096596735852e-6,-2.2071071433036907e-6,-4.222666275538051e-6,6.523686124690132e-6,6.965890077980734e-6,5.915028677710169e-6,-7.919026352715122e-6,-2.0324800092291133e-6,6.1664335301596465e-6,-3.443136192379305e-6,4.695968382490145e-6,4.5401388291410687e-7,-8.945180514737094e-8,-4.559135541569369e-6,-6.33854355938974e-6,3.7771779964423124e-6,4.72777470586252e-6,1.003835933436608e-5,5.796626406929432e-6,8.010631607537054e-6,6.616133504425388e-6,2.628097902117536e-6,9.943166572531252e-6,2.5414991708671503e-6,6.60277410858628e-6,4.000433334377766e-6,-1.404511433184927e-6,1.2614191220113492e-6,-4.034515380502976e-6,-1.0809244770137754e-6,-1.5462367882927837e-6,3.958861840077132e-6,5.739208138397536e-6,7.432672158636287e-7,7.108087933130582e-8,-1.368464812564915e-5,-7.683443324547736e-6,-3.028428445006911e-6,-2.5979591888759453e-6,3.1501317271331952e-6,3.3074673142234087e-6,-1.0759422777092526e-5,-7.348771767720377e-6,6.826043939739281e-6,1.0022177143072947e-6,-4.0074503169274654e-6,-6.931141948761024e-7,9.011470848392343e-6,4.4531008901819565e-6,4.037164903075795e-6,4.694852462706648e-6,-6.489018001118512e-7,-2.2537140231883537e-6,3.5450467739248593e-6,8.164071810791182e-6,1.3591666508556678e-5,1.7366351115729166e-6,8.669788322670998e-6,1.3525998752726278e-5,-1.2282413082337261e-6,-6.204619497989503e-6,-2.459144858037624e-6,-8.820831461475222e-6,-8.025651608494408e-6,-5.464582482487461e-6,-7.274774120608028e-6,7.375223914767982e-6,4.573360402716991e-6,4.832227597914197e-7,2.230960816662685e-6,1.3673568495517183e-5,9.994612188133846e-6,2.237330135199087e-6,3.143345329378863e-6,1.2817550250647966e-5,9.558190961050592e-6,-3.2308424305828523e-7,4.132022389369532e-6,-6.952828910279423e-7,1.9526621321388654e-6,-3.052206441418032e-6,-1.1321890479927372e-5,-6.505890969481872e-6,-4.953609070442651e-6,6.255505194387143e-6,-6.173687660563365e-6,-2.10034494893079e-6,9.490746718899849e-7,-2.332688917547133e-6,-5.285864266108251e-7,-2.0460515654548792e-5,-1.1590865787189179e-5,4.879262738661551e-6,8.176551160957775e-6,4.914460089607586e-6,-6.338998493519257e-6,-6.839261656737363e-7,-5.84207325481002e-6,-1.0441029104387534e-5,1.6791660837126713e-6,4.301694891976504e-8,-1.905545197402138e-6,5.4533899198884526e-6,-7.430673574892058e-6,3.3273860248985912e-6,-5.769209004320334e-6,-1.8492667266155668e-6,-1.7366509315146797e-6,2.863265864234924e-7,4.14815779934966e-6,5.387665435689963e-6,-8.035098727967191e-7,-5.625097827662817e-6,-7.060185291434171e-8,-3.349124569454869e-6,7.448146584379794e-6,3.345681905150194e-6,2.7064143969846074e-6,1.6484031229188553e-6,-7.276043631427443e-6,-8.726392064685058e-7,-2.827792972230229e-7,-8.634837525478922e-6,-2.613157152499811e-6,2.4939370544076608e-6,8.266146711353339e-6,-6.63137500173561e-6,1.0851569417190822e-6,-5.596035721548726e-6,1.9905933050989625e-6,-2.452926918448013e-6,-2.8072684322690126e-6,2.713388104671892e-6,-4.092002880378494e-6,2.303505188159421e-6,-1.1335456762626715e-5,-2.4697317179929585e-6,4.159509676129919e-6,-6.987473505796795e-6,5.1224159664091025e-6,-9.216827989696453e-7,7.182813424507246e-6,7.949460686859269e-6,1.889874467463025e-6,-6.1034490793930755e-6,-9.192629020751079e-6,-1.059576285199084e-5,-4.669731546984545e-6,-3.5139423222779585e-6,3.299032712625799e-6,-4.536444028876709e-6,-6.32658750207908e-7,9.792735703672868e-7,-4.936342017638009e-6,1.2346081621491599e-5,1.1711551363184013e-8,5.222116057074778e-7,-2.863112437900833e-6,-6.645721001046547e-6,2.059364114879279e-6,-1.4810389578789247e-5,-3.755841776193988e-6,-4.999164896169035e-6,-1.0369392037863044e-5,-4.469001177611104e-6,-6.778288057011537e-6,1.0961511736323322e-7,-4.902711398319022e-6,4.0226576690787206e-9,-3.5661835897312693e-6,-5.9698458668504585e-6,-5.203950921019532e-6,4.4612518644617895e-6,4.686917406232565e-6,-3.1748494130928662e-6,-8.183393958983549e-7,2.5228593578832126e-6,3.592826723757376e-6,1.5924666345181577e-6,-9.911527280670634e-6,-5.038971549742933e-6,-1.3716418299975934e-6,-8.687695925093728e-6,6.3040357025587955e-6,2.6830803824818486e-7,-2.552591049394319e-6,-9.549868229104759e-6,-8.731245891207181e-6,2.0799489489135944e-6,7.776993650199056e-6,-9.368637186209896e-7,6.802548048205926e-6,-6.608184405332057e-7,-5.873232869631692e-6,-1.0168299098085078e-5,-1.1760917031187478e-5,1.0507041526332294e-5,-1.4814961360286228e-6,-6.401071236118897e-6,1.778892511902235e-7,-3.277647771631244e-6,2.0740778062885154e-6,2.3160850956189566e-6,8.629181186691989e-6,1.044882724609957e-5,-7.18279235390069e-6,-1.8949073625979837e-6,-2.988361881833185e-6,-2.9727072617036916e-6,3.872966851713718e-6,2.1550349094641775e-6,-1.326003452825483e-6,1.099294805163952e-5,5.0361596669132415e-6,2.2928854938007306e-6,2.5356718277079574e-6,-4.624498921939444e-6,9.61597194784078e-7,3.837077116521424e-6,-1.140854839247992e-5,9.19404409391874e-7,4.766285653349781e-6,-2.5167492707218057e-6,-5.403327581947034e-7,5.977483442815964e-6,5.320326582073203e-6,1.2474456036679722e-5,2.544700068662015e-6,6.474735272192154e-6,8.729703840460248e-6,2.1925891585644922e-6,-8.254920019668531e-6,-8.108090718940533e-6,-5.277577317001077e-6,-1.4718521342276573e-6,-2.5281378096105276e-6,5.738768518011429e-6,6.975347755738409e-6,9.471826255559904e-6,3.636341779978309e-6,3.615895595929432e-6,6.049208653004343e-6,-4.135991547631412e-6,4.3415608087220966e-7,-1.2039378163669575e-6,-3.3118161742967455e-6,-9.860082193772043e-6,-2.480719526404808e-6,-3.4560781065277556e-6,-6.619689653427283e-7,-2.852933578636557e-7,-3.0993477066679246e-6,3.984510357123195e-6,1.6927911826672999e-6,-2.4466839081868134e-6,-7.070346855054997e-6,-2.247954398688743e-7,1.925812682858277e-6,1.1474539438395358e-5,1.1046081258655335e-5,3.4530678038747684e-6,-5.2524288811190724e-6,-2.938719883105564e-6,-7.394325245563262e-6,-1.2599477354534553e-5,-1.3310546339323662e-5,6.259685647054457e-6,3.036558014830916e-8,-4.311947954140092e-6,-4.398021473825715e-6
0.00025220733202522226,4.2962738860481965e-5,7.277657617003127e-6,-1.5650848203294232e-6,4.9878495783743835e-6,5.283125536796487e-6,6.785015517203684e-6,1.56126502264066e-6,-4.223722202860487e-6,-3.502485118167785e-6,-3.031601657522249e-6,-1.495732381465239e-6,-6.035116469111539e-6,4.332502267566338e-6,9.422539587575887e-7,3.657693013610689e-6,8.526346366358917e-6,3.143611456510679e-7,-5.444544152965977e-6,-7.099405654050122e-7,-1.7258510238057773e-6,-2.1960935367527945e-6,1.404022426164888e-6,9.237637331276636e-7,-8.974502689213417e-6,4.5183084093125805e-6,-3.503181636789773e-6,-2.279108946049713e-6,-3.554364438325746e-6,-5.328912853766589e-6,-1.1011889620737237e-5,-9.828676614213303e-6,-2.443443035554216e-7,-4.656459675913108e-6,-8.742218611459786e-6,1.9487324406197833e-6,9.463671751011628e-6,-2.9066551091987827e-6,6.953966056165023e-6,1.480218784285339e-6,-4.1812431624451696e-6,-1.1362258641069703e-5,-2.7672300596441883e-6,-7.639622676153971e-6,-3.909153007967122e-7,-7.910953796237802e-6,3.4217301562238737e-6,-2.7839124784838806e-6,8.899296025550099e-7,-2.1930778224875073e-6,-3.873373878269365e-7,1.5149546188449122e-6,-1.294699644582671e-7,6.151039372995995e-6,5.1290326056565996e-6,9.703402868138666e-7,-4.657734150103106e-6,1.199259517588155e-5,2.6864672163828844e-6,-4.0695728854466494e-7,-4.2218165658481026e-6,1.2097497703489792e-6,-1.0831116302106549e-6,1.1882340905372203e-5,3.83771826995428e-6,-4.835680725792368e-6,4.958867927175954e-7,-7.53894245790563e-7,5.091775346028489e-6,-1.2303051384120874e-6,-1.7936768976013885e-6,-1.9278551069187053e-6,1.0270091409751745e-5,-2.929480045357668e-7,-1.6940131792105206e-6,-1.4384112987112886e-5,-7.13893708803566e-6,4.235231346289439e-8,6.330882491115792e-6,1.0619347878804032e-5,1.570417050277103e-6,-3.079498207701614e-6,-7.161037336934431e-6,1.0122135601851244e-6,4.389187483043316e-6,3.946655553815754e-6,-5.632378030298392e-6,2.0270687599793297e-6,2.7366146945994506e-6,2.589652995639269e-6,4.346103561524086e-6,9.372293420727132e-6,2.632470072120476e-6,-5.277135290656265e-6,-1.1757974525561844e-6,2.4233698593049403e-6,-4.205259865305354e-6,-2.349918476262177e-6,-3.8621257004565375e-6,-4.0218629566028435e-7,3.1149708048502604e-6,1.5867358910669023e-7,-6.615473306240882e-6,-6.151260971144538e-6,7.291403234106743e-6,1.1716647854706174e-5,-8.443871101627571e-8,-8.792230362270922e-6,-4.3129930325618464e-6,-4.017694272269912e-6,3.2305547861449686e-6,1.2735744270849996e-5,-2.3783248736589858e-6,5.84582389623947e-7,-8.151431051598128e-6,-9.992051511390753e-6,1.493460320746028e-6,3.8992615855030496e-7,9.98717882771989e-6,3.5105646845522952e-6,-3.1125798620229326e-6,-3.9800844063135265e-6,-2.285804272033292e-6,3.106361250646491e-6,-6.4657742793015585e-6,2.8128807102575006e-7,4.783194860448696e-6,4.440099458615039e-6,-3.2492268128974878e-6,-4.201407508681067e-6,1.9802454697460545e-6,4.5959513210727005e-6,-3.553069718583293e-7,6.5644377694438845e-6,5.869338899427743e-6,6.306974457370984e-6,2.789006139526517e-6,-7.810499312585196e-7,5.729747012700416e-6,-6.249626136652234e-6,-3.0029347698038325e-6,-5.697650173552338e-6,-5.309360772230149e-6,-1.3403255906840696e-5,-6.377791880558991e-6,-6.5930867298003725e-6,-2.7135477981079974e-6,-4.597659580310595e-6,5.9025605177388955e-6,4.733766416643265e-6,-1.0010244222709419e-7,-3.6921601704132116e-6,5.716861409212954e-7,3.941278860892654e-6,-1.0732320265163766e-5,9.69451249521335e-7,1.5578436451346498e-6,3.4990630155327755e-6,6.8904159601935885e-9,-6.443663572447106e-6,-4.879741464429512e-6,-1.9714841520816377e-6,-2.362529488007495e-6,-8.58463928871062e-6,-9.158631667097307e-6,-1.2196694575450505e-5,2.7149589413100508e-6,-6.963197000755279e-6,9.349346114859918e-7,4.213333470693212e-6,-2.2545373000253733e-6,-8.15100761868509e-6,-1.5133319047155313e-5,-5.3192988091545575e-6,2.894303881794203e-6,8.150950119603862e-7,-4.979422993260652e-6,3.655062830422782e-6,1.1345381212264023e-5,6.357722221445655e-6,7.172977533190236e-6,-7.995859434072866e-6,-6.048714739638043e-6,-3.999753455953718e-6,7.781029421998446e-6,9.497099752202194e-7,-1.913359829561043e-6,-8.110140654009729e-6,-1.9904929587084123e-7,6.534129795786259e-6,4.900249367773501e-6,-4.157092616796618e-6,-9.678724059882277e-6,-6.336776806846244e-6,-4.638957834689698e-6,1.2458898765270048e-6,6.560758077676401e-6,-1.9500206938636555e-6,-3.8118479914965504e-6,4.65445227404915e-6,7.429777113893524e-6,1.2893581819204945e-5,1.3976683612285706e-5,5.56824924537208e-6,7.3872081919340545e-6,2.5951413066552965e-6,-6.078127081555872e-6,-7.507096668680102e-6,-3.0068824133787423e-6,-1.1794921982735976e-5,2.4349189073798255e-6,-3.35367338078995e-6,7.559844476014332e-6,-8.885423165722772e-7,1.622562159042228e-6,1.8996612631764996e-6,1.7161288921878068e-7,3.4229558267975808e-6,-2.4266004657810343e-6,3.3807480297313517e-6,-4.7319923577690466e-7,-2.107522273958622e-6,2.8713052231385864e-6,1.6438083616908619e-6,-4.098304334582266e-6,-4.3742596918296855e-7,-1.007569843167446e-6,-4.093334133185485e-6,2.151377021897005e-6,4.690945315934882e-7,-6.990055831549828e-6,-6.433084724202564e-6,-7.3373663777273274e-6,-2.613603426930959e-6,1.7078039294996623e-6,1.6239541344446056e-6,-4.044769669940343e-6,1.4008645837315717e-5,4.522650905961039e-6,7.28414837199006e-6,1.9438541306577325e-6,5.753517604754062e-6,3.5695205722748685e-6,-1.2552336055477756e-7,-5.826808943458304e-6,-9.574284273130724e-6,-2.789495303771738e-6,-6.768729320562754e-7,-2.925588753069972e-6,4.0804642985050766e-7,7.769324249560577e-7,2.2973356027453024e-6,-2.830269189253619e-6,2.377008108008791e-6,-1.9359863807291917e-8,-7.496278754944444e-6,-3.0375037694289423e-6,4.8949238896241024e-6,1.971205520248583e-5,1.6149608341120305e-6,-9.59474815355198e-7,2.5545588518679373e-6,-3.709814929640808e-6,-3.0432610557058837e-7,6.860825484481029e-6,1.438608486816853e-5,6.636414067535161e-6,1.518154035843101e-5,5.886127526405539e-6,5.624055567679436e-6,-2.873122114455961e-6,-6.601543851771801e-7,-8.011757392097824e-6,-4.0103633651002325e-6,3.337422088910452e-6,-3.7151907862973813e-6,-1.3216483484978502e-5,-6.5074300792817885e-6,-1.629726962469457e-6,1.88824695923525e-6,4.364913703851563e-7,-6.015665727471153e-6,-7.620499088812354e-6,-8.076486782553914e-6,-1.3485411283753734e-7,-5.716416826501273e-7,-1.4433037792947987e-6,-2.578201748451278e-6,-1.9249518726353676e-6,8.321941498878351e-7,-8.76763082492443e-6,-4.570903467578163e-6,-1.3002707635398723e-6,-9.545772405042154e-7,-1.9715009613854797e-6,-1.1502246095048542e-5,-1.2452444069363528e-5,-5.051666420518937e-6,-1.2895573449647205e-5,-9.008842541965321e-6,-1.0948320046712653e-6,-2.5683748198870176e-6,-5.962546737465511e-7,7.411952307137072e-6,4.868720392767902e-6,2.2878481009746752e-6,-1.2605056950869294e-6,3.527679891313941e-7,-4.5744399215616905e-6,-2.987583739597433e-6,-3.768042844250528e-6,-4.559245178719438e-7,7.682320305237536e-6,5.002089796822954e-6,-3.774982407744949e-7,1.8336194970867531e-6,6.399574273091853e-7,9.523982948426546e-7,1.0066639639967127e-5,6.044243441272346e-6,-2.907743210960502e-6,-4.366422969522502e-6,-1.5887860489440853e-6,-6.071514712736988e-6,1.2937669289449587e-6,4.5150457662336555e-7,7.595148131250425e-6,3.597937675260603e-6,1.2488224926247717e-5,1.4954831768726774e-6,-6.180527419032432e-7,-6.83536955624855e-7,2.6669102467393697e-7,5.295805304278228e-6,-8.996927483707982e-7,8.194925277014321e-6,-8.090896285133597e-6,2.7514518833794465e-6,6.430258435709495e-6,2.5059605508076693e-6,-2.16820201202226e-7,6.351667768642356e-6,-7.724199578344735e-6,-9.389440731394708e-6,-2.000360893291955e-6,-2.908160553647216e-6,2.911369071371112e-6,-1.2260035521394675e-6,1.757527376815264e-5,3.707754724508058e-6,-1.0929480769036637e-6,1.433389536196983e-6,7.158512350539745e-6,3.084273670515074e-6,-3.2369897669928514e-6,6.417641970840166e-7,-1.6270349983143718e-6,3.559250289630341e-6,-6.323169023802449e-6,-8.848071302704e-6,-4.472860511224321e-6,-1.4740652037130907e-5,-3.2313004420544295e-6,4.040480508797653e-6,4.977973572248662e-6,6.486727160488298e-7,3.5912080981897705e-6,-3.018285603433485e-6,7.866644865185332e-7,3.62613152464835e-6,8.648661967444284e-6,4.943922175974982e-6,-2.1295718665084177e-6,-2.160775302056053e-6,-3.5562711455559056e-6,-1.9856871237716558e-6,-1.4786605108899318e-6,3.0775767676693924e-6,7.539624203856286e-6,5.764002162672595e-6,-5.0247902253099964e-6,-3.4637527094305504e-7,1.976616764543782e-6,2.791787975371808e-6,4.086265186471041e-6,7.876533767392499e-6,2.332618120439606e-6,2.413223157004106e-6,5.975211836290133e-7,-2.369535386459587e-6,-1.2897742117047647e-6,-4.904957343511152e-6,3.330743071306567e-6,-3.839702682575137e-6,-9.537245579352413e-6,-5.451413242025407e-6,-4.970586054510558e-6,4.198954170991019e-6,3.3122885990426437e-6,-5.762739641150335e-6,-2.823218410700512e-6,2.2550471895070347e-6,5.2475780941695945e-6,6.087214265290652e-6,-7.957688722244678e-6,-5.501391427479545e-7,7.79287183215698e-7,-1.0999185467034216e-5,-3.6243038503805333e-6,-2.0964023197440096e-6,-7.359032888881728e-6,-5.832474927903832e-6,-7.652594886701462e-6,-4.758468760678552e-6,-4.062387892253683e-6,-7.260974694130691e-6,2.140581004587781e-6,-3.40115975640881e-6,-2.749234000182574e-6,2.0946516696066822e-6,7.535744636151673e-6,-3.3157645904203894e-6,-6.943654424597685e-7,1.0128567345017608e-7,6.47368754793494e-6,9.33524050012263e-6,-4.73048961235803e-6,3.4351506742104154e-6,7.954229784797801e-6,5.033331713078825e-6,-9.052031402742593e-6,-8.444992463236757e-6,-3.5933525445193138e-6,1.0709464376740847e-5,-3.140495978246183e-6,1.9012009220638011e-6,1.103742219171211e-6,1.8946043860152494e-6,9.91726573226151e-6,4.410396958008486e-6,-1.3287992764330957e-8,7.24246386361863e-6,4.562208899717094e-6,5.657922831467672e-6,9.130812121292948e-6,9.344273572480994e-6,-7.557074231041017e-7,-3.6073541144920937e-6,-2.8500560306054134e-6,-7.46770595688194e-6,5.902382316279215e-6,-1.1436396874160933e-6,7.285778257699676e-6,4.369858663903474e-6,2.876156964959051e-6,-2.178403840960115e-6,-4.79780043753865e-7,1.0669751930210266e-6,-5.526307635295631e-6,8.070905772912636e-6,3.3256366071698626e-6,-2.1745611659664916e-6,-2.2270627621807243e-6,6.49662464975986e-6,2.1638921830611531e-7,-5.692393723179956e-7,-3.0232211823728975e-6,-4.540677475668025e-6,9.204207347870958e-7,1.268574544689364e-6,2.0395145993510217e-6,-6.104779547443353e-7,-1.0414313318451002e-5,-2.771455461420426e-6,-2.309427351208725e-6,-3.4750584728145904e-6,-5.878282405953774e-7,-3.352681327309352e-7,-1.6570551971630187e-6,2.439087352394406e-6,-1.2276831875353185e-6,5.791183211814057e-6,1.4229310650727903e-5,2.5793758716927832e-6,-6.14374736243918e-6,-6.441826937810769e-6,3.396902298152685e-6,-4.515179639499288e-6,3.164530712618586e-6,-2.311296264296964e-6,3.725097044586347e-6,-9.52656490032832e-6,2.86717011000894e-6,1.5739793286882016e-6,-7.494997801823821e-6,2.2226085223530902e-6,7.641010080292729e-6,7.200412294231674e-6,5.207587815438573e-6,3.406821964888628e-6,-1.8017512644072895e-6
0.00025910495789327616,4.0035658911169996e-5,1.8629589942449557e-6,-2.675830300312446e-6,-4.785213336370984e-6,-6.592179243529983e-6,2.1830413573450034e-6,-1.6973530230106118e-6,1.6236575279803522e-5,-2.2202564581766317e-6,-2.8390585815726286e-6,-2.1254904971874316e-7,-3.34413467567743e-6,-9.380023033802086e-6,4.5735471109761953e-7,-4.644240803314764e-6,-8.144348201560363e-8,1.0263557085825332e-6,-3.1050692115028067e-6,-5.697542408227983e-6,-6.879844492096104e-6,3.7788291594294556e-6,2.658622741890802e-6,-2.53308830304922e-6,-1.2029413964968371e-5,-2.2619140408838653e-6,-6.217447162220311e-6,2.4090786697748627e-6,1.5796465806696582e-7,3.645094711049315e-6,-3.873918914390712e-6,6.368371522762879e-7,-3.0388904942172003e-6,-3.1341260399840586e-6,-2.3434881668126817e-6,2.8429836502631303e-6,1.3948950351594602e-5,1.163911915332015e-5,1.6650840623983206e-6,8.205863214175965e-6,-3.973442998371301e-6,-6.985674433405087e-6,8.285847546703252e-7,9.416758870250118e-6,4.101421320998022e-6,-6.87384657105789e-7,4.0289379283926515e-6,1.3372340738142212e-5,4.3049774191187445e-6,-4.645586531572944e-6,-3.495441717992291e-7,-4.325808976586395e-6,-3.405601059818157e-7,-7.480644910578539e-8,-6.010575975060183e-7,4.603851689633857e-6,-6.579383648490825e-7,-2.638674977826322e-6,-3.4898354046468614e-6,-2.5715204515093053e-6,2.0270717792708047e-6,4.544677378604612e-6,-3.37485467301757e-6,-2.132610848033868e-7,4.56606549869958e-6,2.727074606916709e-6,-5.430107800133603e-6,6.961127147029675e-6,6.65600535952325e-6,3.585541901690653e-6,4.84329420472198e-6,4.1289410555220695e-6,-4.968623931535304e-6,4.228725673379392e-6,1.4833339574445526e-6,2.0860152611350846e-6,-1.2746942082717483e-6,-1.1526371207063545e-6,1.0048343044252027e-6,-2.2080805352843356e-7,-8.573180640697129e-6,6.876398653953198e-6,-1.5941122308034496e-8,4.2555324978049394e-6,2.5826811624339442e-6,6.5098766322594784e-6,2.4047189623941337e-6,2.103078337529604e-6,-9.921526321371445e-6,-3.6374837524739673e-6,4.512162840433657e-6,3.50274448275894e-6,5.304771275852616e-6,5.504215900797387e-6,-4.016958988078073e-6,5.012877358591067e-6,2.751302629930304e-6,3.5605335411311216e-6,5.715125416043676e-6,2.150846028141186e-6,2.0345519906503274e-6,-5.557963293657611e-6,-5.030128399331293e-7,-2.4270037669433598e-6,2.7967423427126303e-6,-9.7455221648779e-6,-9.787759156317156e-6,-9.958571621248737e-7,2.283096963142236e-6,2.711559824803867e-6,2.4692959852783655e-6,2.8335520083231908e-6,-2.4472919084495493e-6,-4.247497110484269e-6,5.5894692397769074e-6,-1.2364202362873338e-6,-1.5490586299897752e-6,-5.481510751213188e-7,3.7187599320195273e-6,1.0681285325000636e-5,-5.845263263834174e-6,-1.3927270126459553e-6,5.871784536505102e-6,6.533546448481449e-6,2.279719292017161e-6,3.725576627159988e-6,3.0841161455519816e-6,6.233806266734061e-6,-5.23816691911762e-6,4.0739291982983855e-6,-4.464881810095275e-7,-7.79962608844613e-6,-4.472309345070988e-6,6.264266896804984e-6,1.0037043604576017e-6,5.454833135398006e-6,-4.527543246310715e-6,-5.04308812719279e-6,-1.4218687135849895e-6,-8.066778357112103e-6,1.7090548245640889e-6,-7.053771039095855e-6,-4.32321194644275e-6,1.9727753310773764e-6,2.579992684787667e-6,5.470940800963499e-6,2.8727122051352165e-7,-8.864712325312354e-6,-1.1737057550119067e-5,-7.983598154085018e-6,2.5161374920223053e-6,-7.220758626962677e-8,6.012623651704206e-6,-5.714803422651532e-6,1.757564798672921e-6,-2.652546748665628e-6,4.177207229016993e-6,8.600829002292027e-7,4.537882245775411e-6,3.621337397621126e-6,1.4380200761547692e-5,9.488136157978732e-7,-6.910164361206066e-7,-1.582054888939289e-7,5.995125795748545e-6,9.44956131511088e-6,1.228388543571194e-5,7.544465654601291e-6,1.173496773340122e-6,1.882668866511909e-6,-5.2324814558941445e-6,5.137159380816968e-6,2.5117329733069725e-6,1.7396959854238786e-6,4.275119585366645e-6,8.412184814550358e-7,2.386756184273226e-7,-6.0118797506626004e-6,1.7908322836488374e-6,8.447958649917113e-6,-1.1086532419983331e-6,-3.254419228381426e-6,-5.9917871890830244e-6,1.874167883603818e-6,-3.162437826103964e-7,-7.763119927814612e-6,-5.5720283971468295e-6,1.1153007717647002e-5,4.6388234901974195e-6,-7.29709292176528e-7,-6.877846455784491e-7,-1.2267732372613233e-5,-9.880012734156015e-6,5.194888015416604e-6,-1.2370557761821649e-6,-5.944897191566173e-7,6.406009945653437e-7,-5.041640367762599e-6,2.1057058385377632e-6,-7.745867938175317e-6,-9.91771914471368e-7,2.212271279713729e-6,8.255978675216573e-6,-2.647044609048233e-6,-1.0292139236831546e-5,-1.4753237242632851e-5,-2.2357626942951022e-8,4.910429366256441e-6,1.0288314951274352e-5,9.88057279856361e-6,3.860721395732041e-6,-3.1304915495601896e-6,-1.666620842717034e-6,-3.064451140700935e-6,4.602990925757358e-6,6.957023948469322e-6,3.265324815348147e-6,-5.044902487879354e-6,-4.086467597764859e-6,-2.8322641103611554e-6,3.2472601232431972e-6,-2.1919796559689192e-6,9.513176491498952e-6,-7.233903824623918e-7,1.6198898630146902e-6,-5.542676950448831e-7,-3.2041813518192418e-6,3.6855341835004e-8,5.024642107609875e-6,-5.043961148838705e-7,-2.4854639957174253e-7,-4.519106826237033e-7,4.0985895537815274e-7,5.226580250548567e-6,5.940626216460004e-6,1.0353024835142364e-5,1.0540809977288166e-6,8.313633009554103e-6,6.772803671112364e-7,-1.7915291828251188e-6,-1.1396815073919163e-5,-3.5988778431930928e-6,-4.81536754719822e-6,1.6935849903464898e-6,-1.877537629154482e-6,3.0690203410154835e-6,-8.726018827843047e-7,-2.6692118253310453e-6,-5.262116973537674e-6,3.790087536848653e-6,4.2366904879597505e-6,2.7457508925139734e-6,-9.488027644085556e-6,-6.010308840741203e-7,2.301694908022554e-6,-7.409238163304757e-6,-5.301179891114379e-6,-1.1322758737515317e-6,1.1433607992276536e-7,6.580435374928348e-7,-3.4830141251175616e-6,-6.641887879929383e-6,4.498742125381303e-6,-1.9027731439740024e-6,1.3364084366165883e-5,-5.047323174205465e-6,-1.8214970103168964e-6,-5.348944516650135e-6,-2.5464445430989248e-6,-7.793604198163902e-6,3.7197727157963034e-7,-1.985271772209665e-6,-4.492758733813358e-6,-4.295719677912214e-6,-4.595119092166805e-6,-3.0779566987527623e-6,6.342857256620852e-7,-3.1442659507784593e-6,1.5953723936575264e-6,5.209924055913997e-7,7.570895782935723e-6,6.323946305408359e-6,3.0526503650392696e-6,1.1198935319357377e-5,-4.973733006454542e-6,5.056913897439705e-7,-6.253400321450882e-6,-3.468827005500693e-8,-7.574711840154981e-7,-1.963091261982511e-6,-4.670447678295102e-6,-1.5628148898025546e-6,1.5942455651717636e-6,6.985245145651227e-6,-1.6506180147356613e-6,-1.059100335071579e-5,-1.3734540137274532e-5,-8.003718064209533e-6,4.686853368556414e-6,-5.586012644592129e-6,-6.973186142019159e-6,-7.817877312298485e-7,2.416223090667204e-6,1.840626836434871e-8,-1.6347915658129795e-6,-8.979695475988165e-7,-2.0054759298615485e-6,-7.4276417527064124e-6,-1.5004089209604794e-5,-1.6808769458312336e-6,7.886156338991099e-6,4.44615246030643e-6,3.7248608650253597e-6,-2.182546634791345e-6,-1.5354552767786496e-6,-1.4618963288704593e-6,-2.3293317696762824e-6,1.5253668211682301e-6,1.6832425791068576e-5,1.0069098850033656e-5,6.781932286080925e-6,8.303942356057853e-6,-3.0830134514899985e-6,-7.836078471346645e-6,-1.1003807431832547e-5,-5.7369614414406076e-6,-3.287900379783188e-6,8.075685360448497e-7,-5.109344323141829e-6,-5.770268736823579e-6,-1.0439075394853053e-5,3.5644041129034413e-6,3.3124162609667923e-6,-2.3860672940814033e-6,-1.6559719859661108e-6,-2.0861655875418697e-6,-2.934196940527618e-6,-1.0021566119085923e-5,-1.4356888239793435e-5,-1.0491985750545487e-5,-6.2288990714619145e-6,1.3832310275234712e-7,-5.726753059776294e-6,4.8191294274830705e-8,-1.681052502368991e-5,-2.647100624022637e-6,1.2948485959550168e-6,5.3101976208554514e-6,-1.856438165540883e-7,3.0103546446683414e-6,-7.695212916139653e-7,-3.4053260373507662e-6,-3.2865283454579365e-6,4.008157443242269e-6,-2.477343234909459e-6,-8.006142971220289e-6,-5.293701341192203e-6,1.053839822769571e-5,1.2522650544042006e-5,-1.9563918689443924e-6,-7.637175952404957e-7,6.923086737126431e-6,-1.3583858220311056e-6,-1.2275908395267466e-5,-3.357201778394075e-6,-7.004262531196854e-6,-4.136677872048629e-8,-3.1762727542261972e-6,1.0886034618013011e-5,-2.014541404089409e-6,-1.074516219071303e-6,-9.797158694311359e-6,-1.2029782607878125e-6,-4.75236251832032e-6,-2.812498469226415e-6,-4.390800538350475e-6,-9.91471721878972e-6,-1.3993726612159234e-5,-4.997230836104381e-6,-5.17095620769943e-6,-3.2717491905202856e-7,-4.2172565102405405e-7,5.101282607099533e-6,3.727444037527722e-6,3.0342064479311313e-6,3.254151774893697e-6,3.358645892845024e-6,1.7737546015169033e-7,-1.7824718722236307e-7,9.358046050346637e-6,-1.059866951144586e-6,7.295181695438675e-6,-2.285575502028245e-6,1.3170478251753125e-6,8.100340373415111e-7,7.456791951164477e-6,9.029520584562706e-6,1.2511500032674737e-5,-7.357869652583037e-6,-2.0613410841314727e-6,-5.88177371249912e-6,-3.837170252975995e-6,6.505380078526095e-8,-4.061892686910797e-6,5.912326535624046e-6,7.773918762611648e-6,2.181071150748652e-6,-2.2982305307945297e-7,-6.963322392101205e-6,-5.35903039445071e-7,-5.535029198376543e-6,-4.33339953115433e-6,-4.602943555567495e-6,3.154001021714256e-7,5.114899256208713e-7,2.3986213975145024e-6,5.649887685766935e-6,-4.606813276944342e-6,-3.9203208372225614e-7,-1.178657389724118e-5,-6.988109600650396e-6,-9.602108285537754e-6,-6.334056043976063e-6,-8.747208660261815e-6,9.212106668133775e-7,8.745019853357272e-6,8.31954257591364e-7,-2.4743212011990548e-6,7.619716137559151e-6,-3.0262637994153543e-6,-4.54071571032038e-6,-2.0420701226959067e-6,2.1928539410594087e-6,-5.794173836142176e-6,-4.070866169989189e-6,-4.829103340516335e-6,-3.6035473088408966e-6,-9.920249808413874e-7,5.8214911950981944e-6,-7.1598383076739026e-6,-1.988987321484446e-6,-3.199724183117546e-7,-5.489760072440401e-6,5.879009990284689e-6,5.87271724563305e-6,1.0058449234678135e-6,7.786789329787727e-6,5.878288032461783e-7,-4.6206503737508455e-6,-3.419588242304518e-7,3.0216754449960693e-6,9.642187812455375e-6,1.3263767946678896e-5,4.580407846744779e-6,2.608583534737608e-6,-2.834625627091167e-6,1.7392138437118386e-6,3.145754638313343e-6,1.2360734757979954e-6,-1.5178446089793765e-6,4.36597422274473e-7,-7.140097893252351e-6,-1.07453701697964e-5,-1.0383199166402363e-5,-2.992483147019278e-6,-6.488473444517589e-6,-4.696734132041926e-6,-4.449775506844337e-6,-5.07244475122816e-6,-2.995900164341827e-6,-2.5716687258932994e-6,-7.943780655380659e-6,-6.686883839166423e-6,-1.366607199408403e-5,-1.4825816494910997e-5,2.5917810116270387e-6,6.206978261965551e-6,1.2724956139969495e-6,-6.175228742874288e-8,-5.198058172974651e-6,2.7923233706291517e-6,1.7628174303003179e-6,-1.4149016427444984e-6,-2.8061394814809975e-6,-3.662887413507819e-6,2.5637993345356046e-6,7.151302626975489e-6,5.493251960042507e-7,-2.923668284467598e-6,9.005563551190467e-7,-3.6692238228046396e-6,2.034635803156237e-6,2.724583366416161e-6,4.369641473829689e-6,2.592500796733267e-6,-3.937528055088361e-6,7.91178117542403e-6,1.3860602874472455e-6,7.027118347237946e-6,1.071637740773769e-5,-1.1271820173852258e-5
0.00026357527545693433,5.608959566970851e-5,1.5401752133501785e-5,7.618379042179392e-6,6.003591208848896e-6,2.29741130475409e-6,5.858679130864086e-6,-3.3374464860477907e-6,2.4850339103553666e-6,-1.0934191463714741e-6,-7.792868413760469e-8,-1.1301901632894113e-5,-1.134898693793868e-5,-9.654636829128185e-7,9.652145558069838e-6,5.446942431559368e-6,1.1353489268044132e-6,-7.057079199962611e-6,-8.435537111172079e-7,7.443079523519489e-7,-2.4185135938963684e-8,-6.408552784762082e-6,-2.9327177128688095e-6,1.038374565773879e-5,-2.595446354495819e-6,6.017596684132504e-6,2.5629546601544524e-6,-4.303104854854796e-6,-3.7200601373207874e-6,9.852012013034611e-7,-2.956608403611665e-7,2.286416241528542e-6,5.351890878446668e-6,5.091691171347106e-6,-2.4633581156124774e-6,-1.336768939475098e-6,-1.5606596593473026e-6,-2.718606295934967e-6,-4.377820116175785e-6,1.6514745958661258e-6,1.2023430462241656e-6,-1.1319420782627606e-5,-1.6849294456450712e-5,-8.034877132323638e-6,-5.628245211350557e-6,-8.190825391626504e-8,8.232035408229205e-6,-1.8651792998372107e-6,-5.913690815037479e-7,3.7854083518221743e-6,2.956917089499305e-6,5.103698641043217e-6,8.242404538119728e-6,9.437975040316019e-6,6.866598705234259e-6,2.4341291007908067e-6,-2.758013241004364e-6,-2.9239176756401023e-6,-9.09981601829991e-6,-1.1719824178977982e-5,-6.469681153134358e-6,-8.423071240755639e-6,7.067424342764019e-6,7.5739133644822025e-6,1.845808485173786e-6,4.6764084061516514e-7,5.581096108141303e-6,6.539781225703998e-7,1.18441128313983e-5,3.069069956511032e-6,-2.329768113291952e-6,5.837401260330931e-6,6.873899652189877e-6,6.720134283280031e-6,5.789137599413502e-6,-5.704052691804978e-6,-2.150285900777941e-6,-6.075188673023927e-6,-7.973827457197992e-6,-9.21949205845845e-6,-6.46441337499043e-6,-8.001152210589646e-6,-4.110034527491088e-6,6.42839760140094e-6,-9.383426397599858e-7,-1.2794765964599042e-6,9.261149647582666e-6,9.311538840582142e-6,-3.6642375367767832e-6,-2.278408366555482e-6,-3.1095540776049196e-6,5.77461831150851e-6,3.324955949945657e-6,-6.6597824451667206e-6,1.3630738050816767e-6,1.0170365873748821e-5,-8.407415280630308e-7,-4.829917970641412e-7,-1.670906078335364e-6,4.242829956881328e-6,-4.414656733760125e-6,9.620920189131967e-6,7.393820327879605e-6,-2.9488521489168076e-6,7.613451266353783e-8,5.036673556329079e-6,1.0677332728507606e-5,-2.0569717518869118e-6,-2.7994003321477833e-6,-4.210411740880506e-6,-1.4823610775778734e-5,-7.703622016296211e-6,-6.87933767001643e-6,-8.629047092763913e-6,-2.719286315481509e-6,-6.806536531315828e-6,-7.010853890079227e-7,-2.4166213478916008e-6,-3.9108458804926965e-6,3.5521921695356575e-7,1.1163505567085053e-5,-1.2738157515542365e-7,-5.552913833303032e-6,3.423168232178458e-7,-1.5501361779405253e-6,7.492362410338987e-6,-2.146712434165558e-6,-3.0862403435449883e-6,-9.120718228447034e-7,1.1972330143257537e-6,2.432892488516451e-6,-4.80694482600763e-7,-3.1569509498206782e-6,-4.405632954336296e-6,4.705107478615127e-6,-2.902458111145069e-7,1.231950607277813e-5,1.4685528315794535e-5,-3.7774419559562547e-6,1.7665019944080755e-6,-6.754856103903862e-6,-1.0176118174015733e-5,-1.0609558878443954e-5,-6.025046193111647e-6,-3.2736844436698736e-6,6.806025823411308e-6,1.080942884289641e-5,2.8356710281800578e-6,5.404633082649887e-6,-2.0905739079034325e-6,6.40502241579054e-7,-4.63909705313084e-7,9.70539265342065e-7,7.62399726400739e-6,8.0120034880455e-6,-3.105334029541279e-7,5.651728478746251e-6,-1.480519171703364e-6,2.939030630036071e-6,8.279675040949821e-6,1.379059336296097e-5,5.200281095909407e-6,1.0920378578754131e-5,2.8361532630772045e-6,-1.519646883441486e-6,-8.100763461947743e-6,-1.08077401657304e-5,-2.419465265699483e-5,-5.966412322211575e-6,5.9927358995874895e-6,6.338193359504361e-6,5.047909521002137e-7,7.939400516429266e-6,5.003603935226119e-6,4.892126579860907e-6,5.05090684095448e-6,-9.14061155875154e-6,5.182067847972396e-6,7.113453440806191e-6,-4.718805666870109e-6,-3.0253509726753715e-6,-8.350543062167058e-6,-9.005537107503822e-8,3.6017857319382952e-6,-1.030135222646213e-5,-5.99605708737313e-6,2.947305693453056e-6,1.57633627541727e-5,1.349298723930591e-5,1.0814428149608774e-5,-6.59092956043885e-6,1.9364240141678627e-6,1.2741722742169614e-6,2.6927329370595816e-6,4.093809754184563e-6,-4.402407496783752e-6,3.2537171747654795e-6,4.783639120149966e-6,-4.361612302608306e-6,2.372014800750141e-6,1.1147242276349893e-5,1.0044624475444888e-5,2.914529861292655e-6,1.9192232651260154e-6,-9.522012961244845e-6,-1.1575139562493586e-6,7.591317315405404e-8,7.228169141155519e-6,3.2184360064777557e-6,5.209435720670817e-6,2.8077342285077157e-6,-3.9091585764313425e-6,-3.36881899454534e-7,6.71131984776733e-6,9.250849234368357e-6,-8.589212694267959e-7,-1.7897415071198866e-6,4.7557956611658555e-7,-1.78742905176386e-6,-6.044125952315088e-6,-1.6785754891590396e-6,1.7428389726844028e-7,1.1043085489410002e-5,7.532399349431135e-6,2.323868127480335e-6,8.360483563052716e-6,1.729628069483105e-5,3.7722097634826606e-6,2.7447968438297218e-6,-4.3118465971038566e-7,-9.876437005717163e-6,-9.067635771007875e-7,-5.071981666228231e-6,-1.4480931882254114e-5,-4.335197582744715e-6,-4.9136959748128705e-6,-3.997487461632777e-6,-3.8074241919271986e-6,-8.04217001376851e-6,-6.913202959992061e-7,7.015392351028596e-6,-1.5614217323334515e-6,4.601600961952884e-6,-8.898723671681748e-6,-9.339319144842579e-6,8.283102951289954e-6,5.732702723691159e-6,-9.516894862584952e-6,-2.2817823169314094e-6,-4.448086908178948e-6,1.5746125196919951e-6,8.831060658156111e-6,5.2147292050774105e-6,6.901806252523397e-6,2.713448368166974e-6,2.0999257199345715e-6,-1.5998433840120268e-6,3.9632726733718093e-7,3.5283820167770265e-6,7.0424922531373105e-6,4.653794059417023e-6,4.729580167982067e-6,-4.838766328108008e-6,-2.7346577063606755e-6,-9.219738384602253e-6,-4.163516571772319e-6,-8.157605171189709e-6,-3.3785473710830346e-6,-4.73273737979109e-6,-1.6047751535649666e-6,-3.854415101344517e-7,2.723070076925597e-6,-8.4873158313775e-6,7.250565067521057e-7,4.683518008805609e-7,3.6136535903606817e-6,1.2503116509613445e-6,7.600166904785892e-6,1.2567553364521555e-5,1.0066336472323765e-5,2.3206752898188934e-6,4.492745785357382e-6,5.649921104139748e-6,6.479460254778512e-6,4.154368223538914e-6,-3.2637154354217614e-6,-2.9366885098834968e-6,-8.845671880521492e-6,-1.8598868666852672e-6,1.2600417938361065e-6,1.0753505303611059e-5,1.711242960841889e-5,5.14296935538268e-6,4.714001109791183e-6,-1.9196739886883834e-6,-1.6847838625186049e-6,-3.6565499057330843e-6,-5.526492480225747e-6,-4.987006024845531e-7,-7.105062067503246e-6,3.1216382986768994e-7,-8.577011802428822e-6,-7.2652625927569344e-6,-4.430137641152353e-6,-2.8287577535469816e-6,7.147062899506341e-7,1.838773869870994e-5,1.0271132155050809e-5,7.537945518304551e-6,9.366555972566342e-6,-1.6650486856786932e-6,-1.2502130256487178e-6,-2.540373571743997e-6,-2.562329075694061e-6,2.3590214193337167e-6,-1.8567912754981854e-6,9.861475300847314e-6,3.868535438010709e-6,-4.820464881560022e-6,2.66162066701074e-6,-1.4944131176268403e-6,-1.600887092006491e-6,4.962812970158035e-6,6.131146448734875e-6,1.548384222724573e-6,4.353394946361807e-6,-7.499152934404682e-6,-1.2297789416752407e-5,-9.185457942213209e-6,-6.0384447519141085e-6,-5.6093566418807e-7,1.0223121973439102e-6,1.2119987068699295e-6,2.834283600118654e-6,-2.684668156608301e-7,-2.44860256497108e-6,2.2995504868059478e-6,5.8195960861042856e-6,3.359654902802928e-7,-4.239715435461289e-6,-7.343491255590567e-6,-3.182776135026442e-6,-2.1367544388234614e-6,1.1043890138691783e-5,1.026766195164735e-5,4.820884173480291e-6,9.701111061827936e-6,5.856314026670913e-6,-2.2547900758141245e-6,-1.2070402535835713e-5,-5.331737332865683e-6,-1.7144171808614574e-6,3.723600092144467e-6,9.054637371439788e-6,-6.379794165545553e-6,-9.249849655000773e-6,-1.93919684223651e-6,-3.1537248314887845e-6,-2.8894443562734284e-6,3.6211509975774467e-6,-2.8727320409176236e-6,-4.1396447851064545e-6,1.6713408637643326e-5,6.279451389639052e-7,-5.228680622328208e-6,5.594020255843535e-7,6.034402215350637e-6,-5.13616435037946e-6,-6.373590052801754e-6,-5.459884741469947e-6,4.155743794585756e-6,4.169379650166149e-6,-3.847300346882311e-6,-5.498645355062179e-6,5.847563168746161e-7,2.081944119987384e-6,6.165294115463357e-6,-3.466758436868025e-7,-1.0995483675130822e-6,1.3692649904910064e-6,-4.388966111654805e-6,-4.682119814519081e-6,-9.403061769772514e-6,9.801697892069763e-7,-3.3292194584516887e-6,7.666451379283512e-7,-2.9567668252889535e-6,4.4372504079665765e-6,2.8222887571072812e-6,3.3400162987008133e-6,-1.1747485840100981e-6,-6.674187414282337e-6,-7.891128384144708e-6,-5.366045331987564e-6,-2.6586603531070668e-6,4.083254363030144e-6,8.04783347319585e-6,-4.887280078331984e-6,-2.6061175249108407e-6,7.07927925045438e-6,5.881723104630538e-6,7.06990934909928e-6,-1.2385432110604682e-7,-1.8145275258626585e-6,4.210686120919527e-6,2.458615022583586e-6,4.517428260851884e-6,6.0136339421109935e-6,3.839333300725903e-6,5.410075033122883e-6,8.648755899380062e-6,-1.6998747961534566e-6,-2.9749601227741016e-6,-1.1244789727559261e-5,5.833123796274307e-7,-3.0383844763743657e-6,-1.5083044585455099e-6,-1.4077118571176489e-6,-9.500361196704105e-6,-6.3404219508112014e-6,-5.068503597654415e-6,-6.074835688617695e-8,-7.451339536592174e-6,-5.979469471496021e-6,-3.420442191525744e-6,2.1741651222221096e-6,-6.457193088549452e-6,8.841647652405103e-6,2.1032187488827865e-6,8.48402520221503e-6,4.942038266112587e-6,1.4170193175721058e-6,-3.5929022678091657e-6,1.0412345031429313e-6,-8.601111331550515e-6,-2.716249083295872e-6,4.633507225992159e-7,-2.343832499597131e-6,-4.316513586948651e-6,3.237868930645413e-6,7.529911666626836e-6,-1.0446984096147085e-6,1.4588508939419285e-7,-1.2944555947345208e-5,-1.594431211517095e-5,-5.863664181317913e-6,-4.595483064540649e-6,1.1531558545225003e-6,-4.1694083600689087e-7,-8.387725584241649e-6,-7.726506643183321e-6,-4.019669807898894e-6,-6.321858930470071e-6,-5.338367443757378e-7,6.366233038703786e-7,-5.17275977162371e-6,-5.759544903908514e-6,-1.2630410239000835e-5,-1.2757433515053257e-5,-9.273034069641777e-6,-3.457321028255781e-6,-1.262723701647126e-6,-2.9370859382221126e-7,-6.628579810041921e-6,2.2921903985518275e-6,8.579077937652929e-6,6.790790733510479e-6,-3.649412128432087e-6,-6.482963215362816e-7,4.701415940992656e-6,4.154177866727327e-6,-8.318610193116027e-6,-6.81064688889216e-6,-8.138259430992203e-7,-6.647590296564493e-6,-1.1911353911772145e-5,-3.5899148477219477e-6,-5.958470490548103e-6,9.019742286436953e-6,1.8067056279928463e-5,8.402884252753585e-6,-5.890087868247066e-6,8.61442264958613e-6,6.706399003680688e-7,2.5734123583716157e-6,-3.63699693381873e-6,-1.073374464873278e-5,-3.965377192571573e-6,5.309171466367197e-6,-9.871566175321602e-7,-9.37772371159852e-6,6.076777523439659e-6,1.4066736286372123e-5,8.789518916188045e-6,1.1228455830876108e-5,1.0972478181730824e-5,4.647401195270496e-6,-9.55030325059109e-6,3.0789949326871346e-6,-1.8072736508476127e-6,-3.650456301842236e-6
0.00026893593662591483,6.086455492607703e-5,2.029634323491294e-5,1.4386286701750911e-5,5.638661986541486e-6,2.7694505723324543e-6,8.772415388609077e-7,6.983324860499168e-6,1.1425195868000594e-5,8.712983377637798e-6,6.160447596835068e-6,9.675342966190983e-6,3.1129645057657876e-6,2.7250845628702395e-7,-6.045085872887608e-6,-4.178964496797037e-6,2.981029700422193e-6,2.7674969344858084e-6,5.103601954495781e-6,2.812729095594586e-6,-1.7433502413598934e-6,-2.563273849985425e-6,-5.3981858329038e-6,-4.220556637059677e-6,-1.564689508332841e-6,3.3305406830408617e-7,3.056413797752988e-6,-3.046007091065517e-7,-5.302935812865264e-6,-6.024185687681801e-7,-4.051746814152231e-7,-8.759160106332706e-6,-7.019169512653566e-6,1.6415279200641078e-7,-1.230544198414701e-5,-5.50797420781127e-6,-1.7719227188840108e-7,1.843266833351882e-6,-1.0803740028188293e-5,-5.81663589818246e-6,4.434399247920447e-6,1.4639463492509072e-7,-4.246341581563101e-6,-1.0711636167925027e-5,-5.6989021687663565e-6,-6.068869069183267e-6,-7.168799804741564e-6,-1.2538559695495908e-6,-7.636608759616076e-7,-7.979098714063598e-7,2.9447959731129144e-6,4.856644608424769e-6,2.0014312863817122e-6,6.7408851092599e-6,7.318360048719962e-6,8.909934406245332e-6,7.37960614268094e-6,1.8948177119729332e-6,-1.3872080569511702e-6,5.359679434484965e-7,-3.027884421179691e-6,2.0439101233855127e-6,5.303308635739446e-6,9.017663369342838e-7,-5.487629750727417e-6,4.225841825183842e-6,7.0440143632811035e-6,-1.528254513384943e-6,-1.0191010811541134e-5,2.1655822287907683e-6,1.7581493846658932e-6,-2.534358793931195e-6,-6.085669070046831e-6,3.0505289496582477e-6,7.695930397874112e-6,7.325011544554695e-6,4.190208631906491e-6,6.950239712512192e-6,8.071792286203606e-6,-2.6394174730686315e-6,3.472235013138403e-6,5.655905457818566e-6,-3.593247393235603e-6,-5.783602844708086e-6,-2.8503922265553227e-6,-3.8000146106834623e-6,-2.7748761863395845e-6,-2.3085934527513222e-6,3.7677232542878335e-7,-2.530325883785791e-6,3.889837465326796e-6,3.028391674808819e-6,2.0160745506995343e-6,-3.872818823047722e-6,-8.037733844717016e-6,-4.0992506059620195e-6,-1.721803954932534e-7,-5.433126371563986e-6,-7.77919734206373e-6,-1.300553430522443e-5,-1.0029318499780945e-5,-1.6514002477809012e-6,-6.211879474466161e-7,-2.8143784080500674e-6,-1.5618416208506098e-5,4.122845884888604e-6,1.1509378006855058e-5,6.256199161017652e-7,9.432360919328817e-6,1.978934521595565e-6,2.625980914632369e-7,-4.811954624786421e-6,-1.386190095805977e-6,1.4930929595024366e-6,9.36522726803265e-8,-1.0305226590138548e-5,-1.3256092202754446e-5,-4.798996521142511e-6,-2.331007863473669e-6,-2.0678344172862672e-6,-3.1578507469249394e-6,2.6738732076437576e-6,6.75676773433006e-7,5.169860088390184e-6,1.292006012118923e-5,6.283624953678397e-7,1.4788568219279923e-6,3.0898294472356495e-6,1.2104823211446809e-6,-9.57491463679254e-6,-4.3948681365923834e-7,7.143283127013407e-6,3.8972016945432735e-6,-4.305731805828256e-6,6.01705197860225e-6,7.824644687357765e-6,5.678819785632424e-7,-2.8858992431386695e-6,5.864103228871228e-6,-6.763881043991024e-6,1.0402811831793281e-6,5.839733980322678e-6,1.0394390112258389e-5,3.2412900572109945e-7,1.882519252153173e-6,-2.8140449569560996e-6,3.127729657283373e-6,1.108896098616077e-6,-4.656238137332716e-6,6.163106973124206e-7,-5.318144097093964e-6,-5.652285372406757e-7,1.0991026331562819e-5,-1.1051946457797025e-8,5.527556654844896e-6,1.3670905504268617e-5,4.5107448358799607e-7,-5.576423155679892e-6,-9.664138331054546e-7,-1.3160672082493968e-5,-1.3376187922280595e-5,1.3188223645106032e-8,1.8038880428059724e-6,2.183075300241756e-6,-5.282025314684587e-6,-2.8238516178635945e-6,-7.41919060702502e-6,-2.600903965413864e-6,-1.9289404457660354e-6,-9.357648608184186e-6,-6.440694257907643e-7,3.2459520959337356e-6,-3.1623094756951993e-6,-2.737280278709219e-6,-1.97706470752594e-6,-6.226213329967946e-7,-1.3563492926525878e-5,-1.2950619068175449e-5,-7.840339533769459e-6,9.444578688478974e-7,6.2172575238756744e-6,2.638766109714781e-6,1.0497028652922548e-5,9.431389273382695e-6,3.251399779458733e-6,-8.860264846130046e-7,-7.527497417815002e-6,-1.9961609198877564e-6,3.935681609514264e-6,-6.838833488865598e-7,-1.1621718494912097e-5,-5.597191677773216e-6,1.4689564078208736e-6,6.763573422611731e-6,5.847197836575231e-6,6.367482945985231e-6,4.56597017458276e-6,8.772732235054283e-6,9.589734189541007e-6,3.6745773354677413e-6,9.52919539479754e-6,5.046882188840738e-6,5.1503731381053985e-6,3.4708159961695496e-6,7.020910549802992e-6,3.104928623325599e-6,-1.1132435242334494e-6,2.1987426133701755e-6,-9.19860084377037e-7,-3.158851575029732e-7,-7.209148213378714e-7,3.541418435383581e-6,1.997550805246736e-6,-6.689631540942303e-6,1.0749359870654296e-5,1.2423834913806991e-5,8.960021299581682e-6,3.620370356204338e-6,5.637852727055646e-6,4.291023253216874e-6,-3.9811290478060805e-6,-5.6278636455028725e-6,-1.126750087053771e-5,-9.091514665701283e-6,3.3157900271227215e-6,-5.079420598420437e-6,2.9359068391535875e-6,8.072418140946498e-6,6.337183692386891e-6,7.1908619248654004e-6,8.597592046472842e-6,1.0794326639157308e-5,5.4082583817308896e-6,3.653901664966021e-6,2.7867225224439233e-6,-4.5799646431569874e-7,1.0171086035015663e-5,-5.263875885583299e-8,-7.134060428758149e-6,5.883079360336306e-6,-1.7329028685736401e-6,-3.137162302076091e-6,1.329011695368851e-6,-5.463469917230859e-7,2.3967716087646797e-6,5.091310446240756e-6,2.8766246104907745e-6,1.1373679487783986e-5,1.334128024890729e-5,7.093487015539226e-7,-1.9620218628097202e-6,-1.8209026102945372e-6,1.7960583971803975e-6,-4.971251091736136e-6,1.6537396976107678e-6,3.526086212043237e-6,4.118310315795393e-6,-1.746963212928828e-6,2.928255430665548e-6,4.2301825309774766e-6,7.090150837301156e-6,1.0279312825685069e-5,-4.79657886282795e-7,-5.684443879341162e-6,3.3948728129197185e-6,4.5225495759814014e-6,1.0320702473424065e-5,5.199334882949306e-6,-4.079291365820253e-6,1.047069985745702e-5,2.922159714085524e-6,-5.73499767358591e-6,-2.6914134208631526e-6,5.355706648119195e-6,-1.0145546273321005e-6,2.729501988684383e-6,-1.183417585376133e-6,5.6191580218923064e-6,3.853539722977278e-6,1.0362599012926084e-6,-4.087012554003681e-6,-9.63470525899978e-6,-2.4381766635089804e-6,-1.169928731834861e-5,-7.073177647195112e-6,4.630758349986316e-6,3.896936967370628e-6,-6.81542232598998e-6,-7.073088342224932e-6,-2.1268199688510624e-6,-4.781216805548908e-7,9.13555827543358e-7,-9.60594804016756e-6,-2.0298293625598435e-6,-1.101726847878592e-6,-2.107707452141558e-6,-8.315994382342317e-6,-1.535694767077065e-5,-1.0255888584518643e-5,-5.4670654436692135e-6,-1.1703762042626785e-5,-2.04834084801899e-6,2.9680902981550754e-6,1.4946687353858928e-6,-5.684705457009797e-7,7.075471817840951e-6,1.3355285106502561e-5,1.274743404629659e-5,6.210601227474943e-7,8.703874618773003e-6,-2.347134014086403e-6,-8.033410508133338e-6,-3.4312067546487675e-6,-2.4236390454199243e-6,7.52605739661631e-6,7.302516268109884e-6,1.4411764758909662e-6,4.337901632363186e-6,6.241096683604997e-6,6.252860737981317e-6,-5.989814170520238e-7,-4.2733407684465947e-7,4.652190831459876e-6,2.5842871180281897e-6,-8.713549619631734e-7,-4.808121334945829e-6,6.693327918550669e-6,7.897985620341421e-7,-3.0041871595364222e-6,8.827615368749558e-7,-2.670532897022072e-6,-9.850616983501274e-6,-7.708677289113939e-6,-9.747107257284156e-6,4.40647385963954e-6,9.409411408228586e-6,4.3301954835951045e-6,9.894257242332726e-6,6.28058534865271e-6,1.1866180653147087e-5,4.900717806927292e-6,-4.336730152261638e-6,-1.981011026304516e-6,-1.0746507218120856e-5,-2.2176307765912154e-6,-9.11794485700299e-6,-6.378931194871124e-6,-4.603884687527655e-6,-6.193580243327533e-8,-1.1300154125948097e-5,5.182061874472948e-7,-6.832685716555472e-7,-1.7736398502406715e-6,-2.148447570669158e-6,-7.566695673847109e-6,-1.0561154580634359e-6,1.690082601867421e-6,-2.099119416286201e-6,-1.2407596118477402e-6,-3.4648170803878843e-6,4.954500641858583e-6,4.477924567520559e-6,-9.713386676575403e-6,-1.394753274387301e-6,-5.396700627127696e-6,-9.629944134382266e-6,-6.500464564833025e-6,-6.51484989379522e-6,1.315638092877233e-7,-6.419572820863841e-6,-1.4177429277754726e-6,1.1105672044097219e-5,9.39505599954339e-6,-9.038001103496869e-7,-2.4753291990622433e-6,-2.8605759998950344e-6,-3.091338772087833e-6,6.727043778968699e-6,2.018843288217671e-6,5.631203179969699e-6,5.399350074112301e-6,-9.955997037325695e-9,5.02796898756885e-6,1.0684023382272689e-5,1.8677784751759104e-6,3.1861988194660037e-7,-2.3252509679907585e-6,7.835521619433807e-6,2.5478173262414132e-6,2.609917754017744e-6,2.4095575917892117e-6,-1.32004792505807e-6,2.1140211820860594e-6,2.086806749787121e-6,7.107904542272175e-7,-6.49549040750214e-6,1.8440907597098531e-7,4.627521966751337e-6,3.057310986300007e-6,3.803063964044222e-11,8.538986572409142e-6,-1.5026790731183939e-6,-6.767421728031197e-6,-1.4607662892406727e-5,-7.632650298626467e-6,-1.1233165676220704e-5,-9.394761689277047e-6,-4.312061275122093e-7,-1.4210226079474636e-5,-1.983828774014995e-6,-3.1994477955553848e-6,5.912197333683504e-6,-4.723553777732242e-7,1.0586842432246884e-5,3.907321146785112e-6,2.329761499900194e-6,-8.138497492202962e-6,-7.798962508089836e-6,-1.0008256222089796e-5,-2.691354564667409e-6,-7.017568408643649e-6,-4.138544697116412e-6,1.3903375320508013e-6,-4.153329313923943e-6,-6.395377044848326e-6,-8.958443283042493e-6,-1.0647662507402355e-5,-4.687832544429069e-6,-4.4407103437840734e-6,-9.78536041016184e-7,-3.1844310629405638e-6,8.064383313242356e-7,-7.714467344062014e-6,-8.492022885886562e-6,-1.127487946453497e-5,-4.129288367188558e-6,-5.441257362303657e-6,5.39117775961847e-6,-8.876207479199278e-6,-1.0783592579041676e-5,7.4134605123681605e-6,6.347585524783052e-6,-4.136038733282612e-6,-6.620698923850616e-6,-4.827525204115501e-6,3.9771629372867905e-6,9.548361330103058e-6,1.5421777365434346e-5,1.5610077520303505e-5,1.690548668810716e-5,3.8798826132765286e-6,-5.625352836137119e-6,-2.4507539976967814e-6,-2.8979887326704604e-7,-9.587427804727146e-6,-1.5439047055152203e-5,-4.945546021147719e-7,4.790563435527907e-6,9.788122794288445e-6,6.0924319975448635e-6,-1.5681708678240427e-7,6.3585632598945085e-6,2.7370900934839506e-6,2.3050682487106837e-6,2.915173963148755e-6,-1.9382474456287574e-7,6.690747658992012e-6,9.808887129676241e-6,1.010314490047502e-5,1.2235661890327963e-5,1.1756694581072924e-5,-1.2902998162253868e-5,-7.429443283279917e-7,1.206859012939931e-5,1.2471255958985508e-5,6.5560238504664216e-6,1.3798341622653911e-5,5.267988501800924e-6,1.2886145936098309e-5,1.950329337710803e-6,-2.28661271728845e-6,-2.27863361710608e-6,-7.233751153476348e-7,-2.661330562416221e-7,1.7298543139380675e-6,5.646479469226618e-6,-5.163588541385304e-6,-2.251360616157841e-6,-1.6776558518775552e-7,1.1907563977640546e-6,-2.8216537185611827e-6,5.010985542288314e-6,-7.817544751549439e-7,-1.0223634168866848e-5,-5.369545022610832e-6,-4.022594181712743e-7,-3.4398485205515115e-6,-6.389169151741733e-6,-6.706364349957288e-6,-6.368179509947842e-6,-1.1330869246117992e-6
0.00027343251865716387,5.539579097494273e-5,-2.064417080756617e-6,2.164476944007668e-6,5.187903557584501e-6,6.274966280337482e-7,1.2877622256716741e-6,-6.554739711235358e-6,-4.125177379100404e-6,9.755567583689996e-7,-8.3777780501345e-7,3.2979491640266733e-6,7.345679475990895e-6,-3.2200116386096077e-6,5.442221258928512e-7,3.9048005840429334e-6,-9.333702399445988e-6,-1.3574854336127753e-5,-1.2781961399103848e-5,-3.255700537518302e-6,-6.492841152250304e-7,2.6386606302620885e-6,8.909717259350465e-6,-5.712326883249415e-6,1.447335611638313e-6,9.238994531237832e-6,1.0126536173031124e-5,-3.9511321231246786e-7,-4.12549436467174e-6,-4.00264368762181e-6,1.4435861380401584e-6,4.226337479823607e-6,-8.013160676469874e-7,1.2492830972008665e-6,9.553499287527773e-6,-2.1633720235667156e-6,1.2860077857940553e-6,6.760202974594523e-6,5.591115266234592e-7,1.4090791963475546e-7,5.436018287683951e-6,-2.5416961263314998e-6,-7.954966085252499e-6,-1.328238485846901e-6,-4.883668302085835e-6,1.3419709660929034e-6,8.103418770613667e-6,-7.3911764619950694e-6,7.710409765255356e-8,-4.207912203144707e-7,-1.090069395173438e-5,-7.510011984882731e-6,-4.146878985630665e-6,-2.230181926392463e-6,-9.061205007768347e-7,2.8355498613449973e-7,2.631790326700736e-8,4.762998328273156e-8,-9.068204254947226e-7,5.774360966368517e-6,6.69785094189562e-6,3.31952763496789e-6,-1.2850987621138803e-6,-3.987136409062693e-6,5.227368079975056e-6,-5.689361136523451e-6,-5.079695907975266e-7,9.250037937664012e-7,-8.891670894957442e-6,-7.2431137091206605e-6,-2.2683936304736394e-6,4.138985426379737e-6,-9.159095714883391e-6,-5.082431891103017e-6,-3.2038781303292276e-8,6.212145305651548e-6,1.7430181587585257e-6,-5.848203207324233e-7,3.18007016789875e-6,-8.497316719101927e-7,2.1255576733839737e-6,7.93128130895838e-6,3.899155040213898e-6,4.227644866784526e-6,2.080927181660263e-6,6.133507253341189e-7,-3.6932740084874234e-6,6.008409716598768e-6,6.9020255710300416e-6,2.66951999899901e-6,-1.2004264426720988e-6,5.635240802951719e-6,1.0085534737713211e-5,4.643854041833361e-6,1.3655079538336306e-6,1.4235464674535395e-6,-5.778359682677062e-6,2.0826723978397194e-6,-4.85389471118639e-6,-9.738009296354668e-6,-3.5111412004384354e-6,5.4872563001182426e-8,6.274641973362948e-6,1.3249428171885898e-5,1.5248536838449803e-5,1.0577096792309725e-5,6.218705124753916e-6,8.732627970809053e-7,-5.377840486707044e-6,-8.351313091614687e-6,-7.1842514389150524e-6,-6.2553308478601686e-6,-3.0389317475163342e-6,8.291864544267735e-6,3.597520063451466e-6,1.8224073255785772e-6,2.7185991302371567e-6,1.0347575327279665e-6,-2.2021694454982056e-6,3.2518925647294053e-6,-4.8703197930647666e-6,-8.364251269307244e-6,-8.741981137809983e-7,1.8498291951803852e-6,-7.227246292608351e-6,-5.649925106412921e-6,-2.5299987839817767e-6,-1.2506062161393988e-5,-9.027596093349437e-6,-5.476436540377865e-6,9.25055323700175e-6,6.7572043751047294e-6,-1.0646655882361997e-7,7.622453601617121e-6,1.611958494796904e-5,3.0748255896155818e-6,-3.6612252517875115e-6,-1.769857944998648e-6,6.755116439287991e-6,1.0431796088415316e-5,1.0793251886457626e-5,-4.182077267311628e-6,-2.8972281616506005e-6,4.22750622132314e-6,4.6714353504224005e-6,2.6750025609456553e-6,3.754742047274802e-6,-8.970539499043219e-7,-9.951092746536286e-6,-1.2626439674449093e-5,1.5810682143143395e-6,-4.046442471166503e-6,-9.194383124053912e-7,-8.980971073724745e-6,-1.367676805120478e-5,-2.9967662976222133e-6,-1.4633522612526077e-6,6.837807530014168e-9,-5.3735102598572e-6,4.99734573763311e-6,-4.006898248359906e-6,-4.293781517437576e-6,1.3652774531928835e-5,1.2025633872530783e-5,2.4598805118885618e-6,-9.094634040967403e-6,-5.535327917764416e-6,6.151987056998129e-7,8.567411226657484e-6,-9.039846189841534e-7,9.568382410993272e-6,1.1559756654981329e-5,5.300036723013268e-6,1.2426220013655625e-6,3.935726102643906e-6,-1.3588766815334917e-7,4.106155053518485e-6,-1.9415248088098844e-6,-4.229077310979834e-6,-7.987466818218877e-7,-6.237880480016424e-6,-1.2875141128810459e-5,-5.2511651384101666e-6,-5.9146015995145146e-6,-2.150414150663171e-6,-2.7434217992377997e-6,-1.3500457569136838e-6,-2.9201835359103594e-6,-3.1417606553318487e-6,-3.485846704548774e-6,-3.8519973251393836e-6,-1.038069432223603e-6,-1.6063187047145547e-6,-2.7032491400598115e-7,5.326196385183778e-6,8.196449692072007e-6,6.011690783088625e-6,-7.332314496863458e-7,1.006711015774478e-5,8.063947729489737e-6,3.4095858835086484e-6,7.962573982938449e-6,1.393581066880643e-7,-2.0498842373064247e-6,4.916952637391373e-7,7.421319165953842e-6,-1.4203626616525014e-6,1.02847804679661e-5,9.916016326549948e-6,4.4984011497131795e-6,4.1159083909457665e-6,-5.3465790766728945e-6,-1.1770877734762769e-5,-6.197924288155265e-6,-1.9293695271077737e-6,-3.121502218562015e-6,2.12858872751573e-6,2.1198880740729e-6,-5.197791920953705e-6,3.3469898801087552e-6,-3.5718979622797217e-6,1.9179758408423723e-6,2.750129039483808e-7,5.591644586830275e-7,-5.389675382225785e-6,-1.738752182393913e-6,6.0110726722371175e-6,8.78223866705515e-6,9.35947344808328e-6,-8.563897372659765e-6,-8.590689047229582e-9,3.0362040460657042e-6,-8.526776117970211e-6,-9.470400710048507e-6,-6.500172372756696e-7,2.114032245871279e-6,8.77150396275076e-6,4.243016351807966e-6,-4.690968313003417e-6,-1.1281390440880516e-6,-4.336329591497445e-6,2.1551429336425953e-6,-4.751588917639304e-6,3.81483354209159e-6,3.6768251933138434e-6,-5.63183567084359e-7,-2.2000406619424056e-6,-3.315808687789861e-6,-3.558689987971894e-6,1.4756687230109167e-5,1.8071677279583576e-5,-4.908874289837273e-6,-8.532752724751342e-6,-7.830684833641227e-7,-1.8226971302087181e-6,-1.9597212219363766e-6,-4.37515706219025e-6,-4.7018520165042856e-6,-1.678915472955789e-6,-3.5012091171478894e-6,-5.465468653118771e-6,2.1373078756554863e-6,-2.9341146579176786e-6,-1.580851304617222e-7,-1.4115862875971875e-5,-9.78003492430726e-6,-4.7208591537064385e-6,-8.367830219169994e-6,-3.871471210970764e-6,3.1191068707830613e-6,-6.336693205048569e-6,-2.8145648272091787e-6,-3.4325079496001e-6,-2.158025764314274e-6,8.642066610406314e-7,4.168262213533561e-6,5.3319625692675176e-6,2.595692635873373e-6,1.3164082618928625e-6,-1.0351348760087873e-5,-6.724596135034743e-6,2.019099561375207e-6,3.301624464792813e-7,-4.465946378163441e-6,2.1008513726128714e-6,4.33222553016e-6,2.00939814744052e-7,-7.067520786118625e-6,-4.628285828406558e-6,2.972025769237864e-6,9.253511635774145e-7,-1.2685940503848158e-6,6.1669043580303e-6,-2.1464284487874782e-6,-3.7940854630130017e-6,7.594398122586931e-7,6.287614863812529e-6,9.641298916221583e-6,-7.63977460272047e-6,-1.0938037672355064e-5,4.20181437859499e-6,3.0659639041103725e-6,2.122853372622047e-6,2.830085246478219e-6,4.341023848667167e-7,-8.293775494669144e-6,-4.0566810244112994e-7,3.016667295280749e-6,-4.925387141205189e-7,-5.830190010714566e-7,2.2039314817182292e-6,1.4449518860306369e-5,4.615348227834528e-6,-1.07671769075353e-5,-8.250936453702318e-7,2.994758460244841e-6,-2.242884008262394e-6,-1.116575411885939e-5,-5.196503965978796e-7,1.134522205768001e-8,-1.165530418085772e-5,-8.91297907728993e-6,7.724345149076681e-7,-8.00075892401637e-6,-2.0306706441077228e-5,-4.700840983211492e-6,-7.225821217417726e-6,-6.170039673860242e-8,-4.345272081218694e-6,7.320048272887003e-6,1.2045122745216806e-5,8.16732157092987e-6,5.864655457085176e-6,9.796022375416596e-6,-2.611125352800628e-6,-1.2143695091017165e-5,1.8042645579704826e-6,1.6359080272784832e-5,1.8908485412552353e-5,7.33359278273242e-7,9.881580752776973e-6,1.6115778243945525e-5,2.4459606144599356e-7,3.5355918628326774e-6,3.3045024452200127e-6,-1.1119206899833719e-7,-8.81177152937072e-6,-3.074056044783137e-6,3.431195329262342e-6,6.369850893429903e-6,-6.6374035655045355e-6,-2.7004032114773517e-6,4.793350824324997e-6,9.403640586318141e-6,-8.509564002113871e-6,-9.340106627815283e-7,-5.146459017687335e-6,-1.0978885903232021e-5,-1.3236235368138553e-5,-5.657183172547205e-6,-6.022047942660989e-6,-9.071341434939981e-6,-1.1872751955668203e-5,6.739696505306302e-6,9.67898442991953e-6,-3.3601522474828902e-6,-7.073703263681632e-6,-3.1792159724522507e-6,5.798481443502952e-6,4.161471558504745e-6,-7.299534793173403e-6,-5.097698442883701e-6,-8.417004839674859e-6,-5.421471617087404e-7,2.9066127884660926e-6,-5.451000072335241e-8,-8.291273321103056e-6,2.8388013046130973e-7,6.096412055189721e-6,1.926694203423079e-6,3.466136695547274e-6,2.814866134002499e-7,-6.0325916016455975e-6,1.0999218339532627e-6,5.156454792385526e-6,7.512417366418436e-7,4.554013340871558e-8,-2.1724050280657444e-7,2.8253274244429244e-6,2.1774136420862818e-5,2.491401047352019e-6,-4.041374690591398e-6,1.5105944810778461e-6,-4.164851611746676e-6,-7.4632861865392905e-6,-1.4143543236208585e-5,-4.56677678780651e-7,3.828938831751394e-7,-1.016731944652066e-6,8.743508429450175e-7,7.406979047538697e-6,2.277591258398327e-6,-5.490857609506611e-6,-3.3966813612280925e-6,-1.564540693963799e-5,-1.291945726680876e-5,6.569650977936291e-6,3.1323937603276722e-6,-3.3456247322480952e-6,3.9134873996303615e-6,-1.2780649127508437e-5,-3.869575204791913e-6,1.7286782045717659e-6,1.0705470640625176e-6,5.982710816988749e-6,6.718112573959942e-6,-4.338297897797695e-6,-5.994894544426304e-6,-7.476216707830736e-6,-2.1270172578802603e-8,4.3586878693409445e-6,-4.0917259701249375e-6,6.850915656290847e-7,3.4591091700743624e-6,4.928340720040549e-6,-1.4543282987999614e-6,-1.3330064768577712e-6,-8.57424548653392e-6,-4.432145887109655e-6,-7.350296530358438e-6,-2.5220281789855585e-6,-3.6607310180471116e-6,2.5145467237828766e-6,4.219517555875902e-6,-3.5044382010935097e-6,9.030498887679738e-6,3.8727563478314795e-6,4.5802857642178954e-6,1.018240982948954e-6,-7.302028189383367e-7,-1.486795312593642e-5,-5.3249982601911845e-6,-4.899060662113108e-6,-6.389961850237819e-6,2.764095489301119e-6,1.1072097090086625e-5,1.233262374246752e-6,-8.358185784604276e-6,-7.019023513997769e-6,-6.494756348285251e-6,-7.867312232261321e-6,-7.25696076254207e-6,1.598017023110086e-6,-7.713877820818351e-6,-5.969562481043397e-6,-6.290942983344341e-6,-7.5580297696434505e-6,-8.473389665253213e-6,-1.821442594249894e-5,-1.7772263170465317e-6,8.188812525649235e-6,7.065223682031205e-7,-1.2477925944270727e-5,3.6930111183869326e-6,3.8557863631617296e-7,-8.896765974440948e-6,1.555703296835274e-7,4.39589573175002e-6,-3.822438181063812e-6,-2.053435247125955e-6,1.0364271913354562e-6,2.436497423419077e-6,5.0205928299976e-6,3.0700980282742338e-6,-3.367290185660559e-6,1.8942547690216175e-6,2.899796037204525e-7,-3.438491336611157e-6,-3.8983042844419176e-7,-2.3177810061263413e-6,-3.968722875054445e-6,6.59040423352702e-6,5.0845216021004306e-6,2.038462032339425e-6,4.69080154541539e-6,4.037141131829428e-6,-5.915787751138169e-7,-2.334946927230311e-6,-1.3387635721046984e-5,-2.7143906566336096e-6,4.580414820279122e-6,7.893815814718788e-6,-1.8764783087701378e-6,5.219908486935259e-6,1.1655553556495102e-5,-7.696899914655843e-7,-5.610192231639165e-6,-2.7000164417635013e-6,-9.72240807484137e-7,-2.628735902878893e-6,-2.1988844431182816e-6
0.0002647913957308537,5.758802451597681e-5,1.7439601770898767e-5,1.572759790810752e-5,9.490414904056769e-6,1.0590196748568035e-5,1.3536690660063113e-6,-7.608284006645575e-6,-1.3476532333927637e-5,-4.556685860438717e-6,1.2072225547396126e-6,7.066401001816415e-7,-4.177152883367553e-6,-8.058599000792223e-6,-1.3974836030798382e-6,4.016660427032213e-6,4.585789005217894e-6,3.717057872718031e-6,-6.630156992178158e-7,3.393289144695389e-6,-7.743187334128149e-7,-1.9433065497697056e-6,-3.672866360448501e-8,-5.6783641264072825e-6,-7.775634958399618e-6,1.2145312326461961e-6,5.442547904578196e-6,4.628525254095473e-7,3.474005880814983e-6,3.377412606204488e-6,-2.0200132672070653e-6,-7.2692478513442256e-6,4.460975038654499e-6,2.1113434462362702e-7,-4.0452498039942415e-6,-2.8421050036032136e-6,4.636716188470874e-6,1.3021927838701675e-6,-6.4592708153859606e-6,-9.967911721637506e-7,5.073502542904903e-7,4.001547733462957e-6,1.154948053958213e-5,3.6665717920694808e-6,8.917962573145006e-6,3.3590646354554707e-6,5.366351803523377e-6,1.10012098026669e-6,-5.047433245217876e-6,1.8247798394515409e-6,4.631918031861184e-6,-3.3118468739400633e-6,-3.0564679423442747e-6,-7.450410396452741e-6,4.392777462765561e-7,1.2396173586185016e-6,-8.869492346195564e-6,-9.130730056616554e-6,4.594703819636103e-7,2.2520836065763306e-6,-3.979710885568833e-6,2.467119848520244e-6,2.3921183685107165e-6,2.4812944091990936e-6,4.140485700225946e-6,-3.3451870521210645e-6,-3.394693033056689e-6,-3.437087366417569e-6,-6.0181367730629484e-6,-1.1349516269629058e-6,-8.329657818488477e-6,-5.294569405111221e-6,-5.991198073130785e-6,-2.0996294961630734e-6,4.017324974606173e-6,-1.5401599573205916e-6,-6.290765911805276e-7,-2.351412001820905e-6,-4.709971213527739e-6,3.8942980373698736e-6,-4.68023514894645e-6,-1.0263168023805887e-5,-4.110039612488899e-6,2.9704484658031964e-6,1.2989877294135361e-6,3.4769566512260806e-6,1.8956069044468117e-6,-3.5550132037392637e-6,-4.747400783475317e-6,-2.903971506945954e-6,1.8508357059535018e-6,5.7386837519210965e-6,-5.076302944850022e-6,1.654481806173345e-6,5.037397631209345e-7,2.2881415826508656e-6,-5.849873789763411e-6,-9.260449406807125e-6,-1.0810325542290798e-5,6.233808199333376e-6,3.4837489011160207e-6,4.659070375347215e-6,-6.5788840593946865e-6,-6.502689292371457e-6,4.4963772830638296e-6,1.0974339330324143e-5,4.429294436363594e-6,7.462778618672674e-7,-4.605106799603151e-7,2.379847546091672e-6,4.536610257054025e-6,-1.971668772701113e-6,-3.699129036486609e-6,-7.509161170367936e-6,-2.313646311720918e-6,8.655341008095489e-6,1.055200657888082e-5,8.31537434231802e-6,4.9822033375952745e-6,-2.4872830710648823e-6,4.683070076337854e-6,6.9167681905575345e-6,6.8275337804040555e-6,-2.6830994982432313e-6,-2.8454631850104506e-6,6.661197363027442e-6,-5.929165611865168e-8,3.6857728371045785e-6,-1.8952842633397005e-6,6.545860424208132e-6,1.6780156566160698e-6,-2.886513998029429e-6,-2.9869533999331288e-6,-2.6581714744288916e-6,-2.5989425218373317e-6,-9.95686256528775e-7,-2.6792061216092854e-6,1.967323009022833e-6,-2.9322828002895054e-6,-6.962753605824852e-6,-5.974591034567696e-6,7.070047864525998e-6,6.358887124743515e-6,1.729695550808175e-7,1.8408627486735231e-6,7.311375518332498e-6,1.4934174707991267e-6,1.1097755066754756e-5,9.19097147674957e-6,2.367278538334087e-6,-2.228186074916491e-6,-1.662189804277616e-7,8.34408486566788e-6,4.594926859382068e-6,2.113675908345084e-6,-2.34400145147639e-6,-1.2611787173771263e-6,-8.446376287852948e-6,-2.0303314934770503e-6,6.2219475860550005e-6,-7.721607764810505e-6,-8.138379845769805e-6,-3.703102559632497e-6,-1.0932484935562426e-5,-5.423962911744294e-7,-7.420622663215234e-7,2.76214784374915e-6,-9.153654704565437e-6,-1.1718341142803724e-5,-3.151654790395642e-6,-8.739827296735491e-7,5.441286556153193e-6,-5.50453383294379e-6,-3.420126220807984e-7,-2.819549972112853e-6,5.2768120649999535e-6,7.765938531116875e-6,-3.077372908484022e-7,8.670225764799135e-7,9.93652791369054e-7,4.8726117426651845e-6,-1.0338085760346309e-6,-8.129218193136019e-6,-9.228579028519441e-6,-5.414612984766374e-6,-6.6207580732733986e-6,-1.0465922155041278e-5,-7.639723520362343e-6,-6.4565957703525544e-6,-3.4021495604573997e-6,5.0416650759882765e-6,9.937426260090892e-6,4.812482572547758e-6,8.063827206208048e-6,-2.671823505209899e-7,3.853111635325975e-6,-1.2320745528892212e-5,-2.677671959163929e-7,4.824168665178467e-7,-2.344740260263829e-7,-6.4657878822903916e-6,-8.722126544974542e-6,3.462560807618003e-6,3.69940320209629e-8,-5.324427050566985e-6,-8.681433910799863e-6,6.3203579880126e-6,4.585223855039604e-6,1.6428287859939216e-5,1.4000289263692285e-5,6.868899476213131e-6,-1.2551554319052386e-6,1.6657986732898328e-7,4.1306646173836254e-6,5.659552510088266e-6,2.923643274925295e-6,-5.717413557242771e-6,-4.429572150482584e-6,-1.3728294874574241e-5,-1.3008823097323904e-5,-1.8790384740666187e-6,-9.459150010221154e-6,-1.0564946147779064e-5,-1.1446919018129665e-5,-3.9139122771041294e-6,-1.7728852175716606e-5,-7.221330795126541e-6,-1.0310309612567993e-5,-5.189774190935541e-6,-1.0854875941840185e-5,-8.167412379314564e-6,-2.8137650304381516e-6,3.231772200195506e-6,1.1420331759051967e-5,1.979153218453558e-5,8.284589776748244e-6,4.3783171886651734e-6,6.226381593918598e-6,5.958605436402586e-6,-2.0690905465842788e-7,2.1945532533305392e-6,4.138035233292564e-6,1.5986409986019896e-6,1.4478621190376884e-6,-3.963354934680337e-7,-2.8126622966757826e-6,6.036225489577814e-6,2.7425782218171736e-6,9.902114846120564e-6,6.096337828749983e-6,6.234410402065119e-6,6.7261146020986185e-6,1.282739040567997e-5,3.905719172618007e-6,1.4414020481874885e-6,-5.5625375813036625e-6,-4.664191425656161e-6,-8.92904151996162e-6,-3.6446972471533175e-6,-5.007107061635059e-6,4.484502312661966e-7,2.084930041088566e-6,6.149213965205776e-6,8.263522468339993e-6,3.904271569437901e-6,-3.137005581148942e-6,2.355079263254358e-6,5.209786239132891e-7,-1.7109926224784575e-6,1.243919997982251e-6,-2.423509896487519e-6,-2.659793162254322e-6,-2.45697484835867e-6,-1.7223684812517012e-7,-5.540536227383711e-6,-1.8814756629489811e-6,8.009219266242786e-6,3.1812342045708237e-6,8.865466449232836e-6,-2.073782859367684e-6,-5.718841321247463e-7,1.2364146356550223e-5,7.219692406104347e-6,-3.456217867604086e-7,-1.1791991082517668e-6,2.8753251076387966e-6,-1.6286926375582257e-6,-6.885851482259761e-6,-1.5570515952155885e-6,-2.7619835982393444e-6,1.179620415404311e-6,3.848666056225769e-7,9.509864724023235e-6,-1.2524179405239547e-7,7.660041297265418e-6,4.803605174600225e-6,1.0578491798382615e-5,7.55080107298521e-6,2.4419157116489744e-6,-2.3336607304154737e-6,-5.413252454558588e-6,-1.1200995606589925e-6,-5.098467078838376e-6,-7.341019843754154e-7,-7.935053061839327e-6,-1.0975670587815422e-5,-1.8817316663982887e-6,4.39638367164115e-6,1.089235104583868e-7,-2.4196394771479623e-6,1.7141498562104208e-6,9.6576979352882e-7,2.7624246875185204e-6,1.0477822723057055e-5,4.241543648200714e-6,-8.259507628358241e-6,-5.060896238324323e-6,9.742673443534819e-6,4.7846200486896786e-6,-9.815421886403887e-7,1.0879226049608465e-6,-5.580352132132396e-6,-3.5544325548743162e-6,1.0922872773951785e-5,4.153639635683068e-6,7.661989865964144e-6,8.64016272229005e-6,8.881456064671542e-6,8.131737265287975e-6,6.4215927886342466e-6,6.9790005953436575e-6,6.281942828054527e-6,-1.1193702005474358e-6,-4.984214026014445e-6,-7.26581109556033e-6,-5.4654703771168745e-6,-6.21176365374593e-6,-8.859788393134157e-6,-9.327053163266848e-6,9.136951938810452e-7,-6.651273726684405e-6,-6.419063194634863e-6,-7.635446337326926e-6,-8.266989434820276e-6,-7.721258973072472e-6,-1.787015962311425e-6,-6.558507547736539e-6,-6.1895489034056625e-6,-1.7359190364688674e-5,-4.55831148230529e-6,6.976635312505619e-6,-3.1722572770032543e-6,-4.6734733309215835e-6,-2.1223210444740387e-6,5.158173919502528e-6,1.6355623527736962e-5,2.465299131028978e-6,5.284818962953671e-6,-4.265487525252987e-6,-7.639916105855988e-6,-3.7984216259298096e-6,9.846867777631569e-6,3.495733187745025e-6,3.922751822669016e-6,6.650416828941682e-6,1.351807763176375e-6,-6.8932485982287775e-6,-8.855790886003915e-6,2.5272420621752727e-6,7.404955988055229e-6,-6.872724876680192e-6,9.98289436820927e-7,3.342937519296927e-6,3.350689768579045e-7,-7.58695419524001e-6,-5.0670044335369946e-6,-9.48578971922922e-6,-4.381367959107781e-6,3.207746532771911e-6,-9.68827761192793e-7,6.627181296678569e-7,7.976193076555768e-8,-2.425849821043805e-6,2.7656831262612504e-6,4.0900339038619895e-6,5.9176213002609485e-6,3.86503431704636e-6,8.774212870329445e-7,9.711799461287685e-6,1.549505029485912e-5,1.570919265076579e-5,-4.965910220315882e-7,1.6339952179905195e-5,4.546604526900238e-6,-3.964852117669232e-6,-1.0606774264876195e-5,-8.094233418378573e-6,6.263436245852488e-6,-6.667452251122725e-6,-6.700273601316272e-6,-8.36731399240106e-6,2.975703761116299e-6,5.720503181617628e-7,1.1649010145787564e-6,-8.998323340156634e-6,1.0520421511929377e-7,-2.5412978365295226e-6,6.380255708564231e-7,6.133460693100042e-6,-3.857274356539801e-6,5.775195690486049e-6,2.5600376743919735e-6,5.344366084265234e-6,8.655612265786144e-7,5.5427950740702455e-6,-7.636468289922508e-7,2.8421719586190725e-6,7.348231027829638e-6,-5.145186747672449e-6,-3.7292152901498554e-6,-1.4782570484882262e-5,-1.2217229543889347e-5,-2.917955706742358e-6,4.725186161025025e-6,-7.224560710645886e-7,2.3191104939869605e-6,4.0254672557188245e-6,3.5485973274228456e-6,-3.385446833552292e-6,4.640755160291407e-6,1.991713579029638e-6,-4.722016331722774e-6,5.26746134320592e-6,-1.0857101354303986e-7,1.742046528797917e-7,-2.6488420761117835e-6,-5.5619234561545924e-6,-2.63854625357901e-6,1.3439561769054503e-6,2.9554559152032275e-6,5.746817734494408e-6,1.4019879439407247e-5,7.201969626321588e-6,3.639575910120252e-6,5.728425077057287e-7,-7.127449092525007e-7,8.566728960811062e-6,-1.1148126716059294e-5,-6.247032423082959e-6,-4.933026508345288e-6,-1.6698803579347112e-5,-7.82735467981961e-6,-1.1399473401175583e-5,-9.30516825292182e-6,4.032554640647686e-6,2.2646495141683414e-7,3.71815961770259e-6,-1.450371900706574e-6,1.0862925738905707e-7,-5.849433100834783e-7,7.838954072249088e-6,3.264164074571109e-6,-1.0759886045080503e-5,-1.3860194200012328e-5,-1.3891471404736904e-5,-1.3464027472740854e-5,-6.007714974656571e-6,-8.248414341874094e-6,-1.7374947642966675e-5,-9.839807145319706e-6,-3.0381336034960206e-6,-2.147693662331093e-6,4.767219768688312e-6,-4.090181156114692e-6,-3.291503364518634e-6,1.4593176018357824e-6,1.6682125263142557e-6,-1.6567595415221345e-6,1.6129331396522378e-7,7.399155926289709e-6,1.2500248109664894e-7,-1.0112650974132701e-5,-4.684977740752068e-6,1.8780369770064481e-7,-2.4766757190785857e-6,-3.3482830244191085e-6,7.235548075634193e-6,9.18458225887981e-6,4.121796986335267e-6,-1.7354253755944591e-6,7.018780982061581e-7,-1.0018876270058165e-5,-1.66200946537562e-5,-1.3168996449423672e-5,-1.0656821832017968e-6,4.4169176163354525e-6,4.782833172871103e-6,-3.542562036048079e-6,1.3879605486533401e-5,9.195016952620943e-6,6.3337432559920305e-6
0.0002744147118537807,6.425590546963382e-5,1.1520338752290423e-5,8.685805509435392e-6,1.1967617108283745e-5,-8.14409740681211e-6,-6.152283090528384e-6,-3.7168469886979915e-6,-7.640187624898124e-6,-6.482826638475734e-7,4.1374343632244593e-7,2.273051702180963e-6,8.099058235704221e-6,5.13262976777082e-6,1.8946871143527343e-6,7.948267806103617e-6,7.5332436804655126e-6,-6.090148148225808e-7,-1.3313549275462428e-6,-5.453856665791192e-6,-3.0217230844440715e-6,1.732007964898976e-6,1.448421796220317e-6,-3.670319182427406e-6,2.504347691932061e-6,6.603103318096064e-6,6.532342712395633e-6,4.461472467073427e-6,9.965918577809114e-6,5.682967632874658e-7,9.750708300922815e-6,1.5170274411967708e-6,4.460583111004491e-6,1.9026606446216777e-6,-2.8764248797144467e-6,-7.290995143427732e-6,1.3212302828163853e-6,-6.570145013480907e-8,-1.3220516513035163e-5,3.7127375622598423e-6,2.338120253924008e-7,2.7263292562061156e-6,6.161758216666537e-6,6.2142813691010074e-6,7.3032134217710195e-6,5.901855806130717e-6,-5.752211237699623e-6,-1.779120747443829e-7,1.4977153617983842e-6,-3.3983848346574536e-6,-1.85006176776265e-6,2.3240753164320704e-6,7.363403171184386e-6,1.11016072915957e-5,1.0751683254713837e-5,-2.8198295822129983e-6,-1.1709455103737328e-5,-4.247093139475107e-6,-2.9165403325516104e-6,-3.4474061657192983e-6,-2.322168771187508e-6,4.9499690497917716e-6,4.5610185612448745e-7,2.256766497013309e-6,-1.7104160866167947e-7,-5.458177150670335e-7,1.4892331934205064e-6,2.0717480661514265e-7,-7.453837342141411e-6,4.6619450441363525e-6,3.5971587751804045e-7,-3.692159551755974e-6,-1.559170716162515e-6,3.3893631356202923e-6,6.265724216913217e-6,1.1021908061680646e-6,9.012130009821705e-6,1.0148851056004885e-5,-3.7876889344938503e-6,-4.767360257357826e-6,-2.944512628454709e-6,-7.168860463867274e-6,-8.433722243522723e-6,1.6502078241443042e-6,-7.383183010495257e-7,-8.630088640713261e-6,-2.7526323848649827e-6,-9.884095035795066e-6,-9.425744967653089e-6,-3.4759809807863658e-6,-3.6810512036716958e-6,-9.855613858332212e-7,1.172325761038618e-6,8.349383833425922e-6,1.094322694501529e-5,9.195364255481425e-6,5.330450138721981e-6,-1.3592258993066817e-6,6.455568048962199e-6,1.0701054617803104e-6,9.13992817443095e-6,-8.602492207361049e-6,-2.3993593378355472e-6,-2.665309471885201e-6,-1.1354377066482665e-5,9.780666101252565e-7,2.0775913899815077e-6,-1.3961384268287778e-6,-1.340521359537593e-6,1.3179756915400258e-6,8.493017853049438e-7,-5.048173222886308e-6,3.916753127496093e-6,-4.946461529699543e-6,-2.0613578724966573e-6,-3.826228686840045e-6,-9.300883436677915e-6,-1.8044828869163327e-5,-7.870439684229955e-6,-1.4036005608880926e-6,-7.234195531945432e-6,-4.015796456479745e-6,-1.033441463479547e-6,8.703779137053836e-6,4.5938674915467616e-6,-4.131075652818404e-6,4.670323727314978e-6,3.5403345147619488e-6,1.5002159774107058e-6,-1.048526131832335e-5,-7.296379307924092e-6,-7.765785329506908e-6,-8.182484091757762e-6,-5.5782390951310515e-6,-5.353945243810551e-6,4.267543898285275e-7,6.511180769346253e-6,4.539983930543476e-6,-8.797805084491099e-6,2.665165626053966e-6,1.0401636694432974e-5,1.580988021274875e-6,2.9437025872407573e-6,2.976613899135443e-6,-5.095797263422534e-6,-5.294392869985398e-6,-5.863267884787988e-6,1.0703953874797654e-6,-2.955882734749006e-6,-5.964787798385679e-6,-1.2558903931081292e-6,2.7200565260563196e-7,7.959776979513317e-6,3.882574141223395e-7,-1.446119855391531e-6,-9.879271637431259e-6,-1.1498704658951656e-5,5.507919608348366e-7,8.94253066404806e-6,5.339071744591822e-6,-2.2120069704119433e-6,-1.7970777339399727e-5,-1.3254215309047947e-5,7.008692192361723e-6,3.0123220259022405e-6,8.125600461888724e-7,2.2727236443522514e-6,5.08320892588653e-6,3.954908213505922e-7,3.729729232373883e-6,4.424958761151824e-6,-2.01283437408067e-6,2.191099129151992e-6,4.3115438912895243e-7,-6.724009759840643e-7,4.730409961793078e-6,9.008516987717697e-6,4.650631646290349e-6,5.469872360360072e-6,-3.4058046200552552e-6,-7.1402489683525915e-6,-1.1434057634421984e-5,-8.969433307061176e-6,-5.80946225367421e-6,2.846369925473131e-6,4.373558717385926e-6,4.63387561880111e-6,-5.404085191748702e-6,-2.3578277921369353e-6,1.0949370041202883e-5,7.860723395287165e-6,2.6201499142929994e-6,-3.5518290267380766e-6,-3.893780389678915e-6,-8.70702746036075e-6,2.2294917962577728e-6,2.4726423232676164e-6,2.921402232410875e-6,3.7550104685790566e-6,1.0008217744750651e-5,9.906750583945543e-6,9.951109618203187e-6,6.820147697247776e-6,1.5838817208066421e-6,4.653526332866601e-7,7.307943778956165e-6,-3.1231528163749005e-6,-2.7578483665480494e-6,-1.5401560652625896e-6,-8.383336993699541e-6,-1.11893932087394e-5,-1.9277760219467873e-6,3.1675977140023136e-6,-1.322120725196459e-5,-4.980985067537423e-6,-2.2187089114038906e-6,5.058936160248179e-7,7.1463155764916165e-6,1.3115949485320474e-6,8.209710962109464e-6,7.232931329910137e-6,1.0245778706902746e-6,-9.324236104548451e-6,-1.2680712098254008e-6,2.607564075247034e-6,-1.6022058256173015e-6,6.332310006704601e-7,2.976122599045796e-6,5.494961792904876e-6,2.038128723605376e-6,-1.3519848231554554e-5,2.127088285300993e-6,-3.974443358524479e-6,6.539354441170119e-6,-6.1985412533677026e-6,3.439541163334959e-6,5.504298376715272e-7,-4.885533818578418e-6,-4.3955509381210474e-7,-1.9563105949616893e-6,-4.845332118738406e-6,-1.264430997845043e-5,-5.575314561642649e-6,-2.941624169422184e-6,-6.6029456811585696e-6,-5.748342465132396e-6,-6.875987615595307e-6,-5.192346841942227e-6,-5.113340866289324e-6,5.144656931667179e-6,2.712435646004779e-6,-1.1454024194223535e-5,-7.405244869582348e-6,-1.0205708229971972e-5,-1.0682691971083319e-6,-5.99440131662614e-6,-3.289106474647439e-6,-4.874875214487611e-6,-4.857465868871246e-6,-6.967235677965981e-7,-4.90177199698425e-6,-2.9148599678331954e-6,-5.1757285301271255e-6,3.7000279396354026e-6,-4.9335560009710844e-6,-5.5815351313282485e-6,1.4959712372083838e-6,7.516707586478115e-6,8.004943906965537e-6,3.985848284259396e-7,5.305771391925117e-6,-5.408355543370543e-6,-3.3697089448943604e-6,-5.536547939508223e-6,-5.144304093631141e-6,3.236174232079647e-6,-5.813738818190281e-6,-3.3920904554066236e-6,-2.3021345207437833e-6,-5.561502622883609e-6,-4.250660121927828e-7,-4.927715542571504e-6,-5.252618383565982e-6,-4.628069812366399e-6,-1.0009324686378835e-5,-9.882793516863874e-6,-1.1373399178959148e-6,2.7360228450674165e-6,4.658515688442839e-6,-7.195872683528002e-7,6.63043341786942e-6,1.0306537034242577e-5,5.066179391857844e-6,5.552645913570411e-6,8.472194703846707e-6,1.5668309892114883e-6,-1.6906554068886337e-6,-1.741452540604755e-6,2.033293143824021e-6,2.0459715458408445e-6,8.612497769579405e-6,-3.7625621865245853e-6,8.09663050075682e-6,6.952136496852061e-6,6.679287315803864e-6,-1.0466308306485426e-5,-1.575039304967362e-5,-9.757986590945325e-6,-1.1700350136861328e-5,4.357812290898516e-7,4.043428137904049e-6,-4.880902500410709e-6,2.154736513929034e-6,3.6445263039835056e-7,-4.847854324314526e-6,-6.30665864934711e-6,-1.481417778586909e-6,5.684778264095586e-6,-4.951219987149403e-6,-6.227655060619353e-6,-1.0613198061343407e-6,1.4448809045123197e-7,2.7887628698242115e-7,1.5738981817308094e-6,-2.352772295694957e-6,-6.780453894388156e-7,1.2338492263452913e-6,-5.583085927735192e-6,-2.731722602029903e-6,-3.2052660257743774e-6,-4.999523865082992e-6,-1.3233691421258602e-6,-9.00962415490045e-6,-1.0177826497802028e-5,-3.7722911011437407e-6,-7.497962365993851e-6,-2.0256497582584535e-6,5.849046932121194e-6,-6.185568931053061e-7,4.2156862111049837e-7,-2.0957817009960057e-6,1.7903742371063624e-6,-5.64566880681564e-6,5.844939750335479e-6,1.1190619032223452e-7,4.819647523344996e-6,-3.59565007178726e-6,3.579822432979965e-6,-5.57985010355065e-7,-1.1482755683367701e-6,-5.822558335800738e-6,2.6767272065955267e-7,2.6715082907567066e-6,-4.707459762976828e-6,-2.951359675555327e-10,1.3482748480621295e-6,-1.28019370963836e-6,-5.027594949624309e-6,-1.0088751274075787e-5,-2.681002392885365e-6,-6.0280905403128075e-6,4.529456887430759e-6,5.002678203793507e-6,3.3000017279418733e-6,6.3975367921174434e-6,5.442931792698439e-6,1.0307659377639478e-5,1.1969616304024946e-5,1.310419571314095e-5,4.765697880186461e-6,6.620878207770121e-8,7.4925066985383735e-6,-7.394664493264485e-6,-1.6583861452157296e-5,-7.412744324702387e-6,-2.0097908156318544e-6,3.3958102898549355e-6,1.7160684025230286e-7,-2.699023405228641e-6,2.3059445209773315e-6,-7.297297643647806e-6,-6.911692466410308e-6,-5.918167386130053e-6,-1.4063066420259798e-5,-1.4171411297248115e-5,-4.661752481494317e-6,6.874817244330052e-6,7.915909858658945e-6,8.443470489581423e-7,-9.567898433799707e-7,-3.859853679613943e-6,3.135397777620419e-6,-4.982562414713839e-7,6.336385528451793e-7,-3.5280438708793155e-6,9.72019253238498e-7,1.5823995745537542e-5,4.045360809697144e-6,2.628035764136615e-6,-3.2704676631517053e-6,-3.330498408564868e-6,1.0820605916194929e-6,-2.9623615446332525e-6,3.898975200002751e-6,-5.045846516835096e-6,-9.341452042174947e-6,-2.056790602715987e-6,1.1146532895236012e-6,1.4311805474872055e-6,3.6261963453656627e-6,-7.008578436733988e-6,-9.001994615386936e-6,5.540975456412764e-6,5.9992697382698685e-6,-1.1745090818475055e-6,7.564670135419378e-6,6.126492246786542e-6,6.267284722268494e-6,6.891197626202962e-6,6.380651276420281e-6,-1.6259070287924148e-6,-4.553038679481152e-6,3.6989659031750416e-6,3.184747287308923e-6,4.496320895849645e-6,-2.8244831002250244e-6,-2.4529012117806727e-6,-2.0531297869376923e-6,-4.131193188631674e-7,3.2959251782123907e-6,2.1789691176304355e-7,-3.132432203234207e-6,-1.0943987124869008e-6,1.1110401169474185e-5,-5.104856957105371e-6,-2.0845960855995994e-6,2.197740691019717e-7,3.8445559933468925e-6,2.5808354915443184e-7,1.799654613451567e-5,2.4125289752168653e-5,7.890226653797802e-6,-2.2685118628167016e-6,9.873466399315084e-6,-4.337659726162854e-6,-1.489030589160775e-6,-3.7033511027395587e-6,-3.701795249950779e-7,-9.542066474451702e-6,-8.53412587407494e-6,1.0726340016654855e-6,7.139621337889118e-6,1.742125262272178e-6,3.907362639855719e-6,1.6366184087364044e-5,1.0561721932398688e-5,-2.2916480562747136e-6,1.991834494045418e-6,-9.776124880830162e-6,-2.275378136039152e-6,3.485809529179134e-6,9.818089931520513e-6,2.77805601580197e-6,1.91854843430865e-6,-1.622919217444421e-6,9.932179204535952e-6,3.867831563696846e-6,1.7037241284146992e-6,4.569921479134771e-6,1.6405253603862302e-5,7.051358464183046e-6,-4.03269894258942e-6,-8.693343871086455e-6,3.900872909491138e-6,-2.1434637911243698e-6,-4.941266807413136e-6,-5.595737778839505e-6,3.0944752552436574e-6,1.1017569008699409e-5,5.075680545008508e-6,6.80231722608019e-7,1.5145488946348302e-6,9.274461167729241e-6,3.0901342428095477e-6,3.2093413238554978e-6,-6.703495397893516e-6,-6.785137195974667e-6,4.115397284069422e-6,-6.35640107992095e-6,2.7819435379715694e-7,-3.286175301156265e-6,3.748611768597998e-6,3.3428999455975973e-6,4.686130315212338e-6,1.0563385928730007e-5,1.1116456923855465e-5,7.573649747668986e-6,1.8020676426523938e-7,1.0694990907289066e-5,1.1353098730582601e-5,-2.2485117669753214e-6
0.00029928643841025207,8.204184283593593e-5,3.0139265268768788e-5,1.3536769564944436e-5,1.4254637082236718e-6,-5.047530333924513e-6,-1.3941475257970218e-6,-3.682305383301921e-6,-8.192703093620641e-6,-2.593959968717712e-6,1.2765180476197108e-6,-3.530314796308884e-6,4.810836622753248e-7,2.6586003185289945e-6,4.350689549241034e-6,9.360886923889563e-6,-4.641297447956601e-7,-5.449721589847673e-6,-7.667631498049083e-7,8.47201218459031e-6,6.053873482555711e-6,2.0498342036041915e-6,-2.773201022805639e-6,-1.9509581709184854e-6,1.5632401936776227e-6,4.426143834601338e-6,-1.5958498986732205e-6,-1.2578716256653522e-5,-1.7446131863356814e-5,-1.0684877022694026e-5,-1.3383051873005873e-6,-4.3303442125229545e-6,-1.1150318825858712e-6,1.5301712536361058e-5,7.482203205272882e-6,2.1595431792222126e-6,-4.8037361975114726e-6,-5.085020769495453e-6,-9.106388191609572e-7,-4.1942766072289015e-6,-8.488566869781136e-7,3.1234696431660163e-6,-2.293479076008761e-6,-1.2516721691790396e-5,-3.4909140392022064e-6,1.4808931309358667e-6,-6.710777078873937e-7,3.691621385561807e-6,6.501802753688739e-6,1.158506392798616e-5,3.016427791461469e-8,1.4629906581655018e-6,-3.474239324703406e-6,1.1167429748786905e-6,1.4544202444236647e-6,1.1951253780916024e-5,1.6922964423337402e-6,2.042525030067818e-6,-7.459577215240975e-6,-9.071731622437902e-7,-4.237801815327105e-6,-4.936059979740712e-6,-8.3727126479704e-6,-7.93682361930512e-6,3.9517931094269924e-7,1.0007670442488e-5,5.19651149868987e-6,6.375590482693213e-6,7.69731653289103e-6,3.3848628677715594e-6,6.016626924571866e-6,3.818490801734676e-6,-1.27491351238787e-6,-3.2097150849584856e-6,-1.0437862399403717e-5,1.9021841332395876e-6,-7.4762315383510955e-6,-2.279224089179029e-6,-2.7135929229568377e-6,8.676312788876305e-6,2.1004474790520297e-7,1.5652006167731134e-6,7.53404001632105e-6,6.065825153698977e-6,5.824891266700028e-6,2.392407268559971e-6,-3.4362819369559188e-6,-4.413414893449725e-6,-4.22328212932936e-8,9.87991611504107e-7,7.1912800026203874e-6,-2.8465524898827903e-6,-1.3968548886544088e-5,-6.8776223797974705e-6,-6.508186240304218e-6,-9.941541411140225e-6,-5.065808031947233e-6,-5.629677268139309e-6,-5.273301760638358e-6,-5.82698942979716e-6,-7.407432569966929e-6,-5.2903570068061665e-6,1.0329024241875145e-6,7.0918078149349314e-6,-4.474408586834031e-7,-2.4839983392598022e-6,4.079678470093196e-7,-5.183442798120956e-6,7.849132179976283e-6,-1.5049702983858771e-6,-6.192853623551821e-6,-7.705018120561292e-6,4.471511097940041e-6,9.975232714224571e-6,8.846640390063345e-6,6.742798360038737e-6,7.04896573634301e-6,2.0221832544704e-6,1.5907315160561397e-6,-7.634463177007087e-6,2.205105956879296e-6,-4.305290712673642e-6,-8.237069383052493e-6,-6.328067774670874e-7,4.0733903032341144e-7,-7.3911896501507354e-6,-1.043705100574449e-5,-1.920244786258302e-6,1.0258469967455247e-5,1.0467145676227378e-5,1.8526727867152277e-5,-7.20727518439768e-6,-5.612702984814645e-6,-5.499040747943447e-6,-4.010496636320376e-6,-6.003418827094253e-7,5.22112125749981e-6,-2.531899974939382e-7,3.821959639321457e-6,-8.16526913855898e-7,-7.896089241648868e-7,1.3586451105031163e-6,-7.802600442166571e-6,-9.94303407568951e-6,-9.281112037749351e-6,-1.1713262807723044e-5,2.5258069926147637e-7,-5.133538520531472e-6,-5.1423357788301125e-6,-2.7354247028805197e-6,-8.160171790477465e-6,-8.479789587309538e-6,-4.9273291295467415e-6,3.6989525189550834e-6,5.100498375032189e-6,1.70256966287862e-5,1.554860694982655e-5,-2.4124378298612083e-6,-6.2692529395456865e-6,-1.072579046373004e-5,-1.0480222725702686e-5,-3.5920277663065e-6,5.77938145258445e-6,4.883287188308585e-6,-2.185821485514575e-6,2.444927553994526e-7,-2.6248522212228297e-6,-4.174639372762099e-6,6.082456494702058e-6,-3.5027161390810925e-6,-4.304132202258395e-6,-2.6286239685059144e-6,-3.2312669093095884e-6,2.601949177381805e-6,-5.399373302940201e-7,-1.867334596914602e-7,-5.631815941790917e-6,-8.177739978843683e-6,5.584510136263342e-8,4.844371721325708e-6,1.0404585722772539e-6,4.1535461666426796e-6,2.972352646898487e-6,-6.240474521088804e-7,4.454201948289957e-6,7.923674103662827e-6,1.4417050056046548e-6,-1.208713670671464e-6,-7.708378735938901e-7,1.7955499800520206e-6,-5.928822342268796e-6,-2.099425695511193e-6,-1.116036024263766e-5,-4.147580060662396e-6,-1.0769342551488149e-6,3.79108976886216e-6,-1.7764273678291494e-6,7.124414189489318e-6,2.4579082341771318e-6,3.7522832365248824e-6,1.2144973767004655e-5,4.367682730275211e-6,-4.942525561958139e-6,3.6673653217717603e-7,8.218757235371757e-7,5.622816057995499e-6,-9.905334755275574e-7,-2.163605535059805e-6,7.060366545588808e-8,3.6330074608483363e-6,3.92795688649508e-6,1.0858774013014513e-5,1.0538939081623608e-5,1.1916162471631508e-5,8.900192864395786e-6,2.4485411670677663e-6,4.94943330305739e-6,7.211904898305124e-6,7.512233474072187e-7,1.0995746659401065e-5,1.3918549513326185e-6,-1.838145803340639e-6,-2.989761318197314e-6,1.5034670478102072e-6,6.681833346133712e-8,2.8777120280676695e-6,2.8048731024912036e-7,-8.204284649032916e-6,2.645649108090763e-6,5.22002358174631e-7,2.1977617198919067e-6,9.02159088286035e-6,8.680791638428991e-7,4.51130308308578e-6,-7.749187931611967e-7,7.991364544755744e-6,-1.6953014966843853e-6,-2.447822825993781e-6,8.392555288626789e-6,5.542105020551686e-6,-3.281270940399901e-6,4.896126442313909e-7,-4.318896900873546e-6,1.381417167195214e-5,1.2815597714757417e-5,1.1431838532617761e-5,1.964224340065355e-6,-4.806020003311636e-6,1.437872044658049e-6,-1.6429813530261344e-6,6.114009415321761e-6,-7.850855658432035e-6,-5.858163384331532e-6,-5.140921996780785e-7,1.0430070031533228e-6,-8.709097387023327e-6,-3.984115570243595e-6,-4.8072457214309065e-6,-3.2699805388181014e-7,-3.2251175631640264e-6,-8.60858857169978e-6,-6.1703103108665456e-6,8.352905621983143e-7,-2.4955509975820686e-6,1.09775519720442e-5,1.8194873340869527e-7,-3.5158911731850425e-6,-8.767700585901284e-6,-8.449601126246249e-7,9.367187182393377e-6,3.6139247771418067e-6,-3.5888245891669303e-6,-1.0867045837073052e-6,2.871308501595224e-6,3.5600469935431276e-6,2.0338298267709523e-6,9.537952950139941e-6,6.3762587703543626e-6,-2.4238179847986165e-6,-2.6419697638578004e-6,-4.096197510172891e-6,-7.498998341988735e-6,-1.9810451625938267e-6,4.610705242457098e-6,4.021253268320189e-6,8.272512130828783e-6,-2.717703596922894e-6,3.3447473272899302e-6,8.097815310018162e-6,1.07956239743534e-5,1.1994217495132787e-5,4.2402333905318925e-6,8.975273350572232e-6,-9.488400282740127e-7,2.551425970648074e-6,4.80330707794713e-6,4.349537993556763e-6,-6.472580981002928e-7,3.2018981335020967e-6,1.1543862744475097e-5,5.106479518218259e-6,8.258484422838812e-6,1.589923765479324e-6,1.1651195693750525e-5,-2.3592293597874756e-6,-4.046127454231511e-6,-6.47057204219825e-6,-3.666965896776376e-6,-2.888459548448241e-6,1.0033467070398534e-5,8.653063976542833e-7,-5.7577199649489225e-6,-1.7902450972130047e-5,-1.1497950919053157e-5,-5.961626041945684e-6,-9.886338488958123e-6,-6.5090757035550985e-6,1.089300228942671e-6,4.719033483951287e-6,2.7720836471654727e-6,-3.020935694869144e-6,5.962565108579245e-6,-1.6207765316195793e-6,-8.716266074055227e-6,2.7755551963036396e-6,4.785530033211762e-6,-3.2004054786556595e-6,-6.48039604927912e-6,-2.2483891575691206e-7,1.925691554077464e-6,1.767864933216868e-6,-2.7725306892584903e-6,2.0834453235442432e-6,4.717729155214036e-6,6.619267104082078e-6,7.0215810631938234e-6,7.798792938018665e-6,1.027717671082748e-5,4.8900244404671255e-6,3.756231129714063e-6,2.067848087096309e-6,7.678814227374682e-6,-1.4770189680496052e-6,-9.085070051215237e-6,-1.5785769428871302e-6,-1.0146288005753087e-5,-1.086966074385278e-6,1.7563223190641868e-7,-9.010006219708993e-6,-8.645565612373575e-6,-9.064738675603996e-6,4.6835154145753475e-6,8.20110821203597e-6,5.63575744837033e-6,4.086557634069777e-6,3.5852398186847057e-6,3.988620340387409e-7,-9.865489366277225e-6,-1.0003102568561641e-5,-1.2706063553757295e-5,-6.339786946670849e-6,-7.419977646377301e-6,-1.1982695028910888e-6,-6.013645624745317e-6,-1.4767359197733604e-5,1.1434357934085702e-6,4.668277043307967e-6,7.430728511467773e-6,-2.8718043077369795e-6,-5.068979288726349e-6,-2.633576061302042e-6,3.1013557270380187e-6,6.611936053229418e-6,8.573013565740205e-6,-4.370513386339626e-6,-9.169600011843524e-6,-7.494099858777452e-6,-8.035738562608735e-6,-7.505674792432288e-6,-5.8358713780513425e-6,-7.248520395779449e-7,-5.759177205412854e-6,-1.513993338210393e-5,-1.6994144118359215e-5,-4.592088410836118e-6,4.846351758465212e-6,1.200581121034371e-5,1.610720900821996e-6,-1.0674726836278897e-6,-3.913463843231859e-6,-6.145535057656641e-6,-5.342392595760693e-7,-1.4340462870996198e-6,-1.016246505343108e-5,-1.2382158294463408e-5,-6.580225708977874e-6,6.651874016584217e-6,-1.1949132211168367e-6,-1.7060396354164202e-6,2.858774445437093e-6,8.479759516460951e-6,1.1592321314303816e-5,-1.444448835119623e-7,3.2241284042566386e-6,5.425196713070216e-6,-1.0075427749999034e-6,-7.82840662184036e-6,-7.0280259798095515e-6,-7.933564888409136e-6,3.316601687488521e-6,4.886737915954838e-6,6.13528485923966e-7,-3.5499279794971995e-6,3.7069568425745727e-6,-8.546193670914869e-6,-5.041578764115403e-6,-4.0074525699807875e-6,6.848147977446667e-6,7.322603478697434e-6,2.1680559746316954e-5,5.7627613307449666e-6,1.4396932294546087e-8,-1.0765436491085969e-6,-8.196267962519836e-6,-1.577748911504143e-5,-1.3419236166671917e-5,-9.853169945656305e-6,-1.2567762635469978e-5,-6.264542744008888e-6,-1.5533228481854565e-6,-2.8754208463390534e-6,-1.5148969046361983e-6,8.067617053119759e-6,1.5620372062893163e-6,7.127363950854669e-6,9.179433377874365e-7,-6.47303333143379e-6,6.001249136640104e-6,1.5914965219249728e-6,-6.576222994163555e-6,-3.2727298550481175e-7,2.1969395639886985e-6,4.605071001602808e-6,-4.04649352777153e-6,-1.1393282218611498e-6,3.339239963488933e-6,-4.721318143047903e-6,-5.077785745744526e-6,5.16030045988891e-6,1.5693762772740566e-6,1.3402820453500182e-5,1.026984434070998e-5,5.448922794954232e-6,5.6305571196828465e-6,7.334047485187981e-6,9.05898724972652e-6,9.16842059218077e-6,4.102597625725535e-6,3.655143826993931e-6,5.21752032700592e-6,1.3620976162394836e-6,2.161145656405623e-6,2.315463684183274e-6,1.0197187610397897e-5,1.1824045013884383e-5,9.901800639639941e-6,2.083448093297133e-6,-5.7349446064102665e-6,-1.3152919336502411e-5,-4.2745955916827106e-6,1.651543448923619e-7,-5.088714386343478e-6,-1.816154703015099e-5,-1.2321436887122919e-5,3.1185236708130538e-6,4.395784118587139e-6,-1.956152569746667e-6,-5.334957620922486e-6,-5.667327073422446e-6,-1.4884983205897315e-5,-5.685600021021071e-6,2.577735609579133e-6,7.085940815758714e-6,7.24621473074499e-6,7.123433361856968e-6,2.0682910221316937e-6,-4.18411647687717e-6,-8.183156035953838e-6,-2.7303731677739034e-6,-7.929512936987648e-6,-2.999866763939093e-6,4.206488380562559e-7,-1.0607539086757764e-6,-3.657361905930718e-6,-7.033021485763433e-6,-6.477905385356932e-6,-7.702335700957826e-6,-2.3039351189296362e-6,1.6677150946918457e-7,7.468687655668739e-6,1.2768168048623072e-5
0.0002835756938114875,8.037625071777108e-5,2.2232232604153393e-5,6.004579812386065e-6,6.9393504983649075e-6,1.822665147219117e-6,-9.225832060844639e-7,4.122552491509905e-6,-3.0565370732447286e-6,-1.624975816015636e-5,-1.297244588900065e-5,-7.967451319115764e-6,3.4136427766085847e-6,-3.996180169348307e-6,-5.0676472691274546e-6,-4.782732684627734e-6,-4.864986857195859e-6,1.660535571076527e-6,4.626391457804652e-6,3.728256113177438e-6,4.411108563482762e-6,-7.034880306617687e-7,-7.2687179471254815e-6,-3.351783412640824e-6,-2.961625049841894e-6,-4.380755636089378e-6,-6.436690819987947e-6,-3.1374262273560484e-6,-5.127835234175233e-6,-1.177870925065097e-5,-9.262387660168528e-7,6.9559052384721865e-6,9.85016718588989e-6,4.764490009285287e-6,5.447177307587856e-6,1.723335382725559e-6,2.8213326211684372e-6,-1.2096653844104188e-6,-7.555382165273057e-6,-5.615821892890508e-6,8.08760765123927e-6,3.682297882355427e-6,5.322375488624586e-6,-8.67420819155005e-6,-8.612719861116256e-6,-8.779515506364292e-6,-1.2565099153096569e-5,-1.1255676093109806e-5,-3.752011001369008e-6,-9.02199865395364e-6,-7.081739751998904e-6,-8.13524206420694e-6,-6.091617126784973e-6,4.361087256716903e-6,-5.5781420912238635e-6,-2.322807350481333e-6,8.426455768453211e-7,1.2285151269301072e-7,-4.319006383548771e-6,-8.851975371158563e-6,5.436522410241628e-6,1.6043218959446056e-6,-6.841918273782966e-6,2.8156629326212794e-6,-5.248793905025636e-7,-4.87301196425833e-7,5.7333243655607926e-6,-3.6827139115280577e-7,-7.380055218077524e-6,1.284628716143401e-6,1.8758829613683656e-6,6.965370463200135e-6,1.4148706662965959e-6,8.54140617333775e-6,1.0581935751812707e-6,9.617150870205761e-6,7.91823413671841e-6,9.435128690159114e-6,5.22575917181355e-6,3.919515248860984e-6,-4.065233378360225e-6,1.377297271824639e-6,-3.7302298111217188e-6,-2.1448602030456446e-7,-3.2958179221435097e-6,1.8957650867212012e-6,2.6699596241145124e-6,9.092915597648194e-6,-8.933058304117752e-7,-6.173446984293956e-8,-7.84442629229319e-6,-9.223673069709948e-6,-7.440936264927403e-6,-9.152442650864156e-6,-1.2066550506685442e-5,-1.1964527951867673e-5,-4.326434972193421e-6,-2.4253219176071256e-7,4.462073184209715e-6,-6.84932480022302e-6,-8.71952240366993e-6,-5.204576914997554e-6,1.6719474721763496e-6,1.2456187790169188e-5,1.0672794935954114e-5,7.260848952632402e-6,-1.4930523949999601e-6,5.210091028859739e-6,4.9036654716386475e-6,6.775789863529738e-6,2.6323984394421304e-6,5.282338777799611e-6,-3.1402860184389534e-6,-8.050044418663508e-6,-1.2137112579754693e-5,-2.1780911931866578e-6,3.582386740010407e-6,1.8212216075645504e-6,-9.490086002939229e-6,2.0914006446560226e-6,2.811811195941042e-6,-1.7701311673282717e-6,-8.430079248778452e-6,-1.6337243187424746e-6,-8.912000389354416e-6,-8.599626858260754e-6,1.7550620337390508e-6,-2.9091766702047295e-6,5.89400504865309e-6,-3.56536305341062e-7,-3.8964095689237255e-6,-3.678858928928643e-6,8.931818851423686e-7,4.773685706350103e-6,3.111156604204292e-6,-1.725417980309294e-6,4.283860614353715e-6,4.242753719346322e-6,6.45757790620473e-6,4.709441653986834e-6,-1.3743014806702387e-6,7.72797151870054e-6,1.9992695739379926e-6,1.2432582493845863e-6,-2.1535346025083843e-6,5.440890492034872e-6,-3.6468712845101056e-7,3.4752972841901202e-6,-2.16927904937171e-6,-1.6583026100707387e-6,2.668531496385176e-6,1.8165522166175914e-6,7.952854765744735e-7,1.718156156153937e-7,-1.8851101488610032e-6,6.315700305130396e-7,1.2028956299702609e-6,6.814448626685558e-6,6.740104639010094e-6,-7.086717628184866e-7,-8.149082703622079e-6,-6.569681888382781e-6,4.695382566675709e-6,3.799567439887927e-6,1.3899618808458133e-7,-2.4190204083151917e-7,-7.308821449105838e-6,-9.077282949613975e-6,2.641760070011082e-6,6.491751065753976e-6,4.137281660561946e-6,-9.709712319507605e-6,-8.685960588695103e-6,-3.757250933339485e-6,-6.604563689839243e-6,-9.783395581252362e-6,-3.2960910940803425e-6,-1.41588307023709e-6,-2.777169254628396e-6,4.90579173205705e-6,9.778330218955358e-6,7.010231165581269e-6,2.6730594144904615e-6,4.7689804306115425e-6,-2.1577619215211723e-6,-3.165784664960962e-7,1.1987607613661342e-6,-2.0180110517452865e-6,-4.054869210126188e-6,5.590239729527502e-7,2.2077111917528214e-6,-9.066781655923306e-6,-7.122549413232951e-6,-4.593909935423774e-6,1.1860136664219429e-6,-1.6307008172332909e-6,3.6592570573048373e-7,-3.6633419357426157e-6,8.91929768670714e-6,9.50786156182441e-6,9.147278624865734e-7,5.66548201241873e-6,9.24702408973263e-6,1.0901642013721462e-5,1.1083553615400515e-5,1.1378651812838238e-5,5.192893370021767e-6,-1.2061932804094752e-6,-4.351133892677464e-6,-9.90662393677492e-7,5.170967138690318e-6,1.1500246789027151e-5,7.296660736302642e-6,-1.515887757950673e-7,-1.715247943562919e-6,1.0524805508622982e-6,1.912598833694984e-6,2.7275529336529453e-6,8.481579198779206e-6,9.72021042029097e-6,8.389954202613568e-6,5.443937157140602e-6,4.7129971202367255e-6,2.502779042937628e-6,1.4999318512399126e-6,-1.1437970246110699e-5,-3.673877320355171e-6,-1.039729700548993e-5,-1.3322971563655901e-5,-9.169456377461016e-6,2.6128186707681765e-7,-1.2303834297132738e-6,6.725444229780155e-6,-6.04369745197687e-6,-2.062274801455785e-6,4.291005433877144e-6,-6.816893255323976e-7,-1.1558030807958578e-8,-2.3859711167124444e-6,3.155545764935432e-6,-6.610325271171353e-6,-7.189486341288736e-6,-5.941635888857998e-8,-1.6053550391638657e-6,-2.1260863117378176e-6,-4.395033651922459e-6,6.679509261858682e-7,1.6532000747572383e-6,1.485471209929747e-6,5.436419571665744e-6,6.760627618902231e-7,-7.518018805616125e-6,-4.128388208339235e-6,7.978007237396665e-7,6.838993733388471e-6,-1.601539146571726e-7,-3.8486456400237765e-6,-1.0035975117796692e-5,-4.650738153712098e-6,-4.217512374426439e-6,2.6126492433363045e-6,2.8570888853150716e-6,-2.3836156959901254e-6,-7.32149739312509e-6,5.519894209072189e-7,-2.71015471079542e-6,9.073529283161872e-6,8.424429611990035e-6,3.807769761238482e-6,-4.404475151777316e-6,-9.17212453988624e-6,-6.825355024096576e-6,-6.930608477745238e-6,-9.89529839539836e-8,-5.504389379688447e-7,-7.551500996137087e-6,-9.816317523455163e-6,-1.3284650091706985e-7,-2.2112871274920354e-6,1.2550502491675369e-6,2.7512055976875492e-6,1.4502567807386617e-6,-9.56624991321946e-6,-4.039419587296971e-6,4.699253309603276e-6,7.754567730731578e-7,-5.598580061249418e-6,4.9363577650554034e-6,1.256083843607028e-5,1.0289189974407085e-5,2.274122569163493e-5,1.9037998151842556e-5,1.2800023301090967e-5,5.227055960909361e-7,-6.382084331915293e-6,-7.325111806646331e-6,2.05375409192993e-8,-5.945958790239713e-6,2.209257753340761e-6,-4.54284087321849e-6,-5.065864989412214e-7,-1.4104359035550547e-5,-1.2165688468526783e-5,-9.382806368710124e-6,-1.0235914810716987e-5,7.888477366484107e-7,-5.765334997881259e-6,-2.752075950922031e-6,1.6010977334281162e-6,1.0258765031711516e-5,1.3982578264418479e-5,5.434370287471443e-6,2.8270052612864057e-6,-3.962891909368213e-6,3.1673469163301384e-6,1.0654315059983116e-5,6.316280703612103e-6,1.015926256526377e-5,5.9825228757756975e-6,5.366771970489295e-6,-2.8766528231825724e-6,6.333191789327489e-6,5.092658947478644e-6,3.7566185372908444e-6,8.027057595568115e-6,1.5751096041395212e-6,-1.2504910483545443e-6,4.481577315592099e-6,-1.1729979537326766e-6,-2.1089760550930306e-6,6.083813216406938e-6,5.026238823037101e-6,-1.9681809607104536e-6,-1.4318357268202972e-6,-8.15433251761652e-6,-3.33237015579284e-6,-4.243795919285393e-6,-1.4987169996782774e-6,-8.073199778700034e-6,3.0502547929981273e-6,1.1605044870468157e-5,7.764691625829797e-6,4.288596626562551e-6,4.2008846984991185e-6,3.225086570356491e-6,-2.8664803313051067e-6,-3.0069309385314384e-6,1.8379262246658122e-6,1.1559348691659923e-5,8.412769244675413e-6,-1.3583063867411878e-6,3.127216164843483e-6,2.0238929256255985e-6,-4.868592562350719e-6,-1.1173867813603189e-5,-1.1282461016681166e-5,9.64880568246179e-7,-9.144161064736171e-6,3.7541430138920026e-6,-5.4764681174144594e-6,-9.225490232797501e-6,-6.701943647918023e-6,-5.377886889540456e-6,5.416365214157945e-6,-1.506827936693261e-6,-5.2984478109126276e-6,-3.5286310853209878e-6,2.9060681081902016e-6,-2.5293291432056196e-7,-9.569055043874563e-6,-4.544246212247277e-6,4.3755261599902726e-6,2.1273564809262643e-6,-3.026024890871259e-6,-5.760165616252069e-6,1.5168641014348347e-6,4.654780582111276e-6,3.423292962966051e-6,-5.426757819005422e-6,4.028832122076001e-6,3.451039437667881e-6,-5.990150265774607e-6,-9.900602161485424e-6,-3.4108350841916503e-6,2.831794981826191e-6,1.9472825838772597e-6,2.1079585876397193e-6,-2.488476088448969e-6,-2.687689030422833e-6,-6.994612197142918e-6,-4.080172072786613e-6,-1.869730094649231e-7,2.385046932456294e-6,8.688904758092097e-8,1.60182371679518e-5,6.6905262871031295e-6,-9.277836998754804e-7,-1.0236880195242233e-5,-6.000928709692898e-6,4.198509230857176e-6,5.0732237169197525e-6,5.712558617055627e-6,1.5997648900984759e-6,8.05413271228068e-6,4.873827262707998e-6,-5.670162450592112e-6,-6.271783488302642e-6,-2.9342558619297134e-6,-9.768369361638441e-6,-1.3278980551353994e-5,-1.5162795569080544e-5,-9.477931552652423e-7,8.372738979154248e-6,1.925373355437853e-6,-2.4591318618533555e-7,1.953430379033019e-6,-5.956899763719003e-7,-3.475962526067234e-6,-7.676561328214197e-6,7.279647974843509e-6,-5.110534076745006e-7,-7.489541597361519e-7,-4.7048181153649204e-6,-1.8330227697611611e-6,3.798719447257605e-6,4.334852308176575e-6,4.010471616836451e-7,-2.286087788064782e-6,-5.394216726608454e-6,-4.314647744581361e-6,-9.054532300997179e-7,7.936568794536136e-6,1.4917539495198457e-6,5.3870164221028695e-6,-8.684022733990582e-6,-1.3375983488830722e-5,-1.1420521255187958e-5,-1.0986299447494703e-5,-1.3755367787585846e-5,-1.7442485364095618e-5,-1.3810268713877845e-5,-1.0786832959268064e-5,-5.992589286212244e-6,7.308586713386493e-6,-4.676375470360647e-7,-7.60229597717035e-7,5.0943614036149634e-6,8.469221694741766e-6,8.928565232203468e-7,4.761876129024215e-6,1.3327955807826823e-5,9.428509086531359e-6,4.677255939966335e-6,9.461506483694641e-7,2.6084651407209905e-6,-1.726478986426077e-6,3.843762115075185e-6,-3.913212645146277e-6,-7.188349270504837e-6,-1.5641333635439017e-6,-2.283122011626534e-6,-7.86468226470695e-6,-1.734322847632657e-5,-6.115449069407209e-6,2.0124572695578687e-6,1.1290356616900364e-5,-1.3190440624438293e-6,2.188981399895174e-6,5.161935563226986e-6,-1.5144699849959085e-6,2.8622010035318344e-6,-4.180228806361515e-7,8.265184553298077e-6,3.1598275388346823e-6,-3.7295443583993754e-6,-4.759216377061772e-6,-2.2462754342040628e-7,2.354257500379392e-6,-2.6472080614041087e-7,4.177790690769319e-6,6.072975787731786e-6,2.0887030216911864e-6,2.1915252419760963e-6,2.672056259392212e-6,1.1653283721307701e-6,-9.48055014643801e-6,-6.132713511896991e-6,-3.30554533653062e-6,3.0733890660425884e-6,7.1436290753832775e-6,3.457862485922265e-6,3.107399705955818e-6,-3.04747911493492e-6,-6.486852532776044e-6,-9.145082300179576e-7,-6.1214913185876035e-6,5.212656686891452e-6,-5.8355261598463204e-8,8.798056962990222e-7,5.423239226153327e-6,-1.9468200005425465e-6
0.0002854471510898911,8.042380877891297e-5,3.1060178640597646e-5,1.3692622664365471e-5,1.1685363924099288e-6,2.3099389123539812e-6,-1.3231449440849606e-6,5.107478021792947e-8,1.047540512162072e-6,3.1504818484662077e-6,6.7248015741593374e-6,-4.508750413470486e-6,-4.323379090777681e-6,4.095292957794127e-6,-5.14334148546664e-7,-6.164498977856357e-6,8.110579492121503e-6,9.223397983603355e-6,-6.60175263245677e-6,-5.9045455094132095e-6,-1.0468743096780385e-5,-2.300905485125985e-6,-1.0889060032296827e-6,-5.560322939796213e-7,-7.266976350667004e-6,-6.638289117057932e-6,-4.076534822103597e-6,6.461632086799775e-6,1.6287032237916566e-6,5.540392882280276e-7,3.5929208468442263e-6,2.3562589692432923e-6,-9.727894655760707e-7,1.2708639604116996e-6,-8.418159964522127e-6,-2.7893239242136904e-6,5.693617675937476e-7,-2.0181330195379327e-6,-1.0457294907477956e-5,-2.1915206258920293e-6,-2.307545413145846e-6,-1.9021879689171217e-6,-5.328992756354604e-6,-1.6171102649208084e-6,9.148663094695032e-6,4.852736604561104e-6,-1.849420880662545e-6,-7.789552297506402e-6,-2.1935414491414394e-6,-2.09558932527385e-6,2.8701713179484555e-6,-8.686721606300997e-6,-1.3422529567945411e-6,2.276846242974502e-6,5.735007474134199e-6,7.392725340397718e-6,2.92861614931408e-6,2.513863947146148e-6,5.464298391273289e-7,-5.287741514755962e-6,-6.394003513925268e-6,-1.1138866862243285e-7,1.711447525167354e-6,3.0515996653476415e-6,-4.054206157572086e-6,-4.653829970831078e-6,-5.181213502119497e-6,-3.000599952175087e-6,-4.831434362658098e-6,-7.027673625195865e-6,4.878872462515248e-6,5.8646676283535675e-6,7.696613654777668e-6,7.7267859121375e-6,-4.764796120053263e-6,-2.000389779814173e-6,4.532554888518367e-6,2.832178070489285e-6,-5.478671182482971e-7,-7.968345134490471e-7,-2.1694007875870365e-6,-6.1832674516606835e-6,2.752632816648433e-6,5.360525284347922e-7,1.111264531866396e-5,9.889445651574869e-6,1.856930597148385e-6,-2.180684467821181e-6,-1.2384318091336723e-6,3.086496631549207e-6,1.5248511919054957e-6,-7.265711251034575e-6,1.52144525201806e-7,-1.8596758772397965e-6,7.046787699363315e-6,5.12182051342208e-6,5.953599459603603e-7,-5.810465997765943e-7,-2.819069478615763e-6,-5.594971691081008e-6,4.672980163323044e-6,3.0185107741249555e-6,1.2485524966471476e-6,-2.237221771958387e-6,-9.17135530487251e-6,-1.75409590433228e-6,-4.32444001935942e-6,6.985423925653798e-6,-7.60612723110608e-7,-7.907828340128039e-6,-6.858244807607242e-6,-7.211496880272668e-6,-1.565079554189742e-6,6.250244500496503e-6,1.081621562259078e-6,6.883435966293667e-6,4.4541417013710705e-6,6.916794560873229e-6,4.757097517283346e-6,2.9809039980947974e-6,2.3588326679051405e-6,-7.520564267936951e-6,-5.812547464817028e-6,9.628792686194622e-7,-1.8772550862681051e-6,5.816416402696547e-6,1.1929019201635615e-6,-5.213299610368764e-6,1.660523088659424e-6,-1.4833711925396734e-6,-1.8511952144215306e-6,8.834530202437993e-6,1.030660157431196e-5,2.3663612315623435e-6,3.289201163049581e-7,-2.4691126838883162e-6,2.1774431973591703e-6,7.4253807585059565e-6,8.444203348526966e-6,9.75466489476956e-6,1.4607979148071318e-5,9.774041461172488e-6,5.121337816487259e-6,-9.816715387118405e-7,3.00099818815306e-6,1.7701271038929386e-7,-2.7375454913802513e-6,-9.04282588790315e-6,-3.614562526942227e-6,-1.576297679261115e-6,1.2388854259013017e-5,1.5925994547932908e-6,7.794060289194118e-7,2.7196705855945666e-6,4.8027410352728095e-6,-8.823066740947812e-7,1.0425180655627198e-5,2.116884254813406e-6,7.304054671520885e-7,-1.1435096094025984e-5,1.9833897816753784e-6,-1.3838920026067818e-6,5.128829214297928e-6,6.964167569059819e-6,-2.2208121119266405e-6,-4.980291183793984e-6,-7.2476530349794316e-6,-3.707018821595904e-6,-2.923506367891481e-6,-2.3148805530894778e-7,1.1153930321259228e-5,-1.3029696416194925e-6,-4.984147524865061e-6,-6.6890781820331045e-6,-3.739971509748216e-6,-6.966630419902433e-6,-9.992159750734082e-6,-9.2047492358686e-6,-4.343144540803682e-6,8.31528125078958e-6,-1.1487464433835062e-6,-2.6547753172680577e-6,-4.516967621303041e-7,5.856508320728561e-6,5.798550121504459e-6,5.242026471215476e-7,2.509410140494427e-6,7.494249017271212e-6,6.781843247430529e-6,1.200193139126615e-5,9.317771798674579e-6,1.3449914341074765e-5,-4.016300958772607e-6,-2.080364518949299e-6,-1.2228686421225345e-6,4.269120576452499e-6,1.002800349378127e-5,-1.952770969067786e-6,5.500166725073326e-6,2.7541477380758643e-6,-4.815378317062413e-7,-6.791892359642781e-6,-8.62117194299392e-6,2.647665616879178e-6,8.494689833760492e-6,-1.099438380033095e-6,-1.6137374984191093e-7,-7.172546578959973e-7,5.624746249030708e-7,-1.043183211589158e-6,-5.642641539174957e-6,-1.0049741113944358e-5,-8.497772878103298e-6,-4.383176409191192e-6,-8.48249307378246e-6,-7.805474933814182e-6,-9.724748133612978e-6,-1.4019450409765159e-6,9.955884689060496e-6,7.229905231665876e-6,9.478767803176481e-6,2.8927214783801417e-6,5.835562176691425e-6,-7.223447721139228e-6,-1.681882716155325e-5,-4.634016277896526e-7,-1.9079632602887556e-6,-5.210499510024089e-6,-2.1896326592063327e-6,-2.802735787145775e-6,-2.69893468274971e-6,6.663983190727794e-7,-2.245363688358374e-6,2.6587797971567716e-6,-4.315574177207282e-6,-2.3780273091512803e-6,4.6294952207524343e-7,-6.1032631400434284e-6,6.643642972647145e-7,-3.6633783340943564e-6,-3.697590372307924e-6,-5.249202729334694e-6,-5.718419438788959e-6,-8.216502272209007e-6,-2.5286089856490302e-6,-4.945307340640499e-6,3.627415934985631e-6,-4.628431344156007e-6,3.4637577918569064e-7,2.2790900267748564e-6,1.0835963622042248e-5,-5.199962838207593e-6,-5.514106396186167e-6,-8.93474742300434e-6,-8.462052667319033e-6,3.005701702944284e-7,4.702944192701482e-6,1.1110784773264133e-5,1.4318929410193784e-5,1.3336049498491227e-5,6.745742636382916e-6,4.153886507562352e-6,2.5361136936862705e-6,8.350628034939182e-6,-1.3481721486504501e-7,6.1106448522126096e-6,-3.9428740295789865e-6,-1.2407677743413285e-6,-3.751094668052579e-6,-7.608482518357905e-7,2.309545956556584e-6,-1.6442741835751654e-6,5.262637276544546e-6,5.411965310823085e-6,3.4791519510148815e-6,5.3092327353395245e-6,8.3440793534877e-6,7.615570672226515e-6,3.745511259025222e-6,3.925832243758382e-6,5.016297520393672e-6,-1.6832788565555513e-6,2.693067740164682e-6,3.27384712146463e-6,-8.35294489174718e-6,4.3254648789120616e-6,9.735228249253168e-6,2.7475782309082263e-7,-2.78619767793831e-6,-1.2669833952693712e-6,6.70540874658715e-6,2.666135893549296e-6,1.9713038009231443e-6,9.28362937379757e-7,-4.18511730686088e-6,-1.2149839724663012e-5,-6.017294773960672e-6,-1.134673335265843e-5,-4.62034350370488e-6,-8.34277033166739e-6,-4.022731656846216e-6,-7.703519541798572e-6,-7.649766010714668e-6,2.2705940945354784e-6,-7.73950931539034e-7,-5.525291812550938e-6,-1.4901325831109185e-7,3.1757262515973924e-6,-5.37766256175127e-6,-2.55166362347582e-6,-3.862978190269307e-6,-1.2190114934195028e-5,-7.4521031987221355e-6,-3.7057920172318146e-6,-2.798335172336864e-6,-2.1441066024311983e-7,-1.9859798384646794e-6,2.1126265190861865e-6,-7.205146009525892e-6,-2.936501707366061e-6,1.4703008695156148e-6,-2.573323516528398e-6,7.492518833112325e-6,3.248237693929166e-6,-6.257531553225453e-6,2.4281731144458756e-6,6.500469176352564e-6,-1.9775166919932603e-6,8.86517628037756e-7,2.6409796370578023e-6,9.77344927853158e-6,1.2993305531187248e-5,1.6114126038178844e-5,3.935436537630288e-6,5.809548270461454e-6,6.1693513016601224e-6,-6.755739747709279e-7,-3.9860992275745003e-7,-3.332494392525241e-6,-7.566136826514878e-6,-8.897854107721631e-8,-7.5539688111136604e-6,-1.9286844169323186e-6,-3.521811969499222e-6,-5.956806569494884e-6,-6.501114161277951e-6,-9.765010927711617e-6,-2.236043952944967e-6,2.9609465142334773e-6,3.2534352461226485e-6,-4.012108758164374e-7,2.6629337775627013e-6,-3.8014700659132727e-6,6.9483755146429016e-6,-1.2405229661683917e-5,-2.3620649071061334e-5,-7.903762454680752e-6,-1.1126308176194817e-5,6.641757900755493e-6,1.996255899435135e-6,1.4144311757240009e-6,2.3051649677560337e-6,-1.1335771198248654e-5,-1.3743055944833281e-5,-7.691245160310289e-6,-9.560254699652326e-6,-1.229332081848156e-5,-7.992808109756018e-7,-4.831418797628136e-6,-2.2970861639394323e-6,1.0444220468451282e-6,-1.0167028854817217e-5,-3.868960357980456e-6,-4.289356556483496e-6,5.164953431954316e-6,6.151797669299072e-7,-3.387026498535631e-6,1.1398290893244533e-6,3.068523169465469e-6,-4.6723091471473765e-6,-2.501619898353777e-6,-8.892073488907074e-7,1.0604266646520967e-7,-1.1567807973153972e-6,-9.274010061586194e-6,-1.0609249192368559e-5,-3.3554323928166154e-6,1.186739240050388e-5,4.798661437143433e-6,7.040129327895945e-6,8.697900753457613e-6,5.573672808179161e-6,1.3575462256054975e-5,2.6972695388717335e-6,-3.623116430733497e-7,-3.1088581529866996e-6,-2.6555757510495873e-6,1.0858277386930369e-5,4.1705802009366665e-6,3.3976668591088647e-6,1.0621065905625541e-6,6.846711318845257e-6,6.60144844185821e-6,-8.821774816922916e-7,-4.398676826147021e-6,-8.531895574596992e-7,2.477180383888213e-6,2.5753103228335525e-6,1.1404520620146404e-6,8.54460327891509e-6,-1.2014905312260122e-6,-1.0330184536948078e-6,-5.588936557573957e-6,-1.2622496038915706e-6,1.4723851381111837e-5,1.1164683068360157e-5,3.3710730563905143e-6,4.87769462095419e-6,4.645195656701798e-6,6.0999875358086414e-6,8.981854155305924e-6,5.536415402602225e-6,5.478828184411374e-6,5.061754446480297e-6,-7.510937289769215e-6,-4.183856084058434e-6,-1.355019468701251e-6,-1.3368423660290211e-5,-8.389819594287368e-6,-6.507036185467954e-6,-1.0486256252982002e-5,-1.4257039117787759e-5,-3.6937345727983526e-6,-8.891762750986198e-7,-9.770253970208004e-6,-1.929868636828133e-6,-4.72110919658502e-6,9.122203814554133e-6,-1.3106327836396522e-6,6.8988711124457786e-6,-4.376679165449324e-6,-1.756186092682907e-5,1.5365719955586212e-6,-2.733558323036482e-6,-2.6540284399375065e-6,3.11351565902762e-6,1.6414753173760725e-6,-1.1063272979112943e-6,-3.695133147444963e-6,-2.3413499973289058e-6,-2.4232779448020265e-6,-9.745788452493386e-6,-1.5097159915500228e-5,5.790874094203044e-7,3.860678373819964e-6,8.011377252322334e-6,-7.45574065674835e-8,-8.073099093118709e-6,-7.147872216488088e-6,-2.8286091728837295e-6,1.0600916304504396e-6,-5.619084086206287e-6,-9.984471770068317e-7,2.414113394628028e-6,7.533427410588605e-8,5.980912493933351e-6,3.503118077984853e-6,4.386777792200325e-6,-3.1743472056566054e-6,-3.2101591397193477e-6,2.724566732424146e-6,2.2533668288881783e-6,1.1093082217397807e-5,2.1220484778790085e-7,-1.823151074753102e-6,1.5130019302030852e-6,9.541934657851919e-6,4.077163080305651e-6,1.1794155588679021e-6,-9.186992047429065e-7,-1.1150601968834014e-5,-7.929132813407406e-7,8.54421203932165e-6,-8.00156225971027e-6,-3.23596399521419e-6,4.426571074053016e-6,5.8329221730678875e-6,1.1741932927627454e-5,1.1623502067264674e-5,-4.606451331670776e-6,-1.8472522130857753e-6,-4.17198185662588e-6,3.362716169705842e-6,1.6058442862693252e-6,-4.281631024413246e-6,-1.0041858936522457e-5,-5.768925557931186e-6,-8.29966157052942e-7,3.3435523533179833e-6,3.230529670301823e-6,-1.7301341869213136e-6
0.0002841900866548503,8.175492678527564e-5,3.677956700379103e-5,6.044532356615828e-6,-5.2258996869895e-8,-1.5306404899038822e-6,6.626540936794787e-6,-1.1540527541630024e-5,-1.3081512107648827e-5,-1.2988442660420206e-5,-1.6530586802868313e-5,6.13136591280615e-6,1.306361805813343e-6,5.597110287283904e-6,-5.421963016280724e-7,1.3308820088560373e-5,8.162379568551978e-6,1.241407348474399e-5,1.061936953057088e-5,2.5035257177395187e-7,-1.0359553367040543e-5,-8.044986433993573e-6,-9.28268467838646e-6,-1.3472405872683682e-5,-3.6556012778616003e-6,-5.128018651625449e-7,3.1166779605066556e-6,9.055080087663288e-6,5.7530960683751455e-6,6.900595172117217e-6,-2.76715981352326e-6,-2.989289312169485e-6,1.3046703120495976e-5,6.216797214979139e-6,5.897466933224938e-6,-3.24937008545708e-6,4.2991808298663666e-6,-1.0143279082822786e-6,-4.5717584240574415e-6,-6.1256338446092875e-6,-1.2418247004149734e-5,-9.667862070883495e-6,-6.173809753595164e-6,-1.7959026572512999e-6,-3.395124092201798e-6,-2.2016165121615508e-6,3.091408781558467e-6,6.119023350960337e-6,7.0324785998717654e-6,5.208114513344178e-6,6.878043465396853e-6,1.6894968528038575e-6,3.6587722581075537e-6,6.825546012765648e-6,5.224705123974548e-7,2.598562706375211e-6,-1.9672125202826435e-6,-1.8234156485486065e-6,4.168455658768972e-6,-9.396447987464312e-8,-1.4078919502077498e-6,5.377455620988392e-6,4.6577286936660086e-6,1.5608243136187507e-5,1.2848457225111367e-5,7.021923072252683e-6,9.151680268794259e-6,-7.989288052759079e-6,-8.023275764619008e-6,-7.851916294296726e-6,-4.230539508608902e-6,-6.533423841047471e-6,-5.8978907710364965e-6,2.0466680453079344e-6,-3.984881207880386e-6,-3.074424590967351e-6,-6.830522952690402e-6,5.317467120497582e-6,7.64095993743711e-6,-8.885928440449711e-7,4.9381214491127235e-6,3.474464953744678e-6,1.9080162252285846e-6,-5.439711090245992e-8,3.429011805439799e-6,-6.516152107178905e-6,-5.7519077622699646e-6,-1.4628075470716873e-5,-5.902941863140825e-6,-6.67758023439468e-6,-1.8437779683027797e-6,-3.770613420107963e-6,3.6620426189462447e-6,1.2833626455229035e-6,-2.737651664110892e-6,6.178888684420101e-6,-4.71147148741814e-6,1.750837614245137e-6,4.7360776545773875e-6,9.503344170583048e-6,5.959891857257109e-6,5.523718194300823e-6,-9.68933568164218e-7,-6.600880669934763e-8,6.177169694777257e-6,2.1672654369187965e-6,6.754294434701671e-6,4.221737512186792e-6,-8.116767467138275e-6,3.7007895186310617e-6,3.8207022824443435e-6,6.506230696364239e-6,1.599277975732773e-5,1.1753723224990899e-5,-2.808931273270812e-6,-2.829845096858577e-6,5.7533353571678666e-6,-3.2428974949436548e-6,4.838552122847911e-6,-5.61666410474783e-6,-4.777019340071077e-6,-7.602156749232764e-6,-7.567524896188858e-6,-5.327627288021595e-6,-7.839353396492666e-6,-3.6350792814555824e-6,-5.185602040822272e-7,2.421464820849055e-6,5.098335929662357e-6,5.306008142640446e-6,3.997449787559353e-6,2.7684405174024922e-6,-1.4204019438948053e-8,1.1882514506086772e-5,1.038882271725827e-5,7.97342510932003e-6,6.66568762027767e-6,1.5640661312223996e-6,-9.98623707701567e-7,-3.5619991550842857e-6,-8.890504996632415e-6,-2.824127332490465e-6,3.2979063898748504e-6,-2.69856609489808e-7,9.894998131218104e-6,1.2783525366243527e-5,8.036497272786026e-6,1.1328793629058019e-5,4.090298654805052e-6,7.418963011224069e-7,3.996814376554496e-6,2.483499209314832e-6,4.461950571502782e-6,2.3162410188196394e-6,-1.2875476743200977e-6,-2.075478206312079e-6,-9.064400537193715e-6,-1.0837490624533279e-5,-7.2808765820094105e-6,-2.2636371220189515e-6,-1.759264404580248e-6,7.314053093062312e-6,1.1562363445567752e-5,9.00072137149278e-6,4.776516384755042e-6,4.388282653581079e-6,-2.773620945050142e-6,3.2901523117849647e-6,-7.625157456149719e-6,-8.084567454216914e-6,-1.0407284551493288e-5,-1.8401061440156451e-6,2.8369607337439256e-6,1.4205167784153986e-6,-4.60786311524485e-6,2.6633373485439886e-6,3.7951431291469292e-6,-1.4105387596036026e-5,-5.067491555923957e-6,-2.4567416617874966e-6,3.8114293150012904e-7,3.062132556772255e-6,5.1911752475471796e-8,-5.099083815438116e-6,-2.5388277764805236e-6,-6.80925655960546e-7,7.809654806226161e-6,1.0347159093992706e-5,-8.14765400558972e-9,-7.462542594283764e-7,2.4330273454462464e-6,5.9111053519696686e-6,-3.153729160053462e-6,3.5446164776634604e-6,-5.886716209257135e-6,1.93070325478206e-6,-4.394480050849638e-6,-1.8123408616772715e-6,-2.137180699775787e-6,1.8957229359531302e-6,-4.919311375354353e-6,-9.947373262475563e-6,-4.0054677707775235e-6,-5.3195549346599455e-6,-2.448868217591332e-6,-7.525830367122269e-6,-9.491812432865113e-7,2.613417997471159e-6,9.552479826482305e-6,-3.172002717986063e-6,-4.2563602260240176e-6,6.533783753936925e-6,-5.8352262467801e-7,3.1667242300540256e-6,1.1229717326831246e-5,-9.946331525438256e-7,3.928708790481392e-6,1.327251531811018e-6,-2.4770147583233757e-6,4.135237915640939e-6,-9.960267702283908e-7,-1.1467670616192984e-5,-9.927750822545331e-6,-1.0189041651383182e-5,-6.274791461613758e-6,3.842332842004857e-6,-1.0709012860405727e-5,-5.85407613265347e-6,-5.814308051990038e-6,-8.217908840897303e-6,-5.551989055377754e-6,-3.2762050940734773e-6,-1.401131264622815e-5,-7.0320200809190805e-6,-4.7298471582002235e-6,-5.9730243876210936e-6,6.752200935828691e-6,3.504566622973498e-6,2.4383911957887335e-6,6.965568039333069e-6,-2.8493675941609724e-6,-3.3350680971272255e-6,9.624728969974254e-7,9.781322591923035e-6,4.710325408393089e-7,1.2179683198150063e-5,5.903308681059429e-6,8.888830743639036e-6,5.429484888817981e-6,1.0662330263021685e-5,-1.0300207338686354e-5,-3.85557898620184e-6,-7.461604938271603e-6,-8.369008253462718e-6,-1.120626296476551e-5,-1.630163189443344e-5,-1.6038462312716512e-5,-8.970521580215579e-6,-5.673673281562567e-6,-6.241934373336011e-6,-4.847703594766175e-6,-4.616102844382687e-6,-1.094754754564535e-5,-8.163193704775054e-6,5.023625656562975e-6,-7.302330914866575e-7,-1.6476519585897705e-6,-6.154399142228221e-6,-5.851421509410252e-6,-3.05256780326273e-6,1.4685522466749339e-5,5.7906672226883364e-6,-5.984090207582688e-6,4.886345307973102e-7,1.5760604935205883e-6,9.825869894145415e-6,2.7423878963236187e-7,1.672538255630437e-5,4.98868548397263e-6,1.190630301051937e-6,1.0638060787838619e-5,1.2696855506660322e-5,4.953400112530404e-6,1.920300403661822e-6,5.479964198638578e-6,3.3550368710652373e-6,4.601070972336138e-6,3.4259939021597652e-6,7.33205233729018e-6,-2.8390505026866675e-6,-3.5792181977820497e-6,-5.207880497507824e-6,-1.418930970384962e-6,2.4507330108568693e-6,-3.075916499747325e-7,1.1858999204145382e-6,4.625519054204512e-6,1.441976597791978e-5,2.692294416708275e-6,3.0049323973772697e-6,4.476107469552267e-7,-1.1969040150686348e-5,-1.0540030123951111e-5,-1.0604932179551655e-5,-6.912676238193617e-6,-5.607210795968589e-6,-1.132801065565563e-5,-9.519232598434482e-6,-1.3844853754111488e-5,-4.411085198385485e-6,-8.442668036986599e-6,1.3942527690695654e-6,-3.846925611667932e-6,4.889272701912464e-6,-4.259813121386223e-6,-1.0101688776232534e-6,-3.8157653946049175e-6,-4.074839813454513e-6,-3.942409090513759e-6,-5.97410401863808e-6,-6.7356366548182725e-6,-1.1173724979510894e-5,-4.390926618279074e-6,1.701948475768468e-6,7.712998408343084e-7,-6.3633040991651395e-6,-2.651984073353364e-6,-4.812495397553945e-6,-3.0487712247421145e-6,8.541851131679249e-6,-3.349658770244696e-6,2.0212451770939047e-6,-2.3661744097204664e-6,1.0866354084409048e-6,3.2316801457350753e-6,8.213223306748676e-6,3.860477969858903e-6,-1.809469320512885e-6,-5.0466301954684215e-6,-5.707497546431413e-6,-4.478924019686607e-6,-5.509333110838522e-6,-1.4665051054858296e-6,-2.9879374040943565e-6,3.630513787819272e-6,-6.79980326717523e-7,-1.238144069538317e-7,4.880073109738703e-6,6.066879847573496e-6,-8.033358782062437e-6,-5.407180451955236e-6,-5.719767624013668e-6,-4.425137521999986e-6,-7.300228733753568e-6,9.227877095564958e-7,-3.1808376673581383e-6,-3.0680207903714213e-6,-1.1844075052715382e-5,-2.9443553728116194e-6,-4.525810007226248e-6,9.777733698944116e-7,6.276902819834016e-6,-7.203663672242712e-7,1.5674925845548528e-6,-1.7904078233902023e-5,-4.139596302567277e-6,-2.6821509207135725e-6,-3.3523398466298465e-6,-1.669639312619024e-5,-1.1249817047484266e-5,-7.695110648074584e-6,-3.611079222012746e-7,1.4528409563314033e-6,-2.3512750601842918e-7,1.5258880095425863e-6,5.409181761897426e-7,-7.502840386897758e-6,6.1595485080814704e-6,1.414379863753612e-5,1.133872504961284e-5,1.5000941967665367e-5,1.1896104706507309e-5,4.611875258829643e-7,-7.214207757713478e-6,-6.706155927088721e-6,-1.1024341328146113e-5,-1.4547763983036153e-7,-2.691630886063823e-6,-9.518810770682012e-6,-4.091987044985293e-6,-4.619154839609698e-6,-6.503790832690681e-6,-6.723976086847038e-6,8.044861673000584e-6,6.535227597380537e-6,3.3648478137124878e-6,-3.348972707179962e-6,3.106466729865755e-6,-7.163227771127148e-7,9.402676509521582e-6,-4.010088562334055e-8,-1.2892058143621818e-6,-1.2488581020690534e-6,-1.324218290672309e-6,4.039625494470475e-6,-6.355699288411956e-7,9.334778168330174e-6,-4.849925667342732e-6,-1.580857476186112e-6,-3.2813548411810953e-7,3.4011522328490854e-6,-5.756045086459148e-6,-9.802073226805293e-6,-1.4559706174800482e-6,2.968990170966587e-6,-3.1830427167958775e-6,-5.927291086528222e-6,-5.449103802166801e-6,-1.5328648885344211e-6,-9.675203843162588e-6,-5.622871334007079e-6,-6.395086712378531e-6,-4.516320380898498e-6,-2.8943141876855816e-6,1.9426845031548044e-6,4.1138171112546065e-6,2.100097754985132e-6,-4.906725871171964e-7,8.153433826893264e-6,3.218229990860093e-6,1.7109106669548595e-6,2.0378067596528344e-6,-1.2313704573414977e-6,3.366102675925422e-6,-8.535924115113454e-6,-1.5427784794823019e-6,-3.0855293170389642e-6,-2.504246373672421e-6,-1.8974089844650707e-6,5.430923907368592e-6,2.718619777913095e-6,-4.803539318127536e-6,4.9193298788440885e-6,-3.070660832069566e-6,-3.787232847388406e-7,-5.003857864013692e-6,-3.0990928228074076e-6,-1.6278951365063782e-6,-7.025531345134521e-6,-7.765342180226411e-7,3.454805733606948e-6,2.483205688793558e-6,-1.0413781568150526e-6,2.8918897963292913e-7,-2.375633987503007e-7,1.1026888692111282e-5,9.288042061729584e-6,1.2101115909608976e-5,-8.485987689923407e-7,-1.7267227673235916e-6,-6.408930298235712e-6,-3.3787743228122753e-6,-6.847526425925168e-6,-1.4806477056729532e-5,-1.6443198093259947e-5,-3.5120505162033636e-6,-9.979916489099625e-6,-9.914257723990248e-7,-3.262614061458129e-6,-7.903060374124073e-6,-1.7105572892761963e-5,-1.1161877236496272e-5,-2.2064464769938206e-6,-4.340687117638405e-6,-8.847968160454312e-7,-3.773006575238053e-6,3.80684719896732e-6,1.1306220150354577e-5,1.5459978337516897e-5,1.3918996882992004e-5,-9.394291442192193e-6,-1.8705418216284012e-6,-4.094659398989571e-6,4.4133675677584474e-6,7.261693626072988e-7,-9.235037197284499e-6,-5.841658002244092e-6,-1.534810711271977e-5,-5.193434649565495e-6,-2.481808370851835e-6,1.4082343407054476e-5,5.439171855643281e-6,-4.4559644909823515e-6,-9.595286324689548e-6,7.49709920750743e-6,1.417832408348423e-6,5.892119139662393e-6,-3.1467826932110123e-6,-4.485491451395591e-6,-4.023415809742602e-6,-4.47165030773777e-6
0.0003073555412085263,0.00010468808326769153,3.6841580751676955e-5,1.2761698377028105e-5,1.9010842914828875e-6,4.494799978284109e-6,6.554062422750541e-6,5.84639308253276e-8,-2.2262163083712218e-6,-3.9231430410763875e-6,3.0428342183354625e-6,5.095272343130352e-6,1.367948173416004e-6,1.6149583502131322e-6,4.808336598338012e-6,7.556173970666175e-6,5.192926051769899e-6,1.0603966376112594e-5,1.2141351841476175e-5,8.460822309787829e-6,1.0416661004082017e-5,4.58545859880597e-6,6.267236308760919e-6,7.064375780034986e-7,5.625286945163501e-6,-6.9584786169469006e-6,-3.999161211690357e-6,-1.0406768399154677e-6,-5.3425610799284864e-6,1.425241836895585e-6,-4.991563791052023e-6,-1.445824572548742e-6,-1.573046657126784e-7,4.963932318545617e-7,7.785252113152433e-6,1.1672863351533739e-5,1.7767766174150045e-5,1.6431216467306068e-5,-2.1955003946757747e-6,-3.7680925745546574e-6,5.258103887704832e-6,6.715287168916274e-6,4.444552580673999e-6,-5.5107177979476474e-6,-9.770838772720118e-6,-6.727094903724235e-6,-6.011557163969824e-6,-5.352572741085501e-7,-2.302052823843561e-6,-7.121233561584108e-7,-4.401398002488041e-6,-1.2064485192664142e-6,-4.011251367762744e-6,1.5996813263426137e-6,6.7505435108608325e-6,7.718719418102969e-6,1.1041928566498361e-5,5.561365708712261e-6,1.94688600907568e-6,-5.750676908193098e-7,-7.214646349383662e-6,-1.4025630273049257e-6,-1.103147060596226e-5,-5.795218409543572e-6,-1.2170845063010777e-6,-5.071752064330416e-6,-5.879904284254025e-6,2.656738690907449e-6,2.4794456585046976e-6,9.566847980684743e-6,8.620653461862663e-6,7.116013120966868e-6,-1.900048647379338e-7,6.4920707182026034e-6,9.252772288024125e-6,-6.088169097570252e-6,-1.008019610561138e-5,-2.6430676189981002e-6,1.2544751263534948e-6,3.880313858764503e-6,2.6066172436964243e-6,-3.3015693654279016e-6,-3.726751647618247e-6,1.0291300309451781e-6,3.430395367089057e-7,2.821381024319539e-6,5.508444377700107e-6,5.551946973275319e-6,8.880859409389512e-6,5.196079973933543e-6,4.533927071927344e-6,6.8487607672660734e-6,1.0511902661159848e-5,6.830934724941011e-6,5.093855477529125e-6,2.953888814445441e-6,3.442438963991183e-6,5.289808213536698e-6,2.4100002203466785e-6,-7.219037134963975e-6,-1.010928419576257e-5,-4.359028537592748e-6,5.188670007727535e-7,-7.475247508801583e-7,4.167632936706355e-6,7.964074163930209e-6,1.7966033250202233e-6,-9.787243154888156e-7,-1.6032815342712971e-6,-2.647164941860589e-6,-3.6632055746035178e-6,-5.398844164608287e-7,-5.372306377102345e-6,6.610074055497104e-6,1.1291916532985895e-5,1.2379958581082005e-5,4.881360173590084e-6,-2.211721684043545e-6,4.799358194330253e-6,9.83900365383175e-6,4.423244235049364e-6,8.807397514073515e-6,7.894497700760044e-6,-3.7154357084105433e-6,-9.453231389780384e-6,-9.55769637218776e-6,-9.039675342509377e-6,-4.074496808787252e-6,-2.3332788217581088e-6,-1.1183509427966465e-5,-1.5208219681847241e-5,-5.884558350272236e-6,2.9769814080845355e-6,7.321107434873613e-6,-2.620651396732136e-6,-2.878527666798404e-6,-4.487943729653155e-6,-7.953723750625676e-6,-6.93835745201072e-6,-1.1601056688870682e-5,-1.0419591366116698e-5,-1.1266128087636043e-5,5.438822481023186e-6,6.366136218092754e-6,-3.806144292006596e-6,-1.1704027207725974e-5,-1.253569844689923e-5,-7.2039513402024545e-6,-2.6086404740088388e-6,3.7277406072134548e-6,4.6501075065259164e-7,-5.117835841439293e-7,-3.061082223576113e-6,-3.130587311263725e-6,-1.1810627365938546e-5,-5.619018601344709e-6,-3.168120454188606e-6,-1.07526550950005e-6,3.810241639786488e-6,-9.770972472464395e-6,-9.001608687068033e-6,-4.905281946978405e-6,-5.051734238100373e-6,-3.163165597837393e-6,-1.5844963527132919e-6,2.961279319593544e-6,4.091416484241082e-6,6.419490127072151e-6,5.764486370787427e-6,-3.9949338966736397e-7,3.244382213098738e-6,-3.4500084279887036e-6,1.2561113109105709e-6,8.165476863644339e-7,4.587434577268464e-6,-4.671769076739469e-6,-7.242271392323605e-6,-1.540638034239051e-5,-8.203694805283144e-7,-7.011030945677759e-6,1.568087051670868e-6,-7.673029754339552e-6,-3.239196899857443e-6,-1.2068312677935975e-6,3.2158383261938895e-7,-2.0743279633983313e-6,-9.746083851411538e-6,-1.4320119211117747e-5,-1.0546852181210711e-5,-1.469024147680839e-6,-8.044415488382228e-7,-1.0180306267364532e-6,1.479335661165622e-6,-1.2311517963655761e-5,-7.897221113102894e-6,-9.466046718032363e-6,-1.548668086958518e-5,-1.0561071915745809e-6,4.608696522490187e-6,-1.5683552619111336e-8,3.499027772535884e-6,5.0530954696549415e-6,7.493215079021506e-6,-2.4491568043600985e-6,-6.76232560680291e-6,-7.105081649702676e-6,-1.296965988712165e-5,-1.589520589588359e-6,-5.1945528589149625e-6,-4.066425310206036e-6,-6.66031494548649e-6,-1.1430738854339038e-5,-9.62431803174643e-6,-1.195663004036719e-5,-1.3147973201453383e-5,-5.854406792561143e-6,-9.736282332282344e-6,2.8879640828864073e-6,2.5925761415703934e-6,5.041404693406888e-7,1.1738915909867524e-6,-8.742706730937104e-7,-5.484445542639336e-6,-7.127240198857339e-6,-1.3249800695881086e-5,-7.110237147955254e-6,-5.337199444564909e-6,-4.901877935686545e-6,-1.3351529266670526e-5,-5.119465199324077e-6,-1.3161953413926968e-5,-5.575793658558977e-6,-1.1910777399630622e-6,8.662066544086699e-6,7.2743787093689175e-6,9.459274497871206e-6,2.706533180226456e-6,8.642842724194602e-6,-6.132997454931707e-6,-2.573244603617832e-6,-4.670627757484762e-6,3.330694112641932e-6,1.4903624957412586e-6,5.943834280136892e-6,3.176077340462274e-6,2.3733353176817716e-6,-2.868125590300511e-7,-4.723440298159859e-7,-2.9326785935007558e-6,-5.22868358345581e-6,-1.5045024876221706e-5,-1.7323288402473747e-5,-6.9430652552140075e-6,-3.560732053639805e-7,4.748669526002304e-6,5.751085152683758e-7,4.550342706794558e-6,3.820052305700732e-6,3.3050387498528054e-6,6.55090642162911e-6,3.7453995294587717e-6,5.3761838629953675e-6,3.533172012457149e-6,9.659179079186295e-6,8.286238438219418e-6,6.722135536151015e-6,2.166011705128556e-6,-7.167898284628211e-6,-1.998033175620176e-6,1.297944923211947e-5,9.575540648961228e-6,1.9434577880617247e-5,1.896179543495075e-5,5.483317714948827e-6,7.747516638922968e-6,8.162212071878427e-6,1.6243051569811813e-5,1.2249776360120694e-5,4.654365904689358e-6,-9.040257068199615e-6,-7.651778064957366e-6,-6.395353906556485e-6,-2.6633171313256032e-6,1.5062623112828507e-5,1.4732149322791313e-5,8.431944606919078e-6,6.258937451491467e-6,6.768458794589895e-6,1.3877907939673512e-5,1.1168549544284953e-5,-3.1872722718009106e-7,5.1885446838047465e-6,1.2645131895454616e-5,2.1748732257970062e-5,2.270258243489099e-5,5.576287519782132e-6,4.438054842459882e-6,-7.1488491473928206e-6,-5.015887389480465e-6,-6.846815486934577e-6,5.887816097717563e-6,1.1355249205927154e-5,1.0757292322798506e-5,2.612672754107624e-6,-3.633058787046521e-6,5.663634379548093e-7,-1.6877045808152707e-6,-3.255115689447783e-6,-1.4832244927608404e-5,-2.0755074109214127e-5,-8.90596815940519e-6,-7.690743592015376e-6,-3.574347914039439e-6,-2.8182913941286653e-6,-4.011408500109986e-6,-8.501186937684134e-6,-1.1747249431763282e-6,-1.988551055635064e-6,-2.378228680103831e-6,-2.142207622678964e-6,7.505514252680192e-6,5.047565122148733e-6,-4.606520234325397e-6,-1.8849567306337984e-6,4.713077130951356e-6,1.8184575758633737e-6,4.2554070506642906e-6,5.2774749507471015e-6,-5.310813031299986e-6,1.575124894830569e-6,1.10207916128854e-5,6.494981434645722e-6,6.888951844382173e-6,9.242425178778075e-7,2.483123161604875e-6,-2.2256057435674715e-6,4.420547031553892e-6,-2.360930311519524e-6,1.5578242132626749e-6,-6.650758714598957e-6,-5.581034183929599e-6,1.2672790350589279e-5,4.622177916728302e-6,-1.1113104751239289e-5,-3.4057722571878703e-6,-2.7034382074351217e-6,-6.611613838908387e-6,1.0441306803493027e-7,8.707572246756093e-6,2.1614440433627228e-6,7.4857631795281665e-6,2.95000843667992e-6,9.251469089956926e-6,-1.9934944614575023e-7,-2.944995647587301e-6,-5.238264255637414e-6,-7.934712137082172e-6,-1.3573148585282288e-6,2.319702341259928e-5,2.4534211799732835e-5,2.183766487083719e-5,5.93022265725322e-6,3.2901986347003715e-6,3.1585678874574565e-6,6.114370697426416e-6,3.799030209089959e-6,-1.6357616976204156e-6,-1.36205553657524e-6,5.6130133568270456e-6,1.0623206412851538e-6,-3.922310379444948e-6,6.733794383423156e-6,1.0501262918513084e-5,5.324158149412785e-6,6.360738900307748e-6,2.0002160160505083e-5,1.1549030172127963e-5,4.150245598514841e-6,-9.976568239539685e-7,-1.8335583461775735e-6,2.784676577649936e-6,5.032235664827757e-6,5.132930901328435e-7,-7.759789801267642e-6,9.30783717467509e-6,1.490447111514918e-5,1.4634157221669199e-5,1.6203313740974258e-5,1.6497012053838194e-5,1.490292074257327e-5,1.2222390133147478e-5,1.5225546037916958e-5,2.6623339836886484e-6,-9.001093681507302e-6,-1.374224713508238e-5,-4.055922706800716e-6,-6.80467270773472e-6,6.204006501943354e-6,1.3236121483911452e-5,8.899536593976976e-6,1.4031234872179267e-6,4.711252598686951e-6,-9.029564101365953e-7,1.0266936255225095e-6,2.9028034782318834e-6,5.173609905477983e-7,-5.567029674962747e-7,8.153939246606334e-6,3.5760609451486725e-6,1.134276397342724e-5,-3.3857976287224087e-6,-8.469926241537382e-6,-9.565590408965435e-6,-1.2731392571816699e-5,-1.0139865294529594e-5,2.9071904464275235e-6,-3.784577580081836e-6,-7.0589241606782555e-6,-3.854145729192637e-6,8.740530228288465e-6,2.031471863662333e-6,1.0441602936364542e-5,-1.7808349924417788e-6,-1.9828147747218696e-5,-1.0129248233643616e-5,-1.1198696163415294e-5,-4.01523171458604e-6,4.001139635636658e-6,-1.2358144202610906e-6,-5.801785756924106e-6,-7.541400121075871e-6,-3.4609193874808414e-6,6.419749444569354e-6,3.7543283983583243e-6,7.141391923861982e-6,1.066818102601444e-6,5.935124949461525e-6,1.795128558726179e-6,9.523813584204076e-6,5.834649812248814e-6,-7.108598511664e-6,-1.5686814309362523e-5,-1.5501851519108368e-7,7.65105924962119e-6,5.32316320237246e-6,3.231458333626564e-6,3.3557828423272774e-6,-6.718473033513871e-6,-1.2766195222676955e-5,-7.047610430137384e-6,-4.34523547477236e-6,1.3817044594570374e-6,8.602924482439722e-6,4.911349009479399e-7,2.670785072315285e-6,1.050370469444487e-5,1.4656749853901002e-7,-1.1517771199142624e-6,1.0993101016528577e-6,2.108576299869329e-6,-2.926378823628727e-6,-1.1962531299679934e-5,-3.3660747470277685e-6,8.013223367969785e-6,-8.240489154327631e-7,-9.547236651306304e-7,-1.896142197230481e-6,-4.107624788560685e-6,3.402144189780576e-6,6.249043413783315e-6,-2.6123516673841937e-6,-8.303601918295424e-6,-5.966366962781548e-6,-3.0771110656813355e-6,1.4366634728349066e-5,5.564075239518976e-6,1.036801256772029e-5,9.463323030388253e-6,1.1850623747859142e-5,1.2914170015414392e-5,-7.099736907664376e-6,-8.477118289456748e-6,-1.5934627655809353e-5,-5.412143533617374e-6,-5.254383304154224e-6,-9.815885315848294e-6,-1.9234880483605584e-5,-1.811464889226262e-5,-1.3339294121219896e-5,-1.4312762452093707e-5,-1.3574305724104277e-5,-3.859320879093449e-6,-5.948804917651052e-6,-1.4882622408304851e-6,3.215155029462085e-6,6.369686797365583e-6,-4.77532190297265e-6,-1.3122087379937581e-5,-9.029403701887511e-6,-4.951600100617668e-6,-3.148042022328366e-6
0.00029781196120273924,8.874134935759583e-5,2.906425059569254e-5,1.2587836805739015e-5,1.4010254279339173e-5,4.642287995406316e-6,-1.5200436034909786e-6,-9.159268895132076e-7,-1.8803771373949695e-7,1.8847517478335284e-6,-3.1958195891203204e-6,-2.028264734672436e-6,7.833936383258491e-7,1.254859320501728e-6,-5.393123514540214e-6,1.230195382606243e-6,7.701202699980464e-6,5.5227806524082195e-6,-3.334740232878722e-7,2.9855552414884517e-6,3.157326610569731e-8,9.699539354439142e-7,-3.489590354903255e-6,2.1496060298437967e-6,-6.1045827027621e-6,2.0060893963262803e-6,1.4219556348992414e-6,-1.0962316565541771e-5,-1.264198146273375e-5,-4.093797151949152e-6,-1.090817509281909e-6,9.592172447902846e-7,2.1590543340366413e-6,-7.291403107486794e-6,-1.4296996379542646e-5,-4.047184804322614e-6,-8.650530879326668e-6,-1.7088321392870304e-5,-6.890621014948035e-6,-1.2185882605744184e-6,-1.0073951906232728e-5,-6.745873805575461e-6,-6.056269927176249e-6,-3.4681313350920426e-6,-1.1751459359790194e-5,-8.651008952768227e-6,-6.8055654464602226e-6,6.380268397237677e-7,9.284451721313112e-6,9.28387192498233e-6,-3.077734323330078e-6,-5.836064636357567e-6,-1.5768403627827355e-6,1.3484139038413074e-6,5.4666457580576944e-6,4.573235565395897e-6,-9.094928067630837e-6,-6.4406161945383325e-6,-2.669655675640907e-6,1.0334473499797783e-5,-5.854062379436406e-7,-4.628202129302573e-6,-4.663826542545224e-6,-7.446450825907393e-6,-3.200641117765258e-6,1.7387553094876307e-6,-1.1942481281090902e-6,8.679960919313916e-6,9.297651453644046e-6,1.2419924768270515e-5,9.124124661033618e-7,-1.15184705557787e-6,-5.710387009492495e-7,3.135573156153861e-6,-3.4314095771686195e-6,-1.0503781174927759e-6,2.8415320787630716e-6,2.0266583523786696e-6,3.2330396830175648e-6,-6.04441467517656e-6,-3.4092395591210486e-6,-2.094566849258984e-6,3.115430504318635e-6,9.158736617377076e-6,1.247751382904628e-6,8.040584125057061e-6,3.4992004600422943e-6,2.155930020030756e-6,-9.00539754679136e-6,-8.83219312236894e-6,5.685855326375291e-6,7.168018587873663e-6,4.9462989018249e-7,3.3928586477337337e-7,6.933700240741701e-6,2.822102160002551e-6,-5.9861189208427836e-6,-9.183112737666715e-7,1.7737565804858883e-6,-6.528154540813538e-6,4.405990316759879e-6,6.975008270620322e-6,1.9437091951143754e-6,1.0915986443859713e-6,-2.6586811425718917e-6,-6.88220556813042e-6,-5.764938943314593e-6,2.6684615815688184e-6,9.460158948560887e-7,-7.298750639273162e-7,-9.623614094421575e-6,-4.7760398856711045e-6,-1.0910041426004636e-5,-2.320156797964354e-6,4.785910062709891e-6,2.9372220632404685e-6,1.3125755307959839e-5,8.065564691398054e-6,5.064135998953863e-6,1.8817749210915402e-6,3.356471031989146e-6,-6.763606378078015e-7,-7.155867182714278e-7,4.073306950975245e-6,5.454043404117348e-6,5.479637561423759e-7,1.2916742851887918e-5,1.9901153631993527e-6,-6.829046423711187e-6,-7.44569794149125e-6,-8.035278719392198e-6,-2.2772881320609715e-6,2.0200510870571134e-6,1.2111334019357144e-5,2.8062116854406577e-6,5.925559487498298e-7,6.428975613966929e-6,-5.279600181323526e-6,-6.831166329599962e-6,3.0023280997026376e-6,7.99260361391464e-6,3.3884246600370896e-6,1.049923083659577e-5,4.954826621575462e-6,4.58443256302611e-6,-9.005914104582608e-7,-1.5899652235909164e-6,-7.030896069838232e-6,4.2306702003592566e-7,1.7171265143639156e-5,6.211272878804618e-6,-4.272268727566747e-6,1.1492667659146325e-6,-3.912636180864183e-6,-1.7268200908095348e-5,-1.9942020322957492e-5,-1.7789032347043533e-5,-1.4775889273919525e-5,-4.744874081701209e-6,-1.1319155773484147e-5,-1.4686451706990439e-5,-9.108040224845468e-6,-1.3665664794130484e-6,-1.6710192198697117e-6,-4.763483900860182e-6,4.347547077763085e-6,4.296310945508563e-6,-6.348809976584375e-6,3.334814586923331e-6,7.131757666489586e-6,5.56842330561513e-6,-1.7462487180588677e-5,-1.02085719180009e-5,-2.0326283181634038e-5,-1.4779618728968327e-5,-1.1241921720212363e-5,-1.2490449902287792e-5,-6.623861048841818e-6,1.9874633366156303e-6,-3.4970638376653596e-6,-3.830209623152515e-6,-3.9145574483629326e-7,2.302192984120465e-6,-1.5529211622174394e-8,7.307164614738079e-6,6.8777860784157764e-6,-4.037250486337897e-6,-1.696632229735828e-5,-1.618373819762755e-5,-1.0482246455231239e-5,-2.6553596251036014e-6,5.277273433834504e-6,-9.172435837564488e-7,3.7378160274816744e-6,-9.8349184193409e-7,1.9069612210459411e-6,-2.263135831019719e-7,3.888770111136802e-6,5.386891918975893e-6,5.643699222952114e-6,2.7769900514333004e-6,1.4780620599991153e-5,-1.388899900124824e-7,-7.411431171535784e-6,1.668254878989712e-6,3.4879580986683197e-6,-1.2162401877053905e-6,-4.487861541174475e-6,-1.0294749704230733e-5,9.117588852552289e-7,-1.8609758849239141e-6,4.813551325475425e-6,7.270368625786078e-6,8.440407889270337e-6,7.524567713902604e-6,6.584370318082289e-6,5.49928510023345e-6,1.824070465767965e-5,1.2863775435680347e-5,-2.5357445501912958e-6,-6.7679476503699364e-6,-6.438304483373031e-6,-2.2278398292271455e-7,2.729894325206995e-6,1.1834542345317087e-5,7.214660293771615e-6,8.687234437709878e-6,5.211881279527096e-6,3.900448108421679e-6,2.924254486790574e-6,3.3110846764187814e-6,7.1630460682515735e-6,6.131568922386334e-6,5.188522850553105e-6,4.246445035725861e-6,-2.011471581988392e-8,8.965628386635027e-6,3.4781761510590564e-6,2.3333836974407955e-6,5.769373113166128e-6,-3.313408788870459e-6,-7.435788931732348e-6,3.1089969353645064e-7,4.019440030717595e-6,4.423720805197617e-6,-3.6966649154249996e-6,-1.1128128350738992e-5,-1.2522242697804312e-5,-9.355133192220858e-7,1.996671986072457e-6,6.92398633080407e-7,-1.6287135454513602e-6,-9.008345219541897e-6,-1.5095549857264218e-6,-4.349369736763694e-6,-6.571093199275565e-6,-8.221640415250174e-7,-2.183578309139818e-6,-3.457690234323392e-6,1.4297536526528624e-6,6.729653269180731e-6,-2.75076871922756e-6,-9.384627829907661e-6,-9.56604548432396e-6,-9.025998960848145e-6,-1.395559439122403e-5,-4.748428179498528e-6,-6.2550886405685056e-6,4.130824362388793e-6,-3.242172769286591e-6,-3.4830992935317055e-6,-4.230221676371903e-6,-7.586197101620066e-6,-1.0267129747486113e-5,-9.751933949699118e-7,-1.1656582035313961e-5,-1.2451507296983607e-5,-3.834232476803705e-6,-9.802284990977393e-6,-9.667445749187743e-6,-1.1640362867207625e-6,-2.0232196406469185e-6,-1.219539388183896e-6,-3.267433676224649e-6,-5.090110066214905e-6,1.8692564438482632e-6,1.7479015138128966e-6,-4.796514590618374e-6,-1.193037712093255e-5,6.52430582220137e-7,-4.7014988284087385e-6,4.2614930478053557e-7,8.175592061873924e-6,9.844885918684023e-6,6.723411353400629e-6,-1.7975917967656835e-6,2.9087028130452334e-6,-5.2918625446593505e-6,-5.224376612437979e-6,4.175241271646379e-6,-6.638743292297983e-6,1.3502474190248983e-6,-5.108415981046719e-6,-1.051472919936196e-5,-1.4026372582980945e-5,-1.3832349344520335e-5,5.250209547978064e-6,4.626056850986676e-6,6.8910657185993185e-6,7.437869062223043e-6,-7.881684965859138e-6,-1.328807409922222e-5,-1.6736855364937744e-5,-1.588179429973109e-5,-8.59648386682531e-6,5.488031626918855e-6,-6.15939723707849e-6,4.519538757010418e-6,6.53603259679447e-6,3.6328025574825085e-6,-5.386016570149677e-6,-2.2632564761568504e-7,2.1793297200221485e-6,3.283462934862904e-6,6.090422780266163e-6,2.1958730540810842e-6,2.3487710169399852e-6,-2.8995767459625775e-6,-5.728288826835467e-6,-7.2111834663450165e-6,-4.548835209897897e-6,1.005387308426133e-6,3.1658884686747445e-6,-6.09170002213442e-7,2.9990328862985085e-6,4.637513737252027e-6,3.5962176703235364e-6,-4.774965033474146e-6,-2.105487253952794e-6,-1.866170478787264e-7,1.0171678431074424e-5,1.0241769416337938e-5,9.659556613651694e-7,3.441724179483369e-6,8.124122458418836e-6,6.659137235521633e-6,1.541008314947713e-5,9.059407017696293e-6,1.0060639336048619e-5,1.5909868881753047e-6,-3.7784198697243916e-6,-9.750176470014674e-6,-2.2249438473643885e-5,-6.12930123128175e-6,-1.489234035580086e-6,-7.610326718878166e-6,-4.4485308287933136e-6,-8.001427002916622e-6,-8.984874850821256e-6,-1.1963929596083663e-5,-8.465955754068066e-6,-3.335309201842038e-6,8.002646111181468e-7,6.663445181804231e-6,-5.765267614564683e-7,-6.003016322798779e-6,-4.267783441539724e-6,-1.389988113767103e-5,-7.991292891232147e-6,-6.2812045899653504e-6,2.1901523336747575e-6,-3.700645493660902e-6,-6.232708856831779e-6,-7.052998516658001e-6,-1.7435557176751614e-6,1.3534520406397479e-5,8.886949384359874e-6,3.7583265712841283e-6,-6.52843745443369e-6,2.4953797862993084e-6,-6.338098381676952e-6,-4.1323679628487355e-6,-4.740162478647002e-6,-5.864932606725814e-6,-5.752836230794671e-6,2.1715593892964135e-7,-7.07971513967183e-6,-1.0046956584361425e-5,-1.4737011957479028e-5,-1.0246344170994863e-5,1.6561931375614184e-6,-9.82444754524726e-7,4.512514687900789e-6,8.601024375993753e-6,9.553309741974873e-6,-8.696566131789686e-7,-2.266997494461475e-6,-6.047061339508328e-6,-2.9407075056567454e-6,-5.376376090073315e-6,4.628285702229396e-6,1.0353155062759037e-5,7.587736944871012e-6,4.392924932293692e-6,1.8509312928321732e-6,3.7389303666827355e-7,1.0441969067794174e-5,8.355142547549201e-6,1.622830346061301e-5,1.3116884663569974e-5,1.4732837679841085e-6,-5.309854115728847e-6,-5.263575503949893e-6,6.236141783574309e-6,6.371294328560334e-6,3.7315980037150784e-6,1.5813207653180433e-6,3.824028854280999e-6,6.09072582540784e-6,1.8167600252788575e-7,-3.1766025716377814e-6,-3.333781006333484e-6,1.9302893892160505e-7,2.6291022865181538e-6,-1.662442994711727e-6,1.492163499193509e-6,-5.138294614270166e-7,-7.5675564202961135e-6,-8.718012706833583e-6,7.509767749264961e-7,-3.006636158917102e-6,1.2869745300794405e-6,1.181601251833863e-5,6.2130029362493344e-6,5.26256606237025e-7,-1.8809322101040326e-6,-7.783791162076683e-6,-7.331482114570159e-6,-9.411347997476077e-7,9.43666624788329e-6,8.999469763901969e-6,9.847458062543146e-6,-1.8196395765098376e-7,1.161866591693516e-6,8.151149396048131e-7,-6.07241997854855e-6,-1.4960816536063911e-5,-1.594663765320051e-5,2.5874832179686137e-6,7.435862553790834e-6,9.755817998273315e-6,8.240251411019841e-6,2.3929952174056545e-7,-1.2676775246585218e-5,-8.211736710509732e-6,9.190984947984999e-6,1.8978283597326997e-6,9.853258117490205e-6,4.2016015985154685e-6,6.418749385605744e-6,1.4855409577073494e-5,1.3135321259137494e-5,1.3666713781113147e-5,6.951702365409962e-6,9.758539561901979e-6,2.7153222656249962e-6,-4.2688009495406985e-7,-4.238160759671313e-7,-6.783691669804182e-6,-1.2924264628806632e-5,-7.730526874562903e-6,5.194191576559756e-6,9.04337692218758e-6,-3.26814395573445e-7,-6.8382988861572294e-6,-2.2386044801311484e-6,-1.165248777926838e-5,-4.57821672242733e-6,-8.171543366453797e-6,-2.585462605449034e-6,-5.746197653456762e-6,6.936367117932776e-6,2.074086192654415e-6,9.22817137250758e-6,6.294590978097281e-6,2.0687997022835057e-6,1.4414169807657164e-5,1.0180405138769498e-5,1.49948299688709e-7,4.7275431427663675e-6,9.194868736588087e-6,4.7260340662595816e-6,1.3726308297625307e-6,1.6972904154397495e-6,-3.2146030433246887e-6,-7.489750297229066e-6,-7.304155365604657e-6,-7.214314258321733e-6,-1.3068808007675668e-6,4.545545120777274e-6,1.9220709454571675e-6
0.0003173538976900082,0.00011510886955906005,4.931671684463692e-5,1.694570300800967e-5,3.0974399619058714e-6,-8.875785499915773e-7,-6.077012805559714e-6,-5.482444428843299e-6,2.071698946273114e-6,-1.2796043318107625e-5,-6.670837517217796e-6,-1.34377381544091e-5,-1.1752686669741587e-5,-1.8056810903290665e-6,-7.6222463384653445e-6,3.3514983630078894e-6,7.062636502668013e-6,4.917625891119417e-6,3.7417372647685195e-6,9.188174775768972e-7,7.715469032448605e-6,1.6973887556516183e-7,2.7883025533062828e-6,5.069235351470006e-6,5.369008436624324e-6,-1.5090735199701357e-6,-7.186807838460562e-6,-3.897184009417799e-6,-5.551049748014928e-6,8.230587476328456e-6,1.684177036181871e-5,2.0060517507662487e-6,-5.29080991230571e-6,-7.79739700294851e-6,-9.725134514779053e-6,1.1100433631609981e-7,-7.693431483775302e-6,-7.123531932761096e-6,-1.100864229938973e-5,-6.30554886157504e-6,-8.869540848012613e-6,-1.1140345158428038e-5,-6.187884490497426e-6,2.1130663125767358e-6,1.8021236104003132e-6,-5.5465056930909785e-6,2.405437361003451e-6,-6.294227039818109e-7,1.4067706475715164e-6,-1.2917747293814488e-6,1.4908926603048896e-6,1.379393540209106e-6,-1.6694274430531502e-6,-1.3301599815490152e-6,4.552820715061111e-6,-3.79538612766941e-6,9.77256408293069e-6,1.1746992779557972e-5,1.1184099708531165e-5,1.1862018282854642e-5,4.0500999014939065e-6,-9.5752428996982e-6,-8.855898565579888e-6,-1.3697654828817746e-5,-1.1923797906677115e-5,-1.0937862755079149e-5,-6.875224463450776e-6,3.186889583299693e-6,-5.616208610410734e-6,-3.1028889434126035e-6,5.845036692911462e-7,-8.121042606206456e-6,-1.2072041057633412e-5,-1.2312827216269385e-6,-3.154645034693546e-6,-4.35503794511462e-6,2.412727975199157e-6,-2.809821185959242e-6,9.43373717151611e-8,-2.5539952969567007e-6,1.074713388322141e-5,2.512190319306616e-6,1.2904916090954662e-5,1.2958821887783656e-5,7.915768939172653e-6,9.506049124366233e-6,5.831384657487691e-6,1.0350907956002815e-5,9.033815369585883e-6,1.0493158857427602e-6,7.244276431771425e-6,-9.120773817967422e-6,-1.224523370789654e-5,2.509984660815652e-6,-2.544348498629448e-6,-7.70425299072101e-6,-1.4536856419113516e-5,-7.329486111020774e-6,-1.3537189180657658e-6,7.2483391081684745e-6,1.2607688591097633e-5,-1.6104228541908494e-6,-7.526077841279096e-6,2.96667154890078e-6,-9.312060974280817e-6,-5.981992742997102e-6,-3.269572476998458e-6,-6.435621675113483e-7,2.2060923107003952e-6,6.0818431501687425e-6,6.59612964103021e-6,2.3796223680266213e-6,3.088091454127987e-6,1.0628461299654468e-5,2.131915469138899e-6,-1.0326025230884977e-5,-9.956314621508958e-6,-4.161288888409224e-6,-4.734594398227456e-6,-5.4211016779591815e-6,-2.725765223189912e-6,-7.662848155763987e-6,-4.228529966959335e-6,-8.143700315099654e-6,-6.269188971277778e-6,-1.3578352109476476e-5,-1.2457464752459083e-5,-7.1459954351483065e-6,2.8211566859593013e-6,8.78841184992249e-6,1.1098702287466888e-5,-2.6645295572794074e-6,-6.728172566589143e-6,-2.6995743899019416e-6,5.1399606278878865e-6,1.6672720207923538e-5,1.4344686993573186e-5,1.8218525256541194e-5,1.4634795823088153e-5,2.444364402943004e-6,-2.1968621768698924e-6,-9.043602725294063e-6,-6.9214377716200275e-6,-1.5053821057393713e-5,-1.5234225481278653e-5,-1.732699787393957e-5,-1.7372434228996475e-5,-4.658187902516246e-6,-1.65918022310437e-5,-1.3453417906647843e-5,-2.757418919917157e-6,-1.2042833504133811e-5,-4.5080823816022265e-6,-7.96829106298721e-6,-1.3418482979796091e-5,3.354497068898753e-6,2.1360635685486653e-6,1.0752760149348697e-5,1.0437257038341825e-5,5.2032080743773115e-6,9.222254297204812e-6,-3.0648556816402503e-6,-3.012856955050666e-6,7.4456298232015775e-6,-3.903521960971453e-6,4.325731270973425e-6,6.660347377084654e-6,5.98619101065991e-6,2.5620688307919735e-6,-7.940548121854823e-6,1.4635391467401098e-7,-8.924431195063621e-6,-2.0392046606694574e-6,-2.910075024601688e-6,-1.0044132343350196e-5,-1.3545173592961211e-6,-2.3502660845929247e-6,-3.070968533754112e-6,-6.6833712177192575e-6,-1.2116678908383767e-5,-1.629556022790189e-5,-1.1418735234560406e-5,-1.1091837266920608e-5,-4.684996780903327e-6,-6.919020555433836e-6,9.56320265290248e-6,1.2470345756185484e-5,1.5272007777691576e-5,1.418131344965485e-5,6.983740751164279e-6,3.969081319874635e-6,-1.0309110951345087e-5,-1.3669602712467957e-6,1.258855043951408e-6,-5.058274067231225e-6,2.6333550323686033e-6,7.592662077329547e-6,2.541642637406858e-6,1.0762988315397523e-5,3.0090595680237335e-7,-4.0721589500929865e-6,-1.7339061263950113e-6,-7.02214851504233e-6,-1.2384523437846304e-5,-1.514372303888077e-5,-2.2573477816725648e-5,-1.407050421010713e-5,-1.2050754199082405e-5,-1.6037911575656213e-5,-7.434965715247103e-6,-1.3913080554797335e-5,-4.931316467864095e-6,1.5217451261666406e-6,1.6462733390357052e-6,4.84905735058773e-6,2.3980740471123364e-6,1.084263027146554e-5,3.169839538840701e-6,3.0160945332915574e-6,-3.981635337867861e-7,5.939849182221556e-6,2.808030012171368e-6,9.668499126143975e-6,1.0146360062300834e-5,7.132496747440364e-6,5.3343324464647594e-6,-8.264313673481427e-7,-1.3528124853074008e-6,1.8711466069123862e-6,4.5854783058205885e-6,-2.1426223738449897e-6,1.5097048326840012e-6,-3.324298738520099e-7,-2.8150759761869627e-6,-2.403081745345765e-6,1.279729743188115e-6,-6.2446165285981824e-6,1.9024084071831172e-7,-9.344884420862996e-6,-1.2401318861357501e-5,-1.0002635557928289e-5,-6.816852145761417e-6,2.70914846481639e-6,5.605140596592662e-6,1.9007802724862587e-5,1.5872189199915476e-5,1.189777765004716e-5,1.740649554361126e-5,2.0065461501963176e-5,4.300574090109947e-6,5.7847490676441195e-6,-3.108219583092648e-6,-1.310780188099169e-6,-1.0416152166419422e-5,-8.604058915201852e-6,2.2410938297490926e-6,3.1480535357447542e-6,-9.532846862252348e-6,-5.743696108325009e-6,-8.966881354238438e-6,-7.921645206404228e-6,-1.7653635470007346e-5,-1.680087233355839e-5,-2.3877768856688465e-5,-2.4510565506985973e-5,-1.2904010029623388e-5,-1.0702798890705512e-5,-1.4390146071554986e-5,1.154072690081296e-6,-3.6683674539279986e-6,-2.3289752884218383e-6,3.625355875246837e-6,8.322298775462547e-6,6.135791129421251e-6,5.585755818624102e-6,4.126078782544089e-6,-2.7657683887611006e-6,-6.504602088650378e-6,-1.0001806822283676e-5,-5.3115366120093285e-6,-1.3365149420253494e-5,-1.123842299258174e-5,-3.715372526593811e-6,-4.793659015407e-6,-1.0885381588739166e-5,-8.312313784719912e-6,-2.0538156389142326e-6,9.229289221329824e-6,1.5144297281056327e-5,2.114290721152904e-5,1.3171987435343301e-5,6.618006856999321e-6,-1.7669824153225705e-6,-4.064477985124649e-6,3.7024242552239277e-7,1.1425103312881989e-5,5.65825765876551e-6,-1.8642345457586463e-6,-7.4481471104935635e-6,-1.1871602329755575e-5,-8.662644952673329e-6,-3.3969289311476777e-6,3.5105149678589772e-6,6.5022496276203965e-6,1.3349883366893496e-5,7.590773380431641e-6,-1.9372731058464634e-8,1.6468172892262478e-6,3.1958231284665275e-6,1.0446170398197714e-6,-7.278549430060414e-6,-3.41692985926262e-6,-9.75169094506661e-7,-4.582441931557331e-6,-1.2246523825221713e-5,-1.1065346894190697e-5,-1.1652716096525898e-5,-1.246632258179555e-5,-5.812425980007953e-6,1.1367172967191715e-7,4.0825179716714557e-7,-5.609019889430702e-7,-1.238073775555271e-6,3.6994116255935353e-6,1.4982889268552489e-5,2.752435717187957e-5,2.3267294362869674e-5,1.5655154564388982e-5,1.0230192860602817e-5,2.5200279335272115e-6,5.0256707134813315e-6,1.4566526979470976e-6,-2.627652113478507e-6,-5.800324448893879e-6,4.253775937356741e-6,1.3530269002832172e-5,7.886372681263114e-6,-5.3259682522178915e-6,-6.0859023670149445e-6,-1.4888273341640653e-5,-4.84432149167569e-6,-1.2248329049511863e-5,6.537166100522226e-6,3.6739706583428776e-6,1.9836695950345654e-6,1.4349557124389658e-6,-3.828062089144486e-6,-5.780677232455399e-6,-1.0565424134866552e-5,-2.2783388398912064e-5,-1.3365637118010659e-5,-5.653041083194202e-6,-4.1659189982524775e-6,1.5669111917071363e-5,4.820689188649951e-6,9.413764604455904e-6,2.7996863940120275e-6,3.2449551996897877e-6,1.0474717600630255e-5,7.73993408297459e-6,7.790881263994504e-6,-2.1360864010512598e-6,-4.856350543565407e-6,-1.5517838667645856e-5,-7.813183021638753e-6,-8.275917912832823e-8,3.646702705480612e-6,-9.493382222502935e-6,-1.2209990991118638e-5,1.7799756111987601e-6,-9.236795079569363e-6,-5.8462732890977775e-6,-3.090241582281342e-6,5.021239505725106e-7,2.5417870516453795e-6,4.766503955893842e-6,5.732630365678743e-6,2.262958053715272e-6,-5.870892989312635e-6,3.4987499959643066e-6,2.4877990378597066e-6,9.898411554658887e-6,2.7562137348639167e-5,3.817276055460124e-6,1.4560007738726363e-5,1.505667286441696e-5,9.30844975753225e-6,4.713140045075357e-6,7.238916985611432e-6,7.403625783678489e-6,1.7094481099108626e-6,-4.09678328221985e-6,5.216959569530207e-6,-6.8441028339932205e-6,-2.350608519584588e-6,-7.5477506871246175e-6,-1.1246118299638772e-5,-1.353718333291357e-5,-2.167914198205367e-5,-7.811238422081113e-6,-2.4655312419623265e-6,8.592133913330684e-6,3.8370558012335026e-6,-8.389420346392424e-7,5.695393896084122e-6,5.540817613206414e-6,-8.893654383075926e-7,3.347050921168001e-6,9.852909045477404e-6,1.9795076160873902e-5,2.5143358486062276e-5,2.1105249506008175e-5,1.9261598427970508e-5,1.7375335813483288e-6,-5.828759314466298e-6,-1.924691864852932e-6,-2.3207169747337387e-7,1.5477306648578496e-6,9.35248625208187e-7,6.952722860425505e-6,7.336664211349358e-6,-1.0134781938445032e-6,-3.678824688308476e-6,-1.8559505249546178e-6,5.622238218691875e-6,1.4554880009041403e-6,-6.345262671211412e-6,-9.290912153854794e-6,-3.1749951459317686e-6,-1.0803671275035506e-6,-2.748369648504994e-6,-1.1572933944682236e-6,9.456117671781965e-6,1.2205072500872186e-5,4.920758248908796e-6,3.741587413976868e-6,-9.550081940149934e-6,-8.78567862833148e-6,-8.181581388674628e-6,-8.112949160427998e-6,-8.851141254269573e-7,-5.566815937991327e-6,-6.876275552382823e-7,-5.619843492461452e-7,4.520847153895304e-6,9.931500566559435e-6,1.157302628438985e-5,1.881556665454183e-6,-6.714202924954155e-6,-1.0400310996162693e-5,-1.2188202733904428e-5,-6.800719228522551e-6,-6.5089383161802996e-6,2.031550778387649e-6,-2.991081784183644e-6,2.6307647605407322e-6,2.519329086155937e-6,-4.562997709557481e-6,8.88901945395258e-6,1.9973798137824955e-5,7.934295365595147e-6,2.1692604094885084e-6,6.060433441880537e-6,5.086615669704928e-6,1.1259942778752768e-5,8.747564878740063e-6,7.931448722769134e-6,3.2870618360065246e-6,3.7779113224860665e-6,5.864549055669659e-6,1.1859773730652883e-5,2.8377242606981706e-6,1.8989124572725654e-5,-6.408593716275567e-6,7.401678185993962e-7,1.0993536113314039e-5,6.373519078804153e-6,3.847980147609525e-6,-1.015003493759042e-5,-1.0297495766564789e-5,7.729501510264164e-7,5.746720672384047e-6,7.67255931653221e-6,-2.032655119383094e-6,-1.0447352184405528e-5,-2.0208922109904038e-6,-9.836010640124643e-8,-6.800112719775116e-9,1.0153051730967394e-5,5.8047391180466685e-6,2.5239783888236704e-6,-5.53645849062367e-6,-1.2508724812243056e-5,-6.841675094261584e-6,3.81801664631401e-6,1.9649931856196224e-6,-1.0156944933916845e-5,-5.9878607927831395e-6,-9.633061683445717e-6,-2.295302554222951e-6,-6.77291820384835e-6
0.0003016641383342977,0.00011120871407634242,4.6291615893409224e-5,2.761386189889098e-5,6.5836796057333465e-6,-3.0848138867917317e-6,-3.0551585923307203e-6,7.484648761806619e-7,4.552393383750815e-6,-5.971480885828296e-6,-2.543281353132467e-6,-4.069579649735478e-6,5.257962151583832e-7,-6.375513388805829e-6,-1.1038686646377112e-5,-3.736862827476048e-6,-7.0712810606710295e-6,-8.421970632797244e-6,-6.719407064973342e-8,6.031500211357465e-6,-8.172003787339646e-6,-1.3182620958616029e-5,-3.983457851255416e-6,-3.8747118177631555e-7,-1.1793123615080581e-5,-6.671117486350814e-6,-8.268471852442938e-6,-6.9813639952790725e-6,5.21305727553304e-6,-6.584669521288989e-7,1.5857795533282015e-6,1.1333910791363202e-6,1.1075646275802429e-6,-6.436084793571069e-6,2.0438252350016043e-6,5.832290559587708e-6,3.6780623713926607e-6,-3.0470597573153013e-6,-7.005656927034748e-6,-5.120375969385719e-7,-2.990760397945061e-6,4.392683670079001e-7,-4.876798576423494e-7,-7.1188960392183146e-6,-6.3422019633709035e-6,-3.053966990561996e-6,-2.9751201484238887e-6,-4.546871281215339e-6,-4.4185088536907375e-6,-2.1012412729113498e-7,-9.90530729363555e-7,-6.971281428516386e-6,4.826182668466238e-6,3.4085178378558072e-6,6.091056677630666e-8,3.1537263737901253e-6,8.95453908651395e-6,7.926369994210988e-6,5.115159730536259e-6,-5.753349396302496e-6,-4.939874417541064e-6,-1.835729553368804e-6,-6.981665310898594e-6,-1.3228476815697856e-6,5.322862136334453e-6,-8.044910766839788e-7,1.3073273236752721e-6,4.527368038221785e-6,-2.0181879103315515e-6,-7.120484662417718e-6,-8.7256897791916e-6,-7.778115391717825e-6,-1.565434713618141e-7,-2.935495730391087e-6,-4.439634802519617e-6,-1.716455833820559e-6,2.3740346602295138e-7,-8.737935152653513e-6,-5.632229900539602e-6,7.069001743730352e-6,9.688708612920536e-6,1.72231163964474e-5,1.5954520830401458e-5,9.816030880568545e-6,1.3569396565256153e-5,1.1214696114407983e-5,8.783715713383736e-6,4.0233919714014336e-6,4.607126437602019e-6,1.2795916928585443e-5,-8.25385094097416e-7,-1.4681745348890425e-6,8.533847461585874e-7,-1.9838166449422735e-6,-2.3136797874783555e-6,-7.003723650282911e-6,-1.2152800933348323e-5,-5.4389090819575275e-6,1.122331497830299e-5,1.2691616696981661e-5,4.589525847258372e-6,7.646191374086437e-7,-9.226969609287328e-6,-1.056569838782414e-5,-1.1338764544378755e-5,-8.648687307853893e-6,-1.1989598873405237e-5,-5.968067520036988e-6,-4.0997154484010456e-6,7.207925823928604e-7,1.2666983001486459e-6,7.344950166743284e-7,3.2566129736015643e-6,3.355831453516185e-7,1.7111261444314652e-6,-7.030365005683955e-6,1.3418599893669576e-6,5.586436898721633e-6,-3.6653322447411284e-6,-4.8489653260537666e-6,-8.826156172393793e-6,-7.6177602764403255e-6,-3.6711436586314902e-6,-5.11738870589852e-6,-3.2440130062399227e-6,-7.588971576256944e-6,-2.012401036273315e-5,-1.2630497691129583e-5,-7.547141918442698e-6,-9.339816246166847e-6,-1.4332633073364382e-5,-1.1438966271323015e-5,-9.635670797649078e-6,-1.6226423648140925e-5,-1.2886299186961247e-5,-1.5884987729054745e-6,4.39832655496426e-6,1.4149018292004202e-6,-7.609797550685168e-6,-1.8901491488181632e-6,7.472213055326678e-6,5.426304705622834e-6,5.400611369703469e-6,6.851421690947941e-6,8.936590413877152e-6,1.2126796032080973e-5,1.1221958884892335e-5,6.334181473301823e-6,5.615142852611441e-6,-7.246750657780204e-7,7.964402698770299e-6,1.423701609931819e-5,1.8988626981509698e-5,1.543682958637891e-5,1.5102164870078641e-5,1.2048015402330636e-5,1.3523084298991777e-6,-7.99404945112272e-6,-5.915091571768638e-6,-1.4788732456885124e-6,-1.316797609714643e-6,1.6727957507771442e-6,5.098655922076121e-6,6.155144123563467e-6,2.5290072215334797e-6,4.274988947161985e-6,9.877649826777264e-7,3.3525243315078928e-6,-8.381250441927528e-6,-1.1362768610365941e-5,-5.480826898980207e-6,-3.309335343069812e-6,-9.845231535755688e-6,5.29641538141101e-7,9.193458888732887e-6,1.2463455850248419e-5,6.568946496032881e-6,7.4900062173383976e-6,2.9933657084658664e-7,1.992751848363227e-6,-7.511925878739971e-6,-5.069452294886303e-6,2.260733372962125e-6,2.752117394773061e-6,2.575041010565058e-6,5.308928885428714e-6,4.7552253181661315e-6,1.9046300228024602e-6,-2.0707162617033935e-6,1.5131414425660731e-6,-9.019323773657598e-6,-2.8183805642169465e-6,-4.655943604847703e-6,1.941590726804068e-6,4.917046188761799e-6,-6.115059019513884e-7,1.0696842148601753e-6,8.964964101932497e-6,8.261687862443977e-6,5.228460101447682e-7,-1.0730127477313815e-6,1.0541986527948487e-5,-3.7560106479089365e-6,-7.793496385159435e-7,1.0797069343162842e-6,-1.50854342100674e-6,-2.822385453855232e-6,-8.719215288367175e-6,-5.509460091158474e-6,3.2135716712391334e-6,-1.4280475452054738e-6,-3.523730806421956e-6,3.362444088677416e-6,-9.924948207505139e-6,-1.6860825511382364e-5,-4.785653211541742e-6,-1.7935810063988627e-6,5.345574381222603e-6,-4.879430226220207e-6,-1.348050480217088e-6,-1.4850567969342282e-6,-1.276728130557868e-5,-1.2586158483903e-5,-6.146137125932982e-6,-6.573384702398151e-6,-1.1981663636686446e-5,-1.0982683813605657e-5,-1.094075932790555e-5,-1.3610060090071843e-5,2.915303316433847e-6,1.102901214385451e-7,6.808372649977942e-6,1.2148998426362243e-5,7.180935564233545e-6,1.1539366378821601e-5,1.27455057746347e-5,-8.803917320094045e-7,-2.1992752371692293e-6,-9.424390119231217e-6,-4.441556915110385e-6,-4.3969552807352915e-6,7.972066151760948e-8,8.268841755056931e-6,1.0270820352723382e-5,-5.844885589516278e-7,-2.500148252458073e-6,-5.193539720644971e-6,-7.019854247031454e-6,-4.406293198698197e-6,-4.669237330508694e-6,8.832429644633334e-7,1.1976688011244368e-7,8.392456910536535e-6,-2.963691421756355e-6,1.332416020005225e-6,-7.776428830775836e-6,-1.0545088421877084e-5,-5.4063461602011694e-6,3.3013157309666096e-6,2.572235866745878e-6,4.126168846924217e-6,-6.782911431345412e-7,3.086185540776792e-6,7.81767210884003e-7,1.620393708777717e-5,1.1137252650288162e-5,-1.148400607099242e-6,1.4845916544667219e-6,-2.362556383747442e-6,-3.376709682788144e-6,2.3753358379136727e-6,-6.103713935625902e-7,-4.6786178537797413e-7,-8.252881201413073e-6,-1.4212104548352862e-5,-5.292907358911173e-6,1.632872577805717e-7,-7.441301304471865e-6,-1.1978866435254712e-5,-1.137914759145087e-5,-1.9938459204647395e-5,-1.4566055206644692e-5,-3.432480410697305e-7,6.156753103245288e-6,6.690094786343597e-6,-5.285132231782365e-6,-5.2679188282016795e-6,-8.243638286769861e-6,-8.90641732230849e-6,-6.109273850032512e-6,-1.285754938838993e-6,4.410496137947451e-6,9.16819942379493e-6,3.6570598659956717e-6,7.923252778376742e-6,7.675658625670541e-6,-8.446940676678111e-6,-1.4299914851956879e-5,-3.54896844312766e-6,-3.7525179608599663e-6,-3.1111226221634632e-6,-3.3806644929421374e-6,-8.79140487169525e-6,-7.5329749033364794e-6,-2.649670198182323e-6,-4.504074854851737e-6,4.811316494765653e-6,4.941395359337725e-6,-4.989257139721756e-6,-1.0572061583025822e-5,-1.3049045832540387e-6,-3.122154617620676e-6,1.5576712039232187e-6,4.3980153233106416e-6,1.0452405106336549e-5,2.1821600615098926e-6,-1.368764253184281e-6,1.0504382946737781e-5,1.9263685219950688e-5,1.1065732942049406e-5,6.304144897806577e-6,1.0946646876971927e-5,8.753553992019318e-6,4.593830100642699e-7,-1.0631037339021422e-5,-5.309739132953288e-6,1.9063604925228092e-6,-2.3514098743882783e-6,-5.922502819248918e-6,2.7956051644818805e-6,1.5985956195641044e-6,1.0718254806733665e-5,-1.3253565837823088e-6,2.3466806921197363e-6,3.6273602089460476e-6,-3.926663354657178e-6,-1.0094999289880156e-5,-7.638984786408979e-6,-4.005851389384106e-6,4.739415115545665e-6,2.2121589488311747e-6,4.446341145944843e-7,5.178399557878048e-6,2.3602797706209225e-7,4.917106039043333e-6,3.6060410901448706e-6,-6.6552747509344736e-6,-5.160418822974084e-6,-1.0512271935299566e-5,-4.2769388529654104e-6,-8.571424682161519e-7,-1.6679074793414503e-6,-5.009559342364825e-6,9.567554087985538e-6,8.139412550683793e-6,3.6850083334794824e-6,6.686577792196835e-8,3.891988180895042e-6,7.575524155296575e-7,3.883500294093315e-6,-2.697488036630487e-6,-9.927265825826051e-6,-1.5401710660418822e-5,-1.2947542019149181e-5,-9.081527771004534e-6,-8.769808978366584e-6,2.0309860412364215e-6,-4.000738827724347e-6,-1.0534619991014534e-5,-7.874011301909966e-6,9.773256134350353e-7,4.503821658017848e-6,3.325873922137148e-6,1.1403967336354526e-5,1.2454462857960608e-5,8.018548567140982e-6,8.939383594163217e-6,7.2187790239465645e-6,-5.429905845539146e-6,5.410490711671432e-6,4.970212921562141e-7,-3.558696339785534e-6,2.699963111510545e-8,5.413975725596128e-6,-1.2282244051011405e-6,-4.427109488722793e-6,-4.190525793422672e-6,3.1925133479460923e-6,-6.7914361092752666e-6,-3.6447253887928336e-6,-2.059382164658082e-6,1.2431959405380604e-6,6.556848531900843e-6,-8.443055615236366e-6,-1.452425517773762e-7,-1.790035241990181e-6,1.9062297829604599e-6,5.225440505574154e-6,9.644821794407304e-6,1.008490541131352e-5,6.227655985909072e-6,1.9831239954592808e-6,6.194285119334705e-7,-1.4311186218521681e-6,-9.087439360585408e-7,-6.6801094429642606e-6,1.596033590079022e-6,-3.316192925416307e-6,-4.383387888789588e-7,-6.29302280391719e-6,-7.005389718179577e-6,6.976394139595404e-6,4.025211216689694e-7,7.206559641951887e-7,4.459055444678969e-6,-6.440308814869219e-7,4.995204923544835e-6,1.3379275122271856e-5,6.3244853078655655e-6,-2.6777043007496895e-6,-3.118102263389985e-6,-2.314108834860285e-6,2.1679229951364372e-7,4.957756549064243e-6,-4.973687620005685e-7,-7.055028573495343e-6,-5.3485469734270305e-6,7.43415255349451e-7,-5.548898018414552e-6,2.3053657595675353e-6,7.9370990816923e-6,9.015232583682691e-6,7.002765602403141e-6,5.841223611517533e-7,-6.309790812569559e-7,8.661736221457721e-7,-1.3202476654650902e-6,-6.574857389194922e-6,-7.670479860063355e-6,-7.136477446150937e-6,-8.290618072879202e-6,-4.133689017235186e-7,-8.281676244006785e-6,3.637579956659145e-6,1.890407543967674e-7,2.2704583349173866e-6,3.9577094849650114e-6,-9.01497389784576e-7,-5.898823073798426e-6,-2.108930763375785e-6,-6.5565817077875525e-6,-4.580568434525495e-6,-5.011391765806368e-6,-1.7817824227796206e-6,6.566238693922882e-6,1.5040005528518727e-5,1.1508199058879781e-5,9.19922609727801e-6,1.592914962260975e-5,1.3030064992463985e-5,-1.001308357351402e-6,-5.528616767532994e-6,-7.354682973967197e-6,-4.730619168809301e-7,3.2355721208069726e-6,1.1030980071572889e-6,5.976256484099036e-6,7.284940530698955e-7,4.418826874630756e-6,-1.2161598544678101e-6,2.77232785049588e-6,7.616216749315236e-6,7.830601266632494e-6,1.2376251732673238e-5,1.0918687919198364e-5,9.225648527699153e-6,1.246923011487532e-5,1.0909402207071871e-5,-2.6897647791490497e-6,2.8830070919241343e-6,1.4422161379549446e-6,1.260358048015763e-6,4.011487680034793e-6,6.268616804602518e-6,1.8368739008169757e-6,1.2018494265257332e-6,-6.728101714407355e-6,-7.95421746177579e-6,-1.0264663651602155e-5,-7.328097267389976e-6,-1.3078437507197792e-5,-1.454629930053618e-5,-6.355998395739953e-6,-6.610281618561958e-6,-4.00861939187261e-6,5.688543870779754e-6,6.5731754375604425e-6,-4.718281003275669e-6,-6.407645981044448e-6,-3.7082365621177374e-6,7.772826093508631e-7
0.00032033852656611627,0.00011892215000509989,5.752211650080579e-5,1.7162664913571924e-5,3.762809895427555e-7,-8.501648116895906e-6,-7.756507043723014e-6,2.1689877465279566e-6,2.033118572506872e-7,1.454001844902402e-5,1.1862123515643369e-5,1.3440928822471742e-6,-1.5193581136794623e-6,-4.004843039382073e-6,-1.191765522261766e-5,-7.449536144517089e-6,-4.219352476800598e-6,1.7428604084234119e-6,-3.786190385081014e-6,1.7748507967677286e-6,-1.460832499380656e-5,-7.67542322013645e-6,-1.7279449600908405e-5,-8.127805377896322e-6,-7.477519728114823e-6,1.2935279684260444e-6,-4.673526539265485e-6,-2.7869450475410944e-6,-6.5535776232480376e-6,3.562894352788556e-6,7.982621456879778e-6,6.343512692868516e-6,1.3666407054666986e-5,4.503921410416033e-6,3.0575041419057396e-6,-4.99998294304822e-6,-6.634458536500052e-6,-5.747305131094968e-6,6.316360641653802e-6,8.404428755603708e-6,2.780004675257428e-6,5.1718131905961e-6,5.460812645622558e-6,3.082978743318835e-6,2.626103671287141e-6,8.078924449345068e-6,-2.447571441869302e-6,5.788816051237163e-6,4.98556576291856e-7,6.297885058663634e-6,-4.93809269826998e-6,6.376848733021762e-6,3.7186022859584165e-6,3.8731992378817315e-7,4.260113971353981e-6,2.4877794694235225e-6,1.7855732920505693e-5,7.60202418186102e-6,1.2277012433292447e-6,-9.433368305807074e-6,-6.806435878176933e-6,-5.542184217023539e-6,3.725844865892667e-6,3.9354549676070385e-6,-1.17494155733023e-5,-1.0953404109729603e-5,-1.2022132737749785e-5,-8.354248286799864e-6,-2.3759045587630003e-6,-1.0551934413267717e-6,6.11083457133955e-6,-2.729670992051477e-6,-1.8745731694224937e-6,-1.6554100393292124e-5,-1.6590019269623757e-5,-1.3136857056891442e-5,-1.7766695345654915e-5,-1.53483006437317e-5,-6.268633261177548e-6,5.470404899235735e-6,2.5830201328706595e-7,6.536002108244935e-6,7.469951591727381e-6,8.427826860260351e-6,8.316735378948763e-6,8.899580453730746e-6,5.197429398193124e-6,1.3992387022883704e-5,1.8507326808111142e-5,1.602709390513456e-5,7.930085520256042e-6,-2.136596011059469e-7,-1.3654451165446454e-6,-6.104467084255889e-6,-2.7876625328447435e-6,-1.8403856843497036e-6,-1.712394263102052e-6,6.29031712603244e-7,-7.363528011922491e-6,-1.1555734448389992e-5,-1.2834008174943323e-5,-5.43737800194254e-6,-3.3154739196153104e-6,-4.679616448435058e-6,-8.516722958594086e-6,-3.82651473284437e-6,-1.1938741479465243e-5,-1.2970130420578584e-5,-5.090906963672017e-6,-6.742042437184961e-6,-9.549542135879735e-6,-6.635104544694822e-6,-8.065730335999102e-6,7.027208205807489e-6,5.5436514027147735e-6,-7.533254498981591e-7,-9.857344389025792e-6,-4.155141890689199e-6,9.273558659027302e-6,1.1667776938455383e-5,7.661280570641181e-6,2.184155457259747e-6,-6.7310073456544755e-6,-6.388927736218698e-6,-2.7472601821974757e-6,-4.502212401074613e-6,3.4725190708598428e-6,-2.127421940171738e-6,6.572278349355447e-6,-5.438613137257969e-6,-1.2171220208281428e-5,-1.2540663470205582e-5,-8.71035261961794e-6,-2.00616338001359e-6,8.267150401392113e-6,9.703275020536536e-6,9.44081807774447e-6,1.0257345490322944e-5,4.310640598166786e-6,-5.2579625152166735e-6,-8.161394624328898e-6,-1.449255863721708e-6,-4.730749014126772e-6,2.945448933646299e-6,9.290920632246452e-6,1.1267796263314162e-5,3.172241677697645e-6,-3.867483542870004e-6,-7.263085586728499e-6,-1.5982628190872808e-5,-1.8302104946864928e-5,-1.9100401336230623e-5,-9.79205285578033e-7,8.380424192021108e-6,-1.9803279059664034e-6,-1.706924872256897e-6,-3.876225992632773e-6,4.9682432180123785e-6,8.48934620723082e-6,-1.1912386776860904e-5,-1.4745321941031595e-5,-1.581803085891161e-5,-1.6537877429071502e-5,-1.6931088530376526e-5,-8.851422596026312e-7,3.0414895049414005e-6,4.406893903355041e-6,5.586129453381453e-6,4.7192068391553446e-7,-6.361309079377952e-6,-6.818253897272417e-6,-4.314172505715709e-6,-1.0676871430591745e-5,-4.060766341771202e-6,2.2597873653412964e-6,1.0175495525741401e-5,1.255996276208297e-5,1.3272826683583815e-5,-1.4194588666052543e-7,-5.095467510798128e-6,-5.769147911802538e-6,-6.816876281446152e-6,-9.337792059870407e-6,8.876323916499198e-7,1.552070461225929e-6,6.778830379962846e-6,1.1890711224543736e-5,6.505291220100423e-6,-2.2382217712676e-6,-4.7544419764839976e-6,-5.476868451352742e-6,-4.5336426665111e-6,-9.99382686430936e-7,4.696378872299413e-6,4.096384302334736e-6,-2.935122885814487e-6,-2.571552760591211e-6,-7.951404027314269e-6,-8.209513094936315e-6,-9.152033151543734e-6,-1.1905077983469194e-5,-5.160606996177558e-6,-2.5119804662369286e-6,-1.6177688346677267e-6,-6.371647260705836e-6,-2.881441870339777e-6,-2.5883980419378963e-6,-7.727783180871022e-6,-1.373157666281781e-6,-3.7953678539738493e-6,-1.2124150280328214e-6,-1.2866613430147488e-5,-1.3056773040568587e-5,-7.0039305143863736e-6,-4.449779840100596e-6,1.1189028724476512e-6,7.961321453427611e-6,2.3413385930790295e-6,1.612379227010684e-6,1.367582672128891e-5,1.0355773255280234e-5,3.8402150359291465e-6,2.5825150177750013e-6,4.547377366516199e-6,1.0886313564919065e-5,1.9708008312638757e-6,8.00424071067416e-6,6.748815343503088e-6,1.5213223332402039e-6,3.4631123726430305e-6,-8.571167791915024e-6,-8.720617568515136e-7,-1.1299680763553464e-6,7.954433773172301e-6,2.720025972366735e-6,-4.0582561693130756e-6,3.01139788294092e-6,6.617591771385196e-6,-1.4195696263500256e-6,-3.2920143410544945e-6,-3.2400551403591293e-6,-4.705735251415984e-6,-8.384257876919666e-6,1.8125642940503956e-6,-1.3343324218728777e-6,4.553536759059823e-6,9.874791736228545e-6,6.184876659237987e-6,7.427445801455808e-6,7.83161791174463e-6,7.743279732912168e-6,1.3511951703396078e-5,1.044191971449327e-5,1.0118718279934678e-5,9.559425186286888e-6,4.795811999071714e-6,1.297315870232358e-5,1.0986474854788148e-5,5.826960919695111e-6,8.652462204907238e-6,8.33620081153075e-6,5.975380812191623e-6,7.279769147650858e-6,4.745568538999194e-6,8.997204106674025e-6,6.139994878016417e-6,1.3495529739391837e-5,1.124338528818013e-5,8.010048892403802e-6,-1.0953864771181872e-6,8.872706104399547e-6,1.2519181212592923e-5,2.1067264760440128e-5,8.147650875095008e-6,-3.716742569722414e-6,-6.383072696875742e-6,-6.709541414665571e-6,-5.737853381592559e-6,5.105838983149651e-7,-7.558509838695776e-7,-5.293613899273424e-8,-3.575278850799064e-6,-6.879546708162791e-6,9.515808019750455e-7,2.9454269257523496e-7,2.098139921201674e-6,-1.1991965817769438e-5,-1.4634681319062116e-5,-5.629336582230103e-6,-6.503081873260849e-6,-3.781470122075589e-7,-2.4689666685588963e-6,-1.5052322520380497e-6,-4.4538854416779455e-6,-1.6649497985959325e-6,-5.293400977461921e-6,-5.409316783037566e-6,-2.5543157372961983e-7,2.743465087444386e-6,4.6765447329533086e-6,9.158564810704748e-6,5.043031379563061e-6,4.328238889205963e-6,-9.4822954540926e-7,2.619951186478776e-6,9.265230501252656e-6,-1.4047958196427246e-6,-2.553353491960388e-6,-3.9470010500554695e-6,2.7212083213017575e-6,1.0882907267273223e-5,2.1298253634525514e-5,1.4131361116136398e-5,1.7428247132564944e-5,7.698855275810167e-6,4.020991054439737e-6,-1.0361225201283055e-6,-4.13040719116947e-6,-1.2559046301782976e-5,-3.702831939196817e-6,-4.012448727427156e-7,5.721304473449025e-6,8.621671519283023e-6,2.8767860404351347e-6,1.3655437612983901e-6,-1.2062463073340702e-5,-6.908841495128514e-6,-1.7967304452018808e-5,-1.0871737714791383e-5,3.8135467314764114e-6,2.386444394524565e-6,-3.312909612617458e-6,-3.841863739957636e-6,-6.868642128043445e-6,-2.7434789092813646e-6,-1.2967836007192968e-6,-5.371214359736382e-6,-3.3306717979047085e-6,2.213282223679464e-6,3.831384394866411e-6,3.697937069767743e-6,-4.1539349855455685e-8,-6.932232851846651e-7,-1.2759012852735099e-5,-1.1891820035115016e-5,-1.5163875247126742e-5,-1.4784595872109456e-5,-1.1088383191061784e-6,2.0749705190307485e-6,3.5533304646869927e-6,-1.5492160001760346e-6,8.397172443293986e-6,2.7107734857926503e-6,8.06469841744787e-6,5.377967515855682e-6,-6.097305989175838e-6,-2.8924753082592765e-7,-1.7223014808573044e-6,-1.5520119027722185e-5,-1.731816687018546e-5,-6.175695705851734e-6,-2.9975718874145246e-7,-9.161006126074666e-6,-1.8381957022107584e-5,-2.3568662176824944e-5,-2.1830526451878255e-5,-1.4062246110444678e-5,-3.941793144307203e-6,5.53881687116508e-6,2.3129332220094986e-6,-6.439143861388001e-6,-1.1389198336568278e-5,-7.954871893705435e-6,-8.921299845643301e-6,-1.6995208867106525e-5,-1.7907095437531206e-5,-1.1886722860674023e-5,-9.644137853081165e-6,-5.971894527869427e-6,3.147357262479691e-6,4.752412724418323e-6,6.017401119441114e-6,9.120118351834983e-6,-1.891951723202565e-7,-8.185019981652963e-6,-6.139594167639017e-7,6.533807283208989e-6,-5.425865997863423e-6,-1.7988123037650117e-5,-1.1587722630118434e-5,-4.137297302142496e-6,-5.567792518838629e-6,-6.914578524128444e-6,-3.5647188404568007e-6,2.1603577370168733e-6,-1.0719878339774086e-6,4.134485908525854e-6,-1.0104169818295505e-5,-4.428312767516229e-6,-1.6096959428992985e-5,-1.3468391222362307e-5,-1.3933987491910998e-5,-1.576888718471159e-5,-1.6594599387551796e-5,-8.978740944927517e-6,1.7153525700953215e-6,-8.6619839668294e-6,6.516258929660065e-7,-3.839316059601754e-6,4.144448385237542e-7,4.284797611618535e-6,-3.4822321683602674e-6,-6.887969687945251e-6,-6.231044680993915e-6,-5.9946628257092365e-6,-1.2463879144803166e-6,-9.880498818503102e-7,4.967332545632238e-7,-2.778691773006737e-6,6.607591631244068e-7,-5.024188628309928e-6,-4.600307309936732e-6,-1.2157451322230972e-5,-3.154287735961161e-7,1.1501824981167536e-5,1.2670616160751237e-5,3.5171113401406056e-6,5.250911223560642e-6,5.8788124410669885e-8,-1.9219421179546146e-6,-1.6046718608906083e-5,-1.0318247236749875e-5,-4.513517389199784e-6,-1.6019141127347086e-6,-3.5807764193868092e-6,-8.108391511681329e-8,7.400661290187296e-6,1.9406630049897512e-5,1.564748973589672e-5,1.546169535307679e-5,1.6850848346386937e-5,1.4366877108993569e-5,1.853693223044188e-5,8.966214278881512e-6,-2.358711616782538e-6,7.027758058716024e-6,1.6820279389131877e-8,3.433594320414604e-6,5.917733947623195e-6,9.368792197306737e-6,7.565693854125525e-6,-6.5050053594316285e-6,1.8658183466946742e-6,-9.099797730124588e-6,-9.648945547409823e-6,-1.3544220905031634e-5,1.1817171131353798e-6,4.2221609070204725e-6,6.009210659655406e-6,-6.939248128436814e-6,-1.2518397319334722e-5,-2.1260107868310922e-5,-2.1973331844483442e-5,-2.3033869946768402e-5,-1.1897346432947311e-5,1.688123071209812e-6,5.331579167872285e-6,1.0663665132426388e-5,9.120075392806072e-6,9.825245326534869e-6,6.894778902549929e-6,2.164072147275142e-6,-1.9687170913989285e-6,-4.806069843454147e-6,3.1778445604577596e-6,8.850494577704071e-6,3.439081961437653e-6,6.942913046997388e-7,3.4357258211551438e-6,5.29878186415384e-6,-4.6098352413367907e-7,5.108243656696925e-6,1.0564672050396408e-6,-5.53137285383928e-6,-8.182408928561873e-6,-6.960616346743165e-6,1.4264762474850658e-6,-7.843165772276533e-7,2.4717683304469915e-6,9.639986552893676e-6,6.193471750915765e-6,2.6198795447642618e-6,-6.7151893530839125e-6,8.028186312310571e-7,1.0912949597718956e-5,8.124028458539345e-6,7.906144701217753e-6,3.2434951570974232e-6,-7.277276533566942e-7,-1.2004933601359666e-6,-4.088310644832639e-6
0.0003186621261332939,0.00013086629514069334,6.076268463304583e-5,3.097810150039802e-5,1.1902377477575211e-5,6.844516613038936e-6,1.6190558894201584e-7,-5.383306743014307e-6,-1.0958200628488824e-5,-2.3879279558077753e-5,-1.8004582039093943e-5,-1.018771046118545e-5,-9.776458738150743e-6,-6.713361092893316e-6,-1.6905439003655875e-5,-4.507033237474633e-6,-3.496405400523981e-6,-1.960861619283084e-6,-3.3915901666963246e-6,-1.997310132285043e-6,-2.0566557790253923e-6,-4.430146199720449e-8,4.410554661402288e-6,3.786528892148417e-6,2.067554497617716e-6,4.298201243482284e-6,1.0354789948761844e-5,3.8364765417999895e-6,5.076288965347109e-6,1.0647035599938475e-6,4.650386667400825e-6,-2.6586641420549416e-7,4.67976867005304e-6,1.7737067459348676e-6,-8.05810006022101e-6,-6.707900412634494e-6,-1.2004243007388984e-5,-8.860687037610707e-6,-5.105974757282717e-7,1.2473823142812146e-5,7.68400200174239e-6,3.658485267030948e-6,8.636774895795668e-7,4.649986469483868e-6,-1.0297071111672049e-7,1.0008799645794452e-5,-4.69563262181942e-6,-1.1043307858997219e-5,-1.913901019363429e-6,-1.166931059506099e-5,-1.0225386112488986e-5,-6.007858498211135e-6,-6.406186481279782e-6,-5.732736309284227e-6,-1.4930558386771586e-6,-3.480526842512513e-6,-7.192461998298943e-6,-2.4141793978619164e-6,2.8482352628631074e-6,-1.4075024330468396e-6,-3.317949677779828e-6,-5.149911519262508e-6,-2.1778656263688087e-6,-7.502842732044427e-7,2.4782586161759612e-6,7.105846929255914e-6,6.016535412394974e-6,2.4818956043275426e-6,-5.112860002226448e-6,-6.999567991148699e-6,-9.926924964793543e-6,2.3729765854214286e-6,1.0563674909937087e-6,4.560819304626806e-6,2.3512262788532886e-6,-2.2476683187566537e-7,2.474657407029419e-6,6.867467878172819e-6,3.6051531894251925e-6,1.7696687503943496e-7,2.6689280061903653e-6,-7.98654909325458e-6,-4.633180355195193e-6,-3.5997523231848897e-6,-4.707813455324167e-6,4.967353341394841e-6,1.2254797930762624e-6,-2.773203363778225e-6,-7.532130150270969e-6,-1.0549180185204786e-5,-1.619036238918185e-5,-1.4297130695280823e-5,-9.29172022980401e-6,7.51398239780254e-7,2.468772424768539e-6,1.232326178843232e-7,4.874594956756143e-6,3.017588396860253e-6,1.3411127623561175e-6,-7.182479563546299e-6,-9.12041142969955e-6,1.8594356806153133e-6,6.239349118816043e-7,-8.049577032305432e-6,-1.1217380089460764e-5,-6.577910913608816e-6,-3.079119614760065e-7,4.191222521902318e-6,2.0436150191352523e-6,1.9958998958062805e-6,1.95653086399572e-6,-1.285496916739427e-6,8.321357946133204e-7,-3.7407793741729173e-6,-1.7111360531558857e-6,8.411076788997171e-6,-6.763900629647834e-7,1.3400971030148278e-6,-7.952862541957281e-6,-9.838853551799036e-6,-1.6690927907621276e-6,8.418779020780538e-6,1.0437738315664758e-5,-6.85550045200329e-7,-5.459865499898353e-6,1.2559013240385384e-5,8.230210334460167e-6,3.6493218010118595e-6,-1.9418859606856084e-7,-6.908554017969607e-6,-6.948985186894434e-6,-6.28985004387102e-6,-5.9139477460655904e-6,4.89206433649387e-7,-2.7296191580518914e-7,-1.8226047434841434e-6,5.818237324577488e-7,9.803956380085873e-6,4.098697893799485e-6,5.45166679825992e-6,3.0246281113497922e-6,-8.5729912436616e-7,-3.2897104693995177e-6,-9.284704253998078e-6,-1.1914747627093792e-5,-1.514850046679204e-6,5.470237089056775e-7,2.0993406917304718e-6,-6.503830996784327e-6,-1.4755319278158423e-5,-1.1053944004260232e-5,-1.2119794266860719e-5,-7.348229029261396e-7,-2.90654980458985e-6,8.484377266651168e-6,5.187625963940639e-6,-4.1479075133220293e-7,-3.2051694261813905e-6,-5.042714624450426e-6,-5.1221869951380285e-6,5.83291836846364e-6,-1.8062636583908607e-6,-3.465163971412283e-6,1.459431398384175e-6,9.261003347364766e-7,5.099883409895267e-7,9.235865425478816e-7,1.0376291904444859e-6,3.7797962675102295e-7,3.944906406644372e-6,1.195626914679292e-5,5.649670991632087e-6,1.7217245495698499e-6,-1.7180951633621062e-6,-1.565401119291736e-7,5.462237603762177e-6,7.93051312828197e-6,4.02940140397928e-6,1.923939951951639e-6,3.513260686248439e-6,2.7212750480590397e-6,6.367220677463057e-6,4.6807051074804396e-6,1.0221018269534808e-5,-2.0962710021635157e-6,-4.028493373394674e-6,-8.414721846464961e-6,-2.8260630328969225e-7,1.4122985598404873e-6,4.88066979022057e-6,5.7378401194275796e-6,1.773152534113628e-6,-3.0843456162024393e-6,3.922934507992741e-6,1.0039792648425981e-5,1.0068584723969248e-5,-2.2541993540696963e-6,-1.144941519102041e-5,-1.043154732610144e-5,-3.5546538009150825e-6,-2.5408854140457062e-6,-6.245942254618949e-6,-6.275968907519221e-6,-8.874183740619902e-6,-6.570044230652565e-6,1.1338525089873731e-6,-5.940267508667085e-6,2.01697329608187e-6,2.0684594268401353e-6,3.5472712432695232e-6,9.743336809662083e-6,5.539734737890728e-6,3.4700442698005844e-6,1.5772855544040107e-5,7.764432646964431e-6,5.943653073725056e-6,5.214940283702518e-6,1.081653701140347e-5,1.4768864176482505e-5,3.847552940912939e-6,1.1782611164624006e-6,-6.627962302007124e-7,-4.702011302970773e-6,-6.295922772696013e-6,-9.241035115038142e-6,-2.659151454496575e-7,-6.669807162811341e-7,-1.1040483812452765e-5,-1.2431488358576028e-5,-7.354112597357382e-6,-1.2965359318914184e-5,-4.705261862628925e-6,1.2914957994862926e-6,1.2687736897894137e-5,7.269309802830419e-6,7.4272875145527545e-6,3.906943081930371e-6,5.72973897955802e-6,1.2037696541691045e-5,9.30271261234298e-6,1.0907373298137387e-5,1.3095534635239501e-5,7.121634644890882e-6,4.059204195817661e-6,2.4545826594402327e-6,1.2938385327380463e-6,9.803816528995574e-6,6.7754668363457e-6,8.889901870491029e-6,7.431720702900303e-7,5.2506951008445045e-6,1.1133503307175384e-6,1.028947916076716e-5,1.2151553133247905e-5,5.919310435415746e-6,1.3426298058292504e-6,-5.4100943923378485e-6,-5.985986109466298e-6,-3.552931851831176e-6,-7.3906746132657764e-6,-4.3496926180185265e-6,1.9467153190353028e-6,-2.5942875796689354e-7,-4.118527816118717e-6,1.2750085319543298e-6,-2.0453378002160205e-6,5.078661461981576e-6,-2.802418274082923e-7,-5.511894568628931e-6,-2.201691291890512e-6,-1.8971364017172538e-6,9.08414421296079e-6,1.0539705519880051e-5,3.209775657141928e-7,5.695261270683586e-6,-5.25557147397137e-6,3.1468358917467525e-7,1.0444089931479881e-6,-1.062664742808914e-5,-9.792754910002996e-6,-9.120930274349884e-6,-1.323485045563245e-5,-1.169357820723087e-5,-1.815246809440085e-6,6.552287361970274e-6,1.2912568719159708e-5,5.614093788946196e-6,-4.476588697586982e-7,-3.2187974605058215e-6,-7.334440633641656e-7,-6.189902995118996e-7,5.953075295567232e-6,1.2590533507219632e-5,7.162572326873528e-6,-4.901911757151002e-6,-1.0315352182266321e-5,-3.431771527283293e-6,-2.9095236193792104e-6,-5.8953857806779415e-6,-1.4029082758190101e-5,-8.8432154553346e-6,-1.0216769495294805e-5,-1.0993331464547742e-5,-1.2308401317025047e-5,-1.913275503150713e-6,-8.446244687800976e-6,-6.328488405176243e-6,-5.171780634473097e-6,-4.887497894982878e-6,-9.071207342447387e-6,7.514129401054899e-6,9.711296236537863e-6,4.131858037166475e-6,3.9600641222954126e-6,1.2009838059259194e-5,1.8708668250101055e-5,1.2137113311744125e-5,8.021589107811458e-6,8.524399925986736e-6,3.487265521904878e-6,3.3482323394716856e-6,-6.575244358402433e-6,-5.759668717260797e-6,-1.0916698106322648e-5,-5.317066802867706e-6,-1.3688132393161579e-5,-1.762802066651911e-5,-1.5109517253952407e-5,-1.2062221905604934e-5,-3.5399370345957785e-6,4.4477119935675625e-6,-7.996144389964718e-6,-8.58014474910911e-6,-1.3998706170994622e-5,-6.794587085044134e-6,-4.29143724478453e-6,-3.3305666344511113e-6,1.9942372619524613e-6,5.3727862772096065e-6,9.377772710940296e-6,6.6402853442394104e-6,5.780323111857459e-6,-5.049279322149695e-7,2.740737936373073e-6,1.0023039924158642e-6,-8.04036989819081e-9,8.398350096665544e-7,6.392091150346762e-6,2.8229299763588713e-6,1.466158469838309e-5,1.784241748986148e-5,1.7304082750309737e-5,1.5307852135905178e-5,7.605660192177511e-6,4.636408544297728e-6,9.444876144985741e-6,2.4173159754612287e-6,-6.658144698620834e-6,-8.177889023568511e-7,6.429992850051763e-6,1.4375727204978016e-6,-5.825334339086907e-6,9.12768278542343e-7,7.12701950571564e-6,-5.078770312879282e-6,-1.1910099308559301e-6,-7.976810853898893e-6,-4.913404412023357e-6,-9.093815347328818e-7,-3.767815441664614e-6,-5.566229215571183e-6,-2.2910753421006695e-6,-3.1977079268855035e-6,4.134798659279794e-6,-4.327616380871555e-6,-2.983446875566901e-7,-2.8143668283757875e-6,4.510949379883459e-6,1.1771944313199821e-5,1.0162118531271771e-5,1.0651951454175092e-5,4.5126321007046126e-8,5.2043649401960745e-6,2.1596123819060978e-6,-1.211731324475712e-6,-7.075799496096797e-6,-3.804903658197593e-6,1.7624994003222505e-7,1.1312086963475743e-6,-1.851117788237465e-6,-3.849297469816911e-6,-7.193964198458804e-7,-9.317856419117724e-7,-8.995802402874622e-7,2.935201876271685e-7,1.2159356131132095e-5,-3.179743057435026e-6,-6.654319096765871e-6,4.183217062733713e-6,-2.1345684423633275e-7,-5.550400580081545e-6,2.4144182557928046e-6,4.56553702662426e-6,1.030917679254417e-5,1.0195832265520123e-5,7.731075482218608e-6,5.6917543366620755e-6,-1.532192935370157e-6,4.463818519127147e-6,5.217768352105485e-6,8.658234519906718e-6,1.4800919991777518e-5,8.722506970266254e-6,1.0130245367112505e-6,2.59359680754467e-6,-7.240072514615634e-6,-4.451470779697704e-6,-3.181855308481287e-6,-9.442383701263266e-6,-1.3641023403909108e-5,-3.241747001800079e-6,5.616171191576202e-6,-7.542354197578955e-7,3.4337617286528093e-6,3.823643422532509e-6,1.1440136359965358e-5,1.2565571696036225e-5,1.4746704859982782e-5,1.714605186543497e-5,1.0005298853646454e-5,2.7512765594480864e-6,-8.64225768600459e-7,2.7595168319619543e-6,-2.500114096483831e-7,6.951777198327154e-7,-5.773477582763011e-6,3.4482303562943997e-6,-2.082609676519211e-6,5.196101241177265e-6,-3.997992813340936e-6,-6.731164558097059e-7,-6.6377373340407305e-6,-8.667396646344528e-6,-8.692038763078744e-6,-5.4001629582670696e-6,4.147353918089278e-6,8.733193940356177e-6,4.427456041973484e-6,-1.531716264516476e-5,-4.968590892280089e-6,-2.845994899879521e-6,7.356713387140909e-6,4.025086198500641e-6,8.229703898666348e-6,-1.1079318525711951e-6,-3.683586469334337e-6,-3.3903689249087475e-6,-3.0057665696068873e-7,-2.089390993467835e-6,4.22490875711353e-6,6.160633668144652e-6,1.601376633830437e-6,-2.991334496041273e-6,-1.3725901943659851e-5,-4.763486556579375e-6,2.2359304223138787e-6,1.4523098866221565e-5,1.0186344007743251e-5,1.1752011359789488e-5,1.1651052144570881e-6,-1.9559611868224732e-6,3.718384181621017e-6,1.436442054794816e-6,-3.2080741611389367e-6,-2.0620679219433746e-6,1.6513987289356608e-6,-3.907081275180081e-6,6.300088410662158e-6,2.8528657962404094e-6,9.771705396588614e-6,3.7392322208566355e-6,9.187865476241965e-6,-3.321101179875931e-6,-4.3545478862968255e-7,9.742779128732303e-6,1.3116681054382355e-5,1.1692889121610744e-5,5.362505753857313e-7,-5.840611167461852e-6,-3.2665263845555524e-6,5.20780785501505e-6,2.518425671536823e-6,-2.327687307410969e-6,-1.1508086240680281e-5,-9.16974650436227e-6,-3.537833668324799e-6,-4.81331107112067e-6,-3.858794172564926e-6,-8.200123882555528e-6,-1.1373554963271148e-5,-8.353365252459501e-6
0.00033379509364752204,0.000141455163880982,7.028893031716559e-5,3.7815364727181226e-5,3.2267192955246603e-5,1.9456148661556794e-5,1.008221922155518e-5,1.1312162327325051e-7,-5.166257794231674e-6,-3.835002831046811e-6,4.3146343087192255e-6,1.1055941227107715e-5,3.295351331840352e-6,-2.5872743708667385e-6,1.9468281498206608e-7,-1.100050231644022e-6,1.8484042116750212e-6,2.392682903890666e-6,4.2892007229736166e-7,2.2462474160533099e-7,2.969382829320528e-6,-8.117399227512731e-7,1.2773585537636823e-6,8.241022117225118e-6,1.7573252040187653e-5,1.3221152161991685e-5,4.21069815064419e-6,-9.13458471338786e-6,-5.23662921162817e-6,7.808896798432314e-6,5.1114243861084e-6,1.1316711355770295e-6,-5.237013785032519e-6,-6.983655209045825e-7,2.3431928454655014e-6,-5.39382498931561e-6,-1.8568954833964823e-5,-1.9400409741559882e-5,-2.8401823472447713e-5,-1.7555943741843747e-5,-9.805421919500599e-6,-5.144847393239182e-6,-5.351560781335731e-6,-5.615888355218568e-6,-1.4047221531536379e-6,-6.089321731230147e-6,-3.1409316508389765e-6,4.446083870901521e-6,9.829944605011913e-6,8.654310261298446e-6,3.5762185618967246e-6,7.510002586092041e-6,1.5178406316368922e-5,4.144636681854316e-6,3.4200454023979886e-6,-7.160036913934445e-7,-3.494270057318278e-6,-2.525792204293506e-6,-3.399290474754079e-6,-2.5165929482147606e-6,-1.3681746754772734e-5,-3.684673607653426e-6,-4.27472241199318e-6,-3.5826892630511122e-6,-6.9472596434086915e-6,-8.761720056700397e-6,-1.0590359673946419e-5,5.547506069602522e-6,7.542323870742515e-6,-9.547095600781328e-8,-9.56063733553287e-6,-5.058514550887471e-6,-4.491739582022446e-6,-8.556201430065281e-7,3.476629569233709e-6,8.617275218169822e-6,9.234318043602681e-6,-3.3076116205543726e-6,-3.7179449016665386e-8,-3.015802495666187e-6,4.26363234569121e-7,1.2639530032542718e-5,1.2808582742219307e-5,-5.282978843769296e-7,-8.331233477492233e-6,-4.613787217420148e-6,-7.124527578089226e-6,-2.1978228974956242e-7,-3.1891818075041473e-6,-7.87292713543157e-6,4.02387477835867e-6,2.080621961057342e-6,7.906258366430155e-6,7.171110554063209e-6,4.729874993500799e-6,9.003933406876944e-6,1.3774689410957952e-5,3.590778139224237e-6,7.316332158047032e-7,-2.2969326253146093e-6,4.289509639033848e-7,5.266561178314492e-6,4.6614903481861375e-6,8.687918524772008e-6,6.251479746799413e-6,8.480076773319586e-6,6.429320026194968e-6,3.240323462251992e-6,-6.45346922411811e-6,-1.1453797325660032e-5,-1.2685431281936636e-5,-1.3947924506698395e-5,-6.739010365119273e-6,2.515819329192148e-6,-7.2680756495267766e-6,7.09172547854406e-8,-4.156316741126639e-6,-1.118794703041021e-5,-1.5600493798183732e-5,-1.897512359455683e-5,-1.3581451097764043e-5,-1.0808840301903083e-5,-4.011614535042101e-6,-4.989182962882547e-6,-6.000783580382503e-6,-2.965170255962157e-6,3.7083239517689288e-6,-1.2997187769857168e-6,-2.6896331328770263e-6,-9.064501051569768e-8,5.896352097124413e-6,-6.273455854613008e-6,-6.147375661387245e-7,2.95919526734863e-6,-3.4119774883352325e-6,-3.666997401734069e-6,-4.237985834743781e-6,-6.7336645445311055e-6,-1.5871918682467218e-5,-1.246415369811062e-5,-1.4503721230589303e-5,-8.409356468584418e-6,4.29583913701299e-6,5.551786503911552e-6,1.5427931749459427e-5,1.8693894107089943e-5,1.9334245817197152e-5,2.146660564993056e-5,1.2423640469600535e-5,1.2971580784989346e-5,1.2598443212005642e-5,6.5387260988190065e-6,1.097804165267987e-6,9.22989299291766e-6,1.2561299630312678e-5,8.692556489740967e-6,1.3967672016219657e-6,1.1423049898125327e-5,1.148418333994425e-5,1.4979500725565837e-5,-1.883378975548133e-6,-1.2157426674980187e-6,1.8418263046853795e-6,-9.922322928795453e-7,-8.858957763393197e-6,-6.65577178074991e-8,3.0961751172170483e-6,9.13568302381337e-6,-3.01747884729806e-6,-8.646741893040626e-6,3.4492985045445747e-6,6.215670261038795e-6,-6.326233294322232e-6,-1.206305694160577e-5,-3.074848326039626e-6,-2.8570335468599674e-6,-2.6024146032282486e-8,5.178471477239304e-6,3.6974408859639344e-6,1.947253679327675e-6,6.564402415932075e-6,9.03747203986182e-6,1.2238875394930534e-5,6.235572156563879e-6,9.124550602695596e-6,5.698490127495508e-6,3.302130363090947e-6,-6.700452327632688e-6,-3.726763565954519e-6,-6.881833563653002e-6,-7.263525400932918e-6,-8.941331178490713e-6,-5.939728827188064e-6,-1.8741435590851735e-6,-8.175385752983839e-6,-2.6883450438583677e-6,-3.185672270692429e-6,5.759247536705976e-6,7.510546511817524e-6,3.588195073471917e-6,2.904000181893282e-6,3.215642510504167e-6,-8.025946799189919e-6,-1.0284747115664135e-5,-1.1428051391869358e-5,-1.464253436112338e-5,-1.0190425431863534e-5,-1.3518907187940708e-5,-1.6372424152551553e-6,-5.894301946788023e-7,7.470937516452416e-6,1.287666295924075e-5,4.967069997022627e-6,6.480070168812515e-6,1.1895215679412683e-6,-7.129862132271459e-6,-1.2363937777665053e-5,-1.3182166101273513e-5,-3.4550220569765938e-6,4.355545029406759e-6,4.491701238449168e-6,5.980356121725228e-6,8.088021866933158e-6,5.614042933446717e-6,-6.213868897474956e-6,1.561786189583211e-6,1.1597351657736487e-5,6.426711020279193e-6,-1.877091369841145e-6,-3.023903865504277e-6,6.002408145125894e-8,3.8650653469005535e-6,1.5316612028433857e-5,1.9706482168152316e-5,9.413008764050678e-6,2.577675758960413e-6,-6.080944314540726e-6,5.737762939318588e-6,4.2759063256265325e-6,-8.907812635307238e-7,-8.582044409801174e-6,-1.0069747468953191e-5,-5.3680610610202555e-6,-6.633740166040735e-6,-1.1878443706603622e-5,-6.386353528095674e-6,-9.044293724388558e-6,-7.333280701913391e-6,-7.719871162779428e-6,-4.9560603159596655e-6,-6.482084937494677e-6,-5.542169931896936e-6,-5.439166982340777e-6,-5.374906589661638e-6,-1.1586390206147224e-5,-6.5451689257242685e-6,3.391877068165162e-6,1.1948046076570673e-5,9.432261175532355e-6,1.0905536989309365e-5,2.8308510921956078e-6,9.682975597215765e-6,1.2998870985808735e-5,3.6298886592662604e-6,-8.596890709135485e-6,-9.986033861138876e-6,-1.0272991380357496e-5,-1.1716450174161299e-5,-9.86845435649549e-6,-6.5461998817371795e-6,-1.3519063766860435e-5,-1.5375464394023075e-5,-5.5705464602796655e-6,-8.476050755375138e-6,-1.7113995383466496e-6,3.955309426652562e-6,7.808270728577747e-6,8.512330301134494e-6,1.6410696245704232e-5,2.0060579557919767e-5,2.65497469070091e-5,2.0173373846490953e-5,8.813276943015765e-6,1.2949097378038129e-5,2.858951320424598e-6,-3.396834020053874e-7,-1.3849013521878838e-5,-1.3762798142496999e-5,-1.6559050170661315e-5,-1.859563227279808e-5,-1.1985078785233982e-5,4.374394806883602e-6,-3.7860428909190153e-6,-6.975236164616194e-6,3.865282898246378e-6,8.799358346480503e-6,-5.123259807570469e-7,1.973350328910067e-6,-4.034212151131957e-6,-2.1105640819560963e-6,8.687391694450998e-6,8.623524780338537e-6,7.18044111640999e-6,6.431206062136959e-6,-2.7865214959701666e-6,4.193443524799316e-6,5.254193677098199e-6,4.574597421932267e-6,1.0559113724760006e-6,2.9326551956216325e-6,-4.165203588838274e-6,-9.959480637040107e-6,-1.8321746490903484e-5,-6.477637652233323e-6,-7.967184392903592e-6,-1.4576595257827214e-5,-4.9913420944411225e-6,-1.7840164771346383e-5,-1.4861113963824899e-5,-1.5647910765630757e-5,-8.95498190693711e-6,-1.8636948012777054e-5,-8.384103909802676e-6,-1.4524512014343466e-6,8.056822835330752e-6,1.3401059573430515e-5,1.1710443525740098e-5,1.6738481151352835e-5,3.752854464788651e-7,-3.9782914476896674e-6,-6.380535435240106e-6,-3.2271655224523138e-6,1.754196510636434e-6,-6.709638912459105e-6,-7.34865813070353e-6,-1.008273580498348e-5,-5.696971345820818e-6,4.8652500510540305e-6,-1.1963891815699224e-6,-2.4557177538690126e-6,1.8810625416947888e-6,1.0231223680323184e-6,-2.4127753172646903e-6,3.319638638229654e-8,-1.2938455737152012e-5,-1.2074395683524364e-5,-1.568717328341297e-5,-1.9482201614218398e-6,7.799964101221416e-6,5.750691702358638e-6,1.8360698106904302e-5,1.6884188029998692e-5,2.0872533513558625e-5,5.743050394231779e-6,2.930312543399418e-6,1.4308079166073686e-5,2.2342790698797772e-5,3.4702102254818757e-6,3.0221094626644745e-6,-3.155397593314998e-7,-6.943813261916243e-8,-6.160284238720669e-6,-5.042684116102519e-6,-1.2234721438349378e-5,-8.846548228717841e-6,-7.705266012623631e-6,-2.0454921475514127e-6,1.2283545027996238e-6,1.0378651550474916e-6,-5.2770936260337045e-6,2.6681168734411572e-6,5.597162013199013e-6,8.885017618497819e-6,3.701127626337964e-6,-1.045075939768021e-5,-6.075773347786782e-6,6.811202726198943e-6,1.2340173696450928e-5,1.4893261324732216e-6,1.0461161072408626e-5,4.48170788053864e-6,6.034252448188327e-6,5.155315525324079e-6,5.0859698763496955e-6,1.2973391002461007e-5,3.9888782108450005e-6,-5.060468266292678e-6,-6.452744953057733e-6,-6.73845434689051e-6,-3.207975615495767e-6,2.454031911640931e-6,-9.312118778106364e-7,2.898305715536333e-6,-4.515267557265356e-6,-1.1432455644938407e-5,-9.65889981310981e-6,-5.957635331240943e-6,-6.973169671486963e-6,-5.3347675128590846e-6,-5.028253717202087e-6,5.605281030115567e-7,1.0334885964534566e-5,3.07444674844994e-6,-4.960729749748486e-6,6.998527691450758e-6,-1.7393391625675356e-6,-9.376027505462546e-6,-6.467154902265997e-7,1.8708122617319447e-6,3.3696733577004957e-6,-6.658766807471871e-6,-9.0193270486424e-6,1.7503926446080064e-6,-8.03975145714052e-7,-1.0059201986792567e-6,-5.2881434929458275e-6,-1.1073066374489322e-5,-1.6862949608641675e-5,-1.0028615487204686e-5,-5.218178720974815e-6,-8.79230717962397e-6,-7.86768365963069e-6,-2.189807451085221e-6,-4.944598900144302e-6,-1.9605610130762442e-6,1.1732887434430749e-6,6.738048824764941e-7,1.4478921276688046e-5,3.239210677788559e-6,7.15590141978184e-6,2.5121938547618767e-6,4.098329612027609e-6,2.417768375766452e-6,-2.1896797430192275e-6,-1.5792534286507934e-5,-1.1916115533929492e-5,-1.1024508127494889e-5,-8.025596374974507e-6,-6.822395533650028e-6,-1.5523978396647187e-6,3.0861023389625502e-6,-3.489882024740116e-7,7.36921111552706e-6,1.2323300940218257e-5,-4.187314571577257e-6,7.431080952619368e-6,3.397053409194716e-6,2.565877723534838e-6,1.2589543300275509e-5,-3.2788722634576823e-6,-1.1560140715716515e-5,-9.282350418622896e-6,7.767052892990688e-7,1.5533034207537267e-5,1.053765247609263e-5,4.343773007908591e-6,5.928096619913136e-6,1.5455606873477317e-5,1.618138503827393e-5,8.91218826450757e-6,1.4788973799414364e-5,5.02020670793169e-6,3.3891052304215713e-6,3.918346401530761e-6,4.607784952476686e-6,2.5076192734371193e-6,-1.2729585178976828e-5,-1.6175637476475046e-5,-2.0897727012808573e-5,-1.207888518925559e-5,-1.575493960448239e-5,-7.079995952588794e-6,-5.16589063679482e-6,-4.937682404334186e-6,-2.526434457967317e-6,-6.100250004688584e-6,-1.7375169312172637e-6,-8.695817719659601e-6,-6.180557652563477e-6,-1.530042116161562e-5,-9.869254130247031e-6,-1.3285454560213521e-5,-3.2521989157825343e-6,7.455672438120447e-7,-6.441241726644515e-6,-5.987275945051524e-6,-1.623726932645405e-5,-2.273187922329313e-5,-2.029831519011895e-5,-9.529575170057772e-6,-7.209230427392625e-6,-6.666101213385627e-6,-6.42440435337399e-6,-7.961695001573516e-6,1.7564175689829875e-5,1.1240654189315123e-5,2.9273600333211795e-6,6.67696111333999e-6,-3.462513976155764e-6,-3.753929748073903e-6,-3.396397765359799e-6
0.0003279260518844028,0.0001350313073469043,6.793138248974468e-5,3.456151877016358e-5,2.1575543578009928e-5,1.7249473651863408e-5,5.460816206460139e-6,9.002997401332212e-7,-6.845026912121901e-7,-2.011895941818509e-6,-4.294973359027344e-6,-7.177808084146122e-6,-7.406524231192053e-6,-6.760930984796179e-6,1.2350145734370822e-6,9.063568673142728e-6,9.163836603597513e-6,4.332581180244724e-6,2.623096986502073e-6,2.4855125042748675e-6,4.246788436057168e-6,7.439418251988478e-7,-4.532265892277785e-6,-1.271785683743514e-5,-1.1874079900454798e-5,-8.052157291289131e-6,-8.817664950121485e-6,-1.5268617361229602e-5,-7.186938723444066e-6,-7.12127743345033e-6,-1.4622518059841095e-6,-4.30395310842436e-6,-3.983210296414065e-6,-1.0874333642265133e-5,5.415717546977909e-7,-6.727299627633452e-7,4.108892995771019e-6,9.257564979675155e-6,2.076858859188006e-6,-1.0098719272926258e-7,3.486988253755659e-6,8.423961827400563e-6,9.272102695608123e-7,-2.649107910583213e-6,-1.0996615149627294e-5,-1.1086784591358327e-5,-9.619403878956741e-6,5.377393256262173e-7,-4.555181038782211e-6,1.1157606866944265e-6,4.116978008398068e-6,-4.8068065222155276e-6,-5.293428290256405e-6,-7.056334137261764e-6,-4.00579850476803e-6,-4.329976480238402e-6,-1.3625051569410455e-6,3.4090726388997774e-6,1.3859828546734128e-6,1.8473829398421476e-6,8.708510148018058e-6,1.0267436679653168e-5,1.3422844391977076e-5,1.4429039787427715e-6,1.3759395320503864e-5,7.987584974021142e-6,1.4758415190222262e-5,1.3532854174022812e-5,-5.811317030254217e-6,-1.3358377061076792e-6,-5.128269813234125e-6,-4.5087590444169215e-6,3.1074268081133884e-6,1.0095579367161797e-5,5.820307220337551e-6,6.6317193941434495e-6,7.345939571310787e-6,8.466742243156587e-6,-4.279763750768814e-6,-6.632005660545225e-6,-4.246531858993976e-6,-3.964004526971412e-6,-2.2597578170822182e-6,-9.711627362217361e-7,-3.3699891422194486e-6,-9.502290169048675e-6,-2.04086221573588e-5,-2.29856625216459e-5,-1.685737559594845e-5,-8.741218142905645e-6,-7.820716854580248e-6,-1.965372633271275e-7,-4.700572229586193e-6,-5.772237798438389e-6,1.5712597425496437e-6,3.5132028438319383e-6,1.0926452134455604e-6,6.030212193352362e-6,2.3411153341634713e-6,2.3600357206352665e-6,6.253542775597593e-6,8.98608569908476e-6,1.9558697143563343e-6,3.9597472613200546e-6,-1.1725294819970136e-6,-1.88118348695508e-7,3.41787327479189e-6,-3.0985045326123006e-6,-1.0200835125300804e-5,2.814410687219973e-6,-9.74611302120745e-7,2.267648012447528e-6,4.01180174892672e-6,-2.4558361529709044e-6,-3.081048387664887e-6,2.0272215069938307e-6,4.103169615793929e-6,-2.476976672150927e-7,2.8503601347155928e-6,5.945542846244791e-6,1.6268360251362797e-6,-2.752831976783729e-6,-2.5747719957651275e-6,4.45140893395289e-6,-8.600070051320275e-6,-5.2164630749599675e-6,-6.084151047705068e-6,-6.6687478738466955e-6,-2.3544981113144145e-6,1.8023420929668452e-6,-3.447418309608367e-6,-6.02724480504877e-6,1.7666415198054675e-6,8.739021610192135e-6,5.1125021160483955e-6,3.84021390428674e-6,-2.3695597272089537e-7,7.550866251736533e-6,1.464745635132303e-5,1.9496906429698384e-5,1.7287457591613695e-5,1.61086330597977e-5,8.565935020655559e-6,1.2934690392354717e-5,1.0483995229225264e-5,7.95783751950248e-6,-3.020298899244895e-7,-3.936280320189818e-6,-1.1955368612361156e-5,-1.2820560130716457e-5,-1.26345015805333e-5,-9.66644655235402e-6,-7.929477655364104e-6,-9.431774731901243e-6,2.0166525379964907e-7,6.887497417143008e-7,-1.909330280696095e-6,-6.753708865553665e-6,-2.5101169626666253e-6,-7.828093301156827e-7,3.3645464770380645e-6,-7.529346409301684e-6,-8.612647062980869e-6,-1.0826048002688053e-6,1.5492559511495512e-6,3.4943555546544535e-6,-9.397566750444303e-6,-1.0797336233412369e-5,-4.830106094800232e-6,9.459297447842579e-7,5.289026149009251e-6,4.416607830715847e-6,1.070677855378457e-5,1.3378257290692e-5,1.055106253854797e-5,1.0823382019180568e-5,9.65596508761556e-6,4.064194147294559e-6,5.643768324656613e-6,9.88883142188075e-6,-6.512679540543462e-8,-1.7992395842198318e-6,-3.904046398327871e-6,-1.528068228110947e-6,5.324228919740946e-6,1.4721694675232732e-6,-3.815579679177353e-6,4.385503910495459e-6,-1.2916681847627143e-6,1.0381633362901048e-6,1.164502171156564e-6,-5.038897079398438e-6,-2.626136250486102e-6,-2.5507802799674365e-6,2.2414368175208387e-6,2.810000291927829e-6,-4.286821149713604e-6,-1.0689005248373646e-5,-3.5571350137329885e-6,-9.936321071956986e-6,-1.2102198362488756e-5,-2.4450367150692252e-6,5.145415452246056e-6,-2.4714353438816167e-7,-1.5889142284951167e-6,-2.9242169061569285e-6,-8.360314348445234e-7,-8.586418322245503e-6,-1.12590140135762e-5,-9.061419946863918e-6,-9.375043488331004e-7,2.057082662268815e-6,9.338942345210161e-6,-1.6984483308334858e-6,-4.521945596678192e-6,-7.982239744194396e-6,-1.6575305600128136e-5,-1.924131783847889e-5,-1.6992684623763018e-5,-1.0239638034742339e-5,-9.365518784286594e-6,-7.145826797854504e-6,-1.1122270462641071e-5,-2.399468327863091e-5,-2.4236212526540945e-5,-1.7382302917803506e-5,-1.52184132279997e-5,-4.283623362882906e-6,-5.236482682762937e-6,5.013009555955829e-6,-9.346300209291756e-7,-9.501543327451004e-6,-1.299683816866548e-6,-3.2000723705768625e-6,1.6694656816965734e-6,1.4123363148191204e-5,1.5921376512195664e-5,8.793846576654562e-6,1.1763046471709912e-5,5.172032498517669e-6,8.623144245312301e-6,3.3886967700480223e-6,-6.7526210682437915e-6,-1.0572793477965563e-5,-8.837920706017252e-6,-6.065786300090734e-6,-1.526606989746067e-6,-3.978790686211121e-6,5.815470100447792e-6,1.55699890957323e-5,1.5963467617375024e-5,1.0470026121608821e-5,4.957237741525542e-6,6.975525541672419e-6,-6.399274920004227e-6,-1.0872013680722611e-5,-3.819406250977833e-6,-1.6609136955667951e-6,-1.0300676977557917e-6,-1.8987031829034194e-7,-2.4579284775595514e-8,-3.910743789728788e-6,-5.321086425457994e-6,-5.298159415491889e-6,-1.071248931057778e-5,-1.13711477750898e-5,-1.0067473724519372e-5,-1.2918457586108338e-5,-2.543550084651367e-6,3.924068180888964e-6,1.731481714403775e-5,5.374510915657466e-6,-1.388862497003944e-7,-1.5962936793546257e-5,-9.98714664256417e-6,-3.025975807624915e-6,2.178973321234518e-6,8.312543395496828e-6,6.036658622757918e-6,6.742323108452384e-6,2.5483122502385236e-6,4.6253509034905304e-6,3.8027455586296517e-7,1.4783746786189456e-5,1.6699545200302192e-5,1.5397032924482343e-5,7.590613514279133e-6,1.036703618400968e-5,4.909432192501766e-6,-1.6003563352050864e-6,-5.412602124046586e-6,2.7751963209553192e-6,-5.834196753536876e-6,-1.7501594970319435e-5,-1.5157920138435298e-5,-9.687790482235091e-6,-7.0421528503127e-6,-9.950908042789021e-6,-2.4381600217414854e-6,6.756773938755051e-7,6.905046541532955e-6,8.188325647040978e-6,6.237777369820859e-6,1.257681853667215e-5,1.1671333610189653e-5,1.3012179699844676e-5,1.2392810239163885e-5,4.109846577395625e-6,-1.2594295504362825e-5,-3.0566833378680626e-6,4.266398709289912e-7,-8.243136049453162e-6,-9.271341914892618e-6,-3.1911301448515988e-6,-2.9172812986118334e-7,5.712364186784961e-6,-7.339604729946731e-6,-4.404587097483885e-6,-2.8361211528658416e-6,3.0901046359982684e-6,4.674317453989018e-6,5.8851479328355595e-6,8.02719728582882e-7,1.8049792376007122e-6,5.991721638698193e-6,8.059768523715189e-6,9.338593629131665e-6,1.1628706101833627e-5,6.57061755660563e-6,1.2739372196418125e-6,-4.333483279457675e-6,-1.691873823231046e-5,-6.579141570987969e-6,-8.490314999851927e-6,-3.436265091171042e-7,2.700630885116497e-6,-7.898311892682072e-6,-4.793903800623108e-6,-1.1433536235659442e-5,-5.336091843289958e-6,3.342684572321619e-7,1.077662060265984e-5,5.867788137755116e-6,1.3870397518024793e-5,1.1696899988303752e-5,9.576154374513799e-6,-2.466169609681071e-6,4.443979998841622e-6,-1.9006561822448227e-6,-5.071123624707144e-6,3.4980918079499627e-6,-1.2739957488613428e-5,-1.014054598969064e-5,-3.685845784495392e-6,-1.6490250020416277e-6,-8.167625270508574e-6,-6.856119843344661e-6,-1.0504567716437435e-5,-6.420743579803162e-6,-8.072536428338965e-6,-7.548318281234256e-6,-1.7149787434960655e-5,-1.9376910118676876e-5,-1.6114195670835825e-5,-1.207926361799408e-5,7.945796649769809e-7,6.244172013173181e-6,-4.6680134653376045e-6,-6.766135367004987e-6,-7.96533267549404e-6,-8.805406142992965e-6,-5.016133207473486e-6,-4.984701474234916e-6,-8.79072597178246e-6,-3.1262132494963112e-6,2.660845831134875e-6,1.671773965827104e-5,8.804904720927814e-6,4.253203664438309e-6,6.814763996642739e-6,8.473083851812358e-6,7.215843355489613e-6,8.301759798805599e-6,-1.2223070570636727e-6,7.086228027514742e-6,7.621561601262175e-6,6.618366031558379e-6,9.203558438270223e-6,-1.1549111494351203e-7,5.294661375107041e-6,1.4103467268414554e-5,3.6898401378038123e-6,2.5953967191073807e-6,1.6779105928841624e-6,4.849115584535397e-7,2.286378309175475e-6,-5.3309052657704705e-6,2.74583615655197e-6,-2.1363020877210307e-6,-4.512927786706058e-6,-4.973262595704211e-6,-4.211963355029078e-6,4.308305751472376e-8,1.0613591236698548e-5,7.616723978741706e-6,6.482487976115601e-6,5.768924627521703e-6,4.40239561658736e-6,-2.2094142457077035e-6,1.3535909930593525e-6,-4.239800637092868e-7,-6.2057082589955405e-6,-8.696488594136538e-7,-3.1781573685665717e-6,-5.3805873793176414e-6,-6.2326286282171855e-6,-8.387901929830723e-7,7.129022377232739e-7,-1.2682268066203062e-6,1.712257822815458e-6,6.0442000774735616e-6,1.6591820971112416e-5,1.3663443301106648e-5,2.04548221967612e-5,2.050392231197808e-5,2.0744010780898503e-5,1.1716970295936272e-5,-2.0639443786289204e-6,-5.00142633984424e-6,-3.018283151025436e-6,3.397729962063992e-6,9.554751789097735e-7,-6.093465101818338e-6,-5.855729578066219e-6,-1.708182385628406e-5,-1.0777680759885461e-5,-2.7204819047730095e-6,2.1065010536254275e-6,7.591215608917537e-6,7.864857787065887e-6,7.515477299165019e-6,8.410738747128382e-6,1.1670049922479868e-5,9.501046605789892e-6,1.267854570653312e-5,1.15462526551787e-6,1.1813255629717672e-6,8.221025715626095e-6,-1.7394823910878795e-6,-1.3375805952979344e-6,-3.0927817732740293e-6,-6.10587475387826e-7,-7.254272672747418e-6,-1.374296218252639e-5,-5.923110336506839e-6,-2.0453068602771814e-6,-1.5447230838603568e-6,-2.369555936805237e-6,4.806965915304753e-6,1.841698789543867e-5,6.954632843763701e-6,1.2233330240300044e-5,-2.105039224148292e-6,6.805707753768449e-6,8.513338292771023e-6,5.4163861976174855e-6,2.104336854320263e-6,-8.122227630475341e-6,-7.257729887578075e-6,-6.160731219106483e-6,-6.525770620090777e-6,-1.8429834546652053e-5,-1.2792201416675531e-5,-5.797004603033766e-6,-8.389380033278568e-6,-5.014634631889102e-6,-1.2284358167544549e-5,-2.0189905183885203e-5,-6.679137897211286e-6,8.222391895803127e-6,5.626789975438546e-6,1.5371504942861445e-6,1.940125923587566e-6,3.464628776735663e-6,-6.063679519106164e-6,9.13386617437952e-7,5.4001879930103765e-6,-2.376344942692982e-6,4.1431519518234925e-6,-5.996209909339895e-6,-1.6423787800784639e-6,-6.508459500051553e-6,-8.479563290590065e-6,-6.399145366990121e-6,-3.953886379808497e-6,-6.68664187204812e-6,1.1891306856893275e-6,1.1878808522769383e-5,9.827946760301094e-6,7.935168235245485e-6,5.422415274163076e-8
0.0003584386337770075,0.00016287112686529077,9.308884664676187e-5,6.797052900652851e-5,3.7683034034818344e-5,2.1440995514369817e-5,1.5798055206337857e-5,6.956604569569508e-6,3.958527856850289e-6,-3.0348564179038393e-6,-8.838371108856706e-6,-1.4712222472939504e-6,-1.5065206583421186e-6,9.765962851154723e-6,8.312666511942212e-6,7.587592664396864e-6,-3.763466022435506e-7,-8.67612315015253e-6,-1.2148905070209231e-5,-8.448551090136908e-6,-7.484478422869048e-6,-2.536431215886245e-6,-6.856192305365878e-6,-3.00094488156783e-6,6.541305744249864e-7,6.584537509547676e-6,4.9508808469580515e-6,4.9918822554421115e-6,9.848893901823887e-6,1.1872670714470006e-5,8.947486769279167e-6,1.1542595927932302e-5,5.17434010504203e-6,-5.7467346055119014e-6,-1.6602838174794523e-6,4.885266764212859e-6,4.495267027683208e-6,4.897118971895138e-6,5.059732580869652e-6,-7.350573775355261e-7,-5.796802850233328e-6,-6.432968269119738e-6,-2.889016379496538e-6,-5.313127013804112e-6,1.6983888110921719e-6,1.5451827959207052e-5,1.6106776364504997e-5,1.3842812628181045e-6,-1.0886569226368524e-5,-1.0474786093111735e-5,-9.776489340238409e-6,1.0586016976252237e-7,5.35576084407502e-7,6.088605116943726e-6,3.6568828544556016e-6,7.57779744364441e-6,9.621810658677195e-6,9.449627284691254e-6,3.089922478112606e-6,2.6308844871292833e-6,3.74509022085609e-6,5.76722059948704e-6,9.789782459944914e-6,4.956416675136523e-7,3.2937581600944094e-6,-2.7521934217113898e-6,-1.40783514627999e-6,2.3042007657061333e-6,-2.1282792678446294e-6,9.37832664249332e-6,1.0550664843432422e-5,4.5161522016948e-6,7.232857853241304e-7,7.1289924868665265e-6,1.1740095036260025e-5,1.8376004180189433e-6,-4.064412845726034e-7,-2.3063688123923677e-6,-5.35384476412528e-6,-3.9534238455244893e-7,1.6838506603678825e-6,1.7750250737713425e-6,6.439110777562689e-6,2.357379711874023e-6,-7.697945009215538e-6,-4.753052380473165e-6,-5.568573904506392e-6,-3.056446507240567e-6,1.6054207772144357e-6,-1.0335412494207454e-6,9.143718941700601e-6,1.4567241828242452e-5,1.5961571582099334e-5,8.805333318426856e-7,2.190086321498523e-6,1.1439423366675962e-5,1.1021614160258547e-5,4.305040499425563e-6,1.674409565218817e-7,-5.441169356678795e-6,-1.1570401269732219e-5,-4.459620525720596e-6,1.9254178059342654e-6,9.613336844908266e-7,-2.815917032019702e-6,6.4953809879925645e-6,-4.866273408613232e-6,-7.61976657519785e-6,-8.65854405736784e-6,-2.539375957648532e-6,-6.3262718093409515e-6,-1.4137847581540413e-6,-8.587791824307739e-6,-9.141574219739984e-6,-1.8474256711968587e-5,-1.729075225819817e-5,-1.7870707893722448e-5,-2.4083109324042687e-5,-2.4839232183846087e-5,-2.8676982934357562e-5,-2.9491237508024034e-5,-2.9977007971710417e-5,-1.9392002575409965e-5,-1.0923807867530063e-5,-6.902963798584163e-6,-9.979321089181265e-6,-5.407110559506248e-6,-1.304436689375879e-6,2.7377102218868225e-6,-1.0844190251713044e-7,9.80249256272139e-6,8.174202457621963e-6,4.010809074048004e-6,2.200948368521703e-6,2.8736848736162505e-6,-2.632382020300454e-7,7.653611961377481e-7,-2.6062827052492286e-6,-4.8040227302499325e-6,-1.4436238657963299e-6,1.325623647239203e-6,4.841003516747327e-6,5.809779338330768e-6,1.2152186561069412e-5,1.0983466035627444e-5,4.582307448936455e-6,1.1820265246982422e-5,1.52719624003275e-5,6.964552101294775e-6,3.0005087911599305e-6,6.792893877643115e-6,3.1989454221309706e-6,-2.962711725741391e-6,-4.413313943348551e-7,1.6682165016645884e-6,3.965731142978929e-6,1.6341049405347561e-6,1.5282638798327533e-8,-3.917711601617257e-6,-2.731984786223242e-6,-6.523281404568275e-6,-3.710977419174432e-6,-2.3497565597558236e-6,1.0305122349073398e-6,-2.1992513188052993e-6,-2.114241591447555e-6,-3.6604605372340685e-6,-2.9677923944078586e-6,-5.728158075282543e-7,-7.365039049259277e-6,-5.148909808945025e-6,-1.1743574653688897e-6,-4.0575395314952805e-6,-1.0425685525145657e-5,-8.895526203012038e-6,-3.6892266112438674e-6,2.619729994921821e-6,1.2487549794758083e-7,-1.5467919301820516e-5,-1.4648957370489381e-5,-1.4201978961916977e-5,-1.9318325533893082e-5,-6.916159170814307e-6,-8.069300526552932e-6,-1.0939097029404266e-5,-6.737741072380852e-6,-1.3676007540904381e-5,-1.5055862569796353e-5,-2.7667479204087254e-5,-2.9363556200201286e-5,-2.087116401281335e-5,-2.526345149515582e-5,-2.2277286881119673e-5,-1.3739197229220833e-5,-1.9868424435458554e-5,-1.482397441819989e-5,-1.0175602540904432e-5,-1.1663057904419175e-5,-3.897217758343554e-6,1.0962246853806603e-6,-2.659532308860081e-7,7.67096097622254e-7,-2.1576410678418215e-6,-7.061884670045684e-6,-5.166462438155702e-6,-5.9377036799587916e-6,-2.4270388434890135e-6,-1.1815153491924803e-6,-1.6183691078015063e-6,4.669169169499139e-6,9.537262811505815e-7,-1.1514544273572194e-5,-7.58356814990686e-6,-3.1764926918097862e-6,1.7642983639511607e-6,-9.482420589695289e-6,-1.2220562932507532e-5,-7.076019812764997e-6,-9.097599301024666e-7,-3.1064696484157304e-6,2.025014224350661e-7,9.009353116840413e-6,3.997829828720968e-6,1.211158713747673e-7,2.6902531330770855e-6,-3.198758972027216e-6,-7.11807560680761e-6,-4.236450406391077e-6,7.051924510963067e-6,1.0705344272854943e-5,6.290713761123683e-6,3.1733348370532667e-6,1.1764905305736532e-5,7.86386852300282e-6,9.13658621212463e-6,1.3982527025335195e-5,1.5544594886745484e-5,2.7696498353946408e-5,2.568816085153018e-5,1.5436238018538333e-5,4.2514678290246384e-6,8.261649708393813e-6,1.203587578890455e-5,1.1446998525378186e-5,1.1986229482012315e-5,1.5229628602034973e-5,1.273229436805418e-5,-9.78447935717051e-6,-1.0447774791106415e-5,-3.300440041694409e-6,-8.243923691486597e-6,-7.725500149200389e-6,-1.4367147615438716e-6,-7.4625816722537015e-6,-7.4626139727657404e-6,-8.40891479629805e-6,-4.80678758303179e-6,-1.6100991384418584e-5,-1.2239938880336528e-5,-1.199225100225149e-5,-1.376167848832608e-5,-2.0475982991607874e-5,-1.4268135159206435e-5,-1.1248369579708142e-5,-1.180972047977021e-5,-9.897690085394407e-6,-5.202667805941054e-6,-1.4670891728070206e-5,-1.2448026547124984e-5,-1.303309119321561e-5,-8.872448989301508e-7,-1.3836798965411995e-6,-1.8865027865483873e-6,2.943583772753113e-6,-7.829348150678622e-7,5.2499481767581984e-6,4.759919928857235e-6,6.647921866018773e-6,9.81904359706804e-7,2.5610386828206594e-6,-9.477268001508362e-7,8.890315763847173e-6,1.0406782703108106e-5,6.996400489283513e-6,-4.451812038986947e-6,-2.4814058972911906e-6,3.267993596924921e-6,8.517148572609307e-6,1.183166539889909e-5,1.0580168198796297e-5,1.0953033958909439e-5,1.2690228979616224e-5,3.1216279396470787e-6,-2.580817987327771e-6,5.690313063357304e-6,7.9775367212214e-6,2.646766286500677e-6,6.66819288866927e-6,3.75535848946769e-6,6.344382141552429e-7,7.90106954418311e-6,5.178865076683289e-6,-3.7408299505407203e-6,-5.317860202447179e-7,1.053405210322956e-5,2.520847954719674e-7,-1.9258551637480094e-6,8.213029414491551e-6,-1.05301342331226e-6,2.356453678523556e-6,9.778999948030827e-7,5.063640137503471e-7,6.129237509600971e-6,9.601006958115983e-6,6.152702039996759e-6,9.640786703764027e-7,-2.970317120267221e-6,2.564642054218949e-7,2.1587987844747076e-6,9.505634029254836e-6,7.007051446007105e-6,-1.2773125228400978e-6,-8.820848132613362e-6,-7.181048093237342e-6,-1.452711957788852e-5,-1.67502734818452e-5,-1.2850583619180312e-5,-7.693937390278019e-6,7.596905178563234e-7,-2.13464061815831e-6,-7.169819517338038e-6,-1.6327809710980744e-5,-1.0184939241227284e-5,-5.722202647687417e-6,-5.4570997564333024e-6,-4.799104816873075e-6,-7.258167323726094e-7,4.682290760797746e-6,4.072141635099372e-6,1.1001077540851146e-5,1.610009030858833e-5,1.1083153485990584e-5,5.6695414340767105e-6,5.835856502497584e-6,-7.169325715345443e-7,4.702860733141029e-6,-7.82235032243345e-6,-1.5962035875194587e-5,-1.0966658743105076e-5,-8.22676036187236e-6,-7.180925297875449e-6,-6.739818176224349e-6,-3.2919633933087957e-6,-1.7641565813553078e-6,-3.962511220586659e-6,-1.548450392682243e-6,2.6669095161838765e-7,-5.2854111134425555e-6,-1.0447450903393828e-5,-2.5897329763083816e-5,-1.337683425524804e-5,-1.5764404236621573e-5,-2.3258922716980503e-5,-9.17382248600141e-6,8.485358711405251e-6,1.6505074610312376e-5,1.6965606143994668e-5,1.3407246349346347e-5,2.2314885171966114e-5,1.810183895684332e-5,3.5196662457706448e-6,1.1886136749578859e-5,6.809698914531674e-6,1.2363543133151369e-5,1.6827272459791927e-5,7.074030756399726e-6,5.416792985869492e-6,9.503818607827307e-6,9.61947252693706e-6,1.835356540302267e-5,1.0420127516132677e-5,4.909373938542496e-6,1.3935336790254596e-5,2.2795797501040573e-5,1.800221056040358e-5,1.8162414975246585e-5,1.5755476175648148e-5,-2.1674926963649054e-6,-1.2021076816340543e-6,-7.094931556841845e-6,4.342000664640685e-6,-9.702179427237906e-8,1.1574309673923645e-5,-8.877632572449218e-6,-2.482271717052222e-7,6.752808813799412e-6,1.1896596038364192e-5,-9.209093995277688e-7,-8.121634822591466e-6,7.062138281263732e-6,-1.2143915458738141e-6,1.3972200466840825e-6,1.7449919297313186e-6,3.218831761790774e-6,-1.678448521645838e-6,9.528934621213776e-7,-8.770240205564182e-6,-9.530969851509358e-6,-6.461814665113514e-6,1.368516217726155e-6,5.962797557076559e-6,8.602648916705818e-6,-7.5892851604997646e-6,-1.6517139131887155e-5,-1.2071533000490883e-5,-1.873262066504202e-5,-2.209306109058987e-5,-1.5857231053496357e-5,-5.794028034886782e-6,1.5232157687906427e-6,3.895745326782059e-6,-5.419709739081384e-6,-1.6187358916604235e-6,-9.273490607511721e-6,-1.3408492842955388e-5,4.408864741372419e-7,-8.419222160185102e-6,-1.102074675762157e-5,-5.800186293994937e-6,-1.0152790971626336e-6,7.618804400244874e-6,5.4269626257819615e-6,8.567743518686387e-6,9.479092061624168e-6,1.3372320983732707e-6,5.36669440147369e-6,9.825325382045353e-6,1.1592427102875916e-5,-2.845413976620881e-7,-4.327128316946618e-6,-1.3845930599801187e-5,2.9021740809974943e-6,4.519010166401211e-6,7.727695459028049e-6,1.2227200610200267e-5,1.4035969173819481e-5,1.4456151741755329e-5,2.2646832886127542e-5,2.4826892704234704e-5,3.920222548160397e-6,-6.72922125536363e-6,-9.179162487610682e-6,-4.224973042335086e-6,-7.207666282607616e-6,-5.6541741953303425e-6,-5.710977010559132e-6,4.538481951513029e-6,3.0005975363594326e-6,7.604591326406612e-6,9.131270060168907e-6,1.0485573354003982e-5,8.686984418707837e-6,1.1877470037364892e-6,2.1090618148545705e-7,4.941823037466786e-6,6.764226665112028e-6,1.8813458795954842e-5,1.5424989337770802e-5,1.4648537063902661e-5,1.6123805988847208e-5,1.7227865229504894e-5,1.5598521434616597e-5,7.422491144187736e-6,9.145003557776322e-6,1.8384936970044903e-6,4.205453323854933e-6,7.878840792244599e-6,5.164823503237037e-6,8.769394624266126e-6,1.937334732034266e-6,2.7326490006856018e-6,-1.0563301328353689e-6,1.5242500312101364e-6,2.9530456106695893e-6,7.193211896456371e-6,-3.4664584637690724e-6,1.4532972632447775e-6,8.25556629473041e-6,-2.2497700518053622e-6,1.1141870066677639e-6,-4.952797352214666e-6,-2.70749693004748e-6,-7.464359157217669e-6,-1.480683113707551e-5,-1.056376803737133e-5,-1.0235395128834994e-5,-2.0966365735927914e-5,-1.9392749448358404e-5,-1.183203715820264e-5,-9.482511613605804e-8,2.4491415895056243e-7
0.0003815325162459021,0.00020257953701965678,0.000126137274039935,8.056299313290779e-5,4.3969962132361255e-5,3.294779178528491e-5,1.9607092519079926e-5,1.540954356777727e-5,1.1767941589010772e-5,1.1961230718963534e-5,7.059229662065492e-6,-4.701645957478605e-6,-7.948788213226705e-6,-7.940764602887506e-7,8.85364229347252e-6,1.1767710613179981e-5,1.650444258881849e-5,2.4476196856396924e-5,1.9570150451183576e-5,1.5647581449856586e-5,2.2012350816563396e-5,2.672504168516458e-5,3.423961664930028e-5,3.409927149184394e-5,2.6996001099414427e-5,1.704267876214649e-5,4.217000930846927e-6,-8.128567342280116e-7,-7.1679683609493505e-6,-1.0676578457934673e-5,-1.7813797967342098e-6,-2.9846864106700175e-6,-1.437600593734021e-6,-5.607762323748364e-6,-1.2695959358204243e-5,-8.273160493227996e-6,5.359181528683193e-6,1.0163473624620777e-5,9.282064632339215e-6,7.1128675348677085e-6,8.419658791483553e-6,4.284397530610663e-6,-6.955839833474151e-6,-1.2179749355864854e-5,1.0698938467883783e-6,1.563305480510445e-5,1.9795405407978027e-5,1.96081642670226e-5,1.350501255726465e-5,3.870956649724603e-6,5.586405057900534e-7,-9.084727262335523e-6,-1.0171253312731944e-5,-1.6971488380353774e-5,-1.1177075161129883e-5,-9.579838766163347e-6,-1.762578843870835e-5,-6.876163487055826e-6,-1.240630039591652e-5,-7.660996031109891e-6,-1.4746460608223712e-6,8.071640913864972e-6,9.87520518976224e-6,9.391454200157664e-6,1.1016537062931409e-5,9.016729573895719e-6,8.032629196597473e-6,-4.340836164984567e-7,6.46197612566636e-6,1.3538927696512352e-5,1.390979684580184e-5,1.1570142217172234e-5,9.612603446464983e-6,4.766399761875398e-6,2.014523996847004e-6,6.077264691877583e-6,2.1383961441617606e-6,1.0171472944713675e-5,1.38976361718597e-5,1.4027762255057374e-5,1.6902387191138897e-5,2.1481874023469945e-5,2.547935503433831e-5,2.3823210799810037e-5,2.6540167659048076e-5,1.938869822712335e-5,1.3723570637336619e-5,1.4392543009723045e-5,3.87431166804349e-6,3.3729080182021686e-6,-8.452687659233605e-7,2.79527759046432e-6,8.149206032277727e-7,4.921792937622486e-6,6.4750214916058225e-6,7.0020373443982164e-6,4.036312779211311e-6,-6.842257113034834e-6,-1.6775317825538695e-5,-1.6988844293420998e-5,-1.701406488489218e-5,-1.3244143571098456e-5,-9.214082880094831e-6,-1.0452842397666874e-5,-8.752336310900617e-8,4.451636486017577e-6,2.2708618206365086e-6,8.301181010413644e-6,3.4731733438053865e-6,6.072969462878884e-6,3.263770496008599e-7,4.156312673850521e-7,-1.1509507789336496e-5,-1.4984422161566305e-5,-1.737943105578199e-5,-1.9215702943207296e-5,-1.273498690062859e-5,-9.821372002403948e-6,-9.394601605172898e-6,-1.1534746609460562e-5,-1.3209298797933493e-5,-2.199230015709057e-5,-1.6661020976604922e-5,-4.230092103225972e-6,-1.3389391719629312e-5,-3.249709012612175e-6,-5.827934761339753e-6,-5.027616517454225e-6,-3.031413764161802e-6,8.756934297743376e-6,1.9935121316283352e-5,2.1785812831788214e-5,6.55021201433163e-6,1.2344848447065072e-5,3.053722224051568e-6,-8.353416122258493e-6,-8.297686790196518e-6,-1.6760834880311154e-5,-1.3742308768709688e-5,-8.305167832691217e-6,-1.023626008414701e-5,-6.194245456898384e-6,-1.5356770771185446e-5,-1.1054017929172818e-5,-7.986608320951539e-6,-5.063116560890931e-6,-9.645922178246817e-6,-9.49325929215155e-6,-1.3896541058188305e-7,-1.078939376516549e-5,-6.202556151061144e-6,-1.8095829813824769e-6,-3.1748118982927543e-6,4.755039399417064e-6,3.058417307938917e-6,6.942989526020879e-6,1.1404263077370546e-5,2.842976645878025e-6,4.943008678964888e-6,2.6847351335778325e-6,-8.563496395415772e-6,-1.4741263880819509e-5,-1.3591784379297554e-5,-2.143762696038609e-5,-2.3666900408915864e-5,-2.33751461692195e-5,-2.2809523703663726e-5,-1.0008712198414546e-5,-7.824998138972475e-6,-6.454820995893599e-7,-1.5048895667597592e-6,1.7737587149411642e-6,-7.822933542003072e-6,-1.4460987122860811e-5,-1.025644837771495e-5,-4.065945038121352e-6,-2.268573266953841e-6,3.921565192445638e-6,-1.775581543353004e-6,-8.65016849108092e-6,-6.833561013693945e-6,-1.4402354960317741e-5,-1.7574585899723887e-5,-1.5577542812436672e-5,-8.795499623151282e-6,-1.0705605608387316e-5,-1.3614069271576348e-5,-1.4043191985472346e-5,-1.3075593721861613e-5,-1.779106900621445e-5,-1.6349750057071837e-5,-6.794464559543932e-6,-1.1431699532642844e-5,-8.16834319220285e-6,-1.1849144943240793e-5,-1.736947089062575e-5,-2.5944694447667944e-5,-2.3352655036370715e-5,-1.5563976453883075e-5,-1.5820524586186123e-5,-1.1999559063422604e-5,-1.5474343692526632e-5,-2.6442976230877588e-5,-2.609990412867173e-5,-3.0775233840971986e-5,-3.009459399208532e-5,-1.605579849309683e-5,-6.6610358784598035e-6,4.202036303505207e-6,2.945136229484619e-6,3.2839654126081743e-7,5.230347158609104e-6,1.1651608637213886e-5,1.7310745816826038e-5,3.704962368358148e-6,-6.241582133016557e-6,-5.802847986669418e-6,-8.441362760522844e-6,-8.106113733151e-6,-1.2533602179531884e-5,-3.984595914745333e-6,5.497026552515802e-6,1.020785944031472e-5,1.2378885014158038e-6,3.042538036440729e-6,-4.8514437587574825e-6,-1.4467789181425091e-5,-1.3728405723104655e-5,-1.4762089747278203e-5,-7.07243776850155e-6,-3.097714280634587e-6,2.1837001878815164e-6,7.63514311418501e-6,9.459856316327841e-6,9.749660626813791e-6,6.656437446411814e-6,5.502772816737527e-6,5.628316342476076e-6,-7.809978881573516e-6,-1.3290103183004255e-5,-1.1243852264861144e-5,-1.6136685396950176e-5,-1.0863604244477554e-5,-3.1045233703195812e-6,-4.119952393860789e-6,-9.037634467478835e-7,-1.2001511515223038e-7,-7.68951548803795e-6,-1.0976172076991734e-5,-8.67675207437663e-6,-1.1096835780098045e-5,-1.4064191538336288e-5,-1.3535322793143048e-5,-8.5437022934971e-6,-8.178455047941367e-6,-5.203839558238703e-7,5.0013365587875845e-6,7.90682987852363e-6,2.1364441982549868e-5,2.2590724912964683e-5,1.8808744082173287e-5,7.314079313851265e-6,-3.671934314894033e-6,-5.631095431458878e-6,-1.179839286241934e-5,-2.3111435507024435e-5,-1.275073680772832e-5,-1.963766344165693e-6,-5.553190466234683e-6,-5.60695137481965e-6,-2.6939719503602444e-6,-1.6591612207644687e-5,-1.8063041505334905e-5,-2.124846082058835e-5,-1.3872699203319504e-5,-1.3624757240772804e-5,-1.5982992906130918e-5,-1.417506914915127e-5,-3.90929188733225e-6,-4.331373977028064e-6,-8.883626545382285e-6,-5.834388617958493e-6,-1.243551365892182e-5,-2.1554425058542062e-5,-1.825812712438367e-5,-1.593814805976686e-5,-2.272169892308685e-5,-1.53003621229683e-5,-1.5028698224560874e-5,-8.170852336376137e-6,2.5138789422825073e-6,-9.230659334254031e-7,2.3599097048256607e-6,-6.088213960317922e-7,-6.020442092482477e-6,-1.1953010898960898e-5,-1.3701606093469167e-5,-2.6247970732603737e-5,-2.040027268463671e-5,-2.007129841164499e-5,-1.5163044517166126e-5,-1.7416097317568203e-5,-1.137310870039975e-5,-1.0435730297311698e-6,1.3687598235513624e-5,1.1558567815920205e-5,1.6393523404600555e-5,1.1722502185161142e-5,1.3576462762603506e-5,-8.37765103845948e-7,2.309073545164572e-6,1.1847869962167082e-6,9.663286100247055e-6,3.0956488803893733e-6,7.722707501165355e-6,3.99779934046361e-6,6.561307997944301e-6,1.1504235436428918e-5,-4.5177004370745674e-6,-2.6263273981793895e-6,5.432185627950943e-6,8.631962557028686e-6,8.311545091587887e-6,3.2319851190835573e-6,3.3881951052153e-6,7.3070056555952765e-6,5.651562889113182e-6,1.1864683504004331e-5,1.5395013149334104e-5,2.0622120217961325e-5,1.3794654415243624e-5,2.0238310479798082e-5,6.207421903806072e-6,2.0484246714863993e-6,-4.789621237959216e-9,-1.3985969913073678e-5,-1.121858863107524e-5,-1.4202238926742962e-5,-5.227568210455483e-6,4.124671811390323e-6,5.48802263536341e-6,1.0752276785604449e-5,1.3378337347816427e-5,1.1943769599957552e-5,9.36897738764249e-6,4.852675392636109e-6,1.1484908328198528e-6,1.2913461984730604e-6,-6.34248535179645e-8,3.507620351781317e-6,7.62992187429894e-6,1.9128590862049467e-5,1.2050446161730043e-5,1.6272635501310747e-5,1.9473999538049336e-6,-5.16040944622077e-7,3.7277531398520724e-6,3.941813054374314e-6,5.409877075078384e-6,6.109506517155786e-7,-6.367984070267992e-6,-5.102862358760775e-6,-8.02767798626664e-6,-1.4351010770805118e-5,-1.6507470602034836e-5,-7.671628741541522e-6,-6.713932013902357e-6,-5.950962412043246e-6,-3.8912345973635865e-6,-6.5950307915683565e-6,-1.0137986672749234e-5,-5.911077208693719e-6,-1.0136723523353806e-5,-1.2370285083291424e-5,-1.2470306921907264e-5,-1.1346384142596672e-5,-4.325682472182478e-6,-5.58990117305693e-6,-8.398811579111513e-6,-1.0587115592890281e-5,-1.934251885876872e-5,-1.5214186684565122e-5,-1.922227222635156e-5,-2.2923869178687697e-5,-1.9616567879366906e-5,-1.3750345604237588e-5,-8.881532833422468e-6,-1.2231887972320035e-5,-4.244652631183894e-6,3.4798347645094933e-6,4.799097982313546e-6,1.3359861876407642e-5,8.786381442962872e-6,7.352896685707533e-6,2.7199822962337497e-6,-3.5031049861390333e-6,-3.591866670820024e-6,-8.488949103922659e-6,-6.804863629088351e-6,4.441196096181215e-6,1.497246125900192e-5,1.1394780975234506e-5,6.040892592451093e-6,2.823900833118521e-6,1.4226802148836804e-6,-9.310755032956703e-7,1.9671761219994367e-6,-2.8704671381359893e-6,-1.8024581890378894e-6,-5.0716169285946555e-6,-2.1085940930862628e-6,3.1829012790792646e-6,6.335613606482023e-6,6.351688882644597e-6,9.27739929744663e-6,1.4162008104237012e-5,1.3913859063594919e-5,8.688778427739918e-6,8.796671568270022e-6,8.395533247656855e-6,7.277946814440018e-6,1.329473133734768e-5,1.2319972543223223e-5,1.498186062239436e-5,2.0149750031568644e-6,1.1551436456908824e-6,3.72476980126166e-6,7.809713260671337e-7,1.51541679968066e-7,2.971160923695338e-6,7.2204438018467e-7,5.216609113889196e-6,-5.059163726975087e-6,2.770445048482658e-6,-1.3065532330553451e-6,2.884392992316702e-6,-4.995589357197858e-6,3.310184747901263e-7,4.302557668505732e-6,-1.8218624746841791e-6,-5.92835441493344e-6,-5.614971890035023e-6,5.458740738478635e-7,7.0310377171058194e-6,6.606606713706443e-6,1.9846719331841928e-6,-3.2832639891137863e-6,-5.263753674845508e-6,-7.434600483752604e-6,-9.155940117724985e-6,-8.201686070737219e-6,-1.7742951276347708e-8,1.7496405394282636e-6,-4.765809443797679e-6,-1.0403911432069926e-5,-1.881781019301157e-5,-1.2492810785040648e-5,-1.063642738393606e-5,1.5660373487951556e-6,2.8913588402950078e-6,-2.241661541841234e-6,8.073247864897675e-6,1.0840530954466054e-5,6.38948783137488e-6,8.71478873566451e-6,1.2271633214579908e-5,1.4390730674033493e-5,6.4799521209177735e-6,3.5931514295813145e-6,4.15895146257727e-6,2.029129662799317e-6,7.726852167981322e-6,1.0730631336408396e-5,1.3643794728602044e-5,1.304983095752869e-5,4.994589242794154e-6,1.3261565013362712e-6,-7.380660650165965e-7,9.865417340467479e-6,1.2249932521986629e-5,1.6210247189920746e-5,1.548122788047629e-5,1.9076980492832733e-5,1.7424814610105277e-5,1.0557555615968733e-5,9.255457848971118e-6,7.348493340818736e-6,1.4930891158619723e-5,1.8363790502008687e-5,1.934892870478941e-5,2.235119393313017e-5,2.4562690025194457e-5,2.2943462871663894e-5,3.0567002311781022e-6,-4.326481536083553e-6,-4.712711825383863e-6,1.087875890977014e-5,9.041855456335496e-6,6.358471776312669e-6,4.2641952556014425e-6,2.1228655478394047e-6
0.0003872507238618823,0.00019531479921270202,0.00011747085746374904,7.442629202940922e-5,5.824668293130905e-5,3.538324995960284e-5,2.509275223615379e-5,2.1774685933306095e-5,1.6987210841281597e-5,2.0565955197003983e-5,1.987098466396442e-5,1.8740196251236887e-5,2.5276191355466042e-5,1.471021023985216e-5,1.564654855850166e-5,1.0211919960154433e-5,1.141407115221059e-5,7.81543255071996e-6,5.753431884141465e-6,5.628283280283562e-6,5.274751935234954e-6,-3.953376525234826e-6,-3.033406755296081e-7,-5.425829680125085e-6,2.418848486753703e-6,-6.610900424967266e-6,-4.549287658975844e-6,-2.1618932528795362e-6,3.017302044472175e-6,2.4122521000550945e-6,-8.829177994733107e-6,-1.3915631314800417e-6,4.777909228870188e-7,1.8458620188885192e-6,6.21376950172032e-6,6.012943586757831e-6,7.584585828366744e-6,-4.8127979891358075e-6,-1.1733424300721281e-5,-1.722758673638232e-5,-2.5931740841504228e-5,-2.3841626906576467e-5,-1.8900920962721627e-5,-5.358110706308983e-6,-3.662551017703245e-6,-8.343896950667593e-6,-1.354394292068977e-5,-1.6011227832479008e-5,-1.261194939501231e-5,-1.4327462861396665e-5,-1.9591764632936472e-5,-1.692331369525515e-5,-6.4301637836285225e-6,-1.3747510473780255e-5,-1.541100981351517e-5,-2.4255541658974286e-5,-1.603888475185198e-5,-8.521288930832918e-6,-1.325606602933427e-5,-1.096383873654352e-5,-7.433557198576033e-6,-3.660084952865363e-6,3.0753175496131287e-6,4.7914041411074166e-6,2.8993044843439217e-6,-1.859269458862548e-7,-6.522079891980061e-6,-8.673096238647934e-6,-1.4744941360840502e-5,-2.144439330419265e-5,-2.0235946997210462e-5,-1.9980605385859683e-5,-1.9268335886613156e-5,-2.2736699879538053e-5,-9.507149824623674e-6,-5.5992390941199105e-6,-1.0073571015666398e-5,-1.153245921488323e-5,-1.1236058365326925e-5,-2.9470982150540277e-6,-4.636948999942652e-6,-6.71419714290873e-6,-1.6094279507107862e-6,-3.698588267837855e-6,-5.0353647388280305e-6,-1.4397225110748508e-5,-8.119256776075408e-6,-3.5451190757416904e-6,1.1442235013525133e-6,-1.588579142791722e-7,8.328829537741443e-6,-4.4601482102464985e-6,-1.2081664639521247e-6,-1.5283859750544338e-6,-5.220092462708973e-6,-5.689081465279412e-6,-4.224894700520027e-6,-9.08674700545518e-6,-7.833928811895459e-6,4.044262708543819e-6,6.596566679526733e-6,7.671404677802691e-6,-5.819831568785782e-6,-1.559399544147102e-5,-1.2254089544616271e-5,-5.232252561881421e-6,-1.7584082747377387e-6,9.356806419298449e-6,1.0942772986496622e-5,7.627578684300637e-6,3.7451479306298193e-6,-6.764413839036529e-6,-1.0572779101954272e-5,-9.768384689145371e-6,-1.5617280840024198e-6,4.9464372496732376e-6,6.641990255857932e-6,9.39278580284955e-6,1.6811056554560384e-5,1.2426539754303303e-5,8.988238773229186e-6,1.584199100183449e-5,2.1181332944691686e-5,1.952390959838239e-5,1.7067433143403548e-5,2.3051908478516878e-5,2.0264623096055093e-5,1.5897188367364608e-5,9.52120152970192e-6,-1.6933598318285073e-6,-4.071995374033035e-6,1.0047222136723626e-6,6.681150899230926e-6,1.0488602993082285e-5,4.0146452035915435e-6,7.374396752367064e-6,7.420506012414902e-6,1.0889836784983776e-5,1.4454511286314743e-5,1.599784149135614e-5,1.8280000257474117e-5,1.3360109519287503e-5,1.6833818279306252e-5,1.790202133772467e-5,1.3588076678076992e-5,1.6240454153396944e-7,-1.0037216766247681e-5,-1.4440674478182887e-5,-1.9079352854290364e-5,-1.951922087265256e-7,2.5161081816801267e-6,8.061945359678386e-7,-1.6176409879632547e-6,-5.520318249229719e-7,5.003783827196596e-6,-3.853690962556629e-6,-1.1257459696891617e-5,-1.5132694189095242e-5,-2.304253444773746e-5,-2.051125559669023e-5,-1.967855115819054e-5,-6.270059324139704e-6,-1.5357044418727006e-5,-1.770355172010617e-5,-1.5677921947090217e-5,-1.8001024211583357e-5,-1.1635932662799038e-5,-3.8647536532169736e-6,-1.353599438332319e-5,-9.060421730427535e-6,-1.749147374473363e-7,2.8495989122407806e-6,1.3194285965888181e-6,-6.97555495372365e-7,-8.201184854159732e-6,-6.221263643095415e-6,-2.9156862546498896e-6,-9.163503424391372e-6,-8.11250781677839e-6,-1.9885715464113038e-6,-5.650142107720367e-6,-1.622132282541493e-6,1.3230905343414104e-5,1.5978909005315584e-5,4.312309406750396e-6,7.006649480541507e-6,6.694471279098553e-6,1.5040371575690286e-5,7.672051582015391e-6,1.8425595514741602e-6,-6.088703343579644e-6,-1.6451131274887562e-5,-1.605997815025771e-5,-1.390165574124078e-5,-9.529683363623687e-6,-6.534834977387452e-6,-1.6088791773499177e-5,-2.3374636913472778e-6,3.839600480971001e-6,2.6445846203894926e-6,8.983547610960148e-6,8.86798061145413e-6,8.495271401879948e-6,1.2217612711595095e-5,1.2360761257921031e-5,1.7596268738526758e-5,1.6328936317449806e-5,1.4272708222497144e-5,7.257949192659478e-6,-3.821143963681693e-6,-6.964316728454011e-6,-1.0403105813953869e-5,-1.80429028855681e-5,-1.7104758272696394e-5,-9.469730536130445e-6,-1.0501739917428178e-5,-2.21260752491335e-6,2.773956596335023e-6,2.5899379590491424e-6,-6.801263192507859e-6,-8.571200232750578e-6,-1.9630004820837997e-5,-1.847448864829582e-5,-1.6311143417408446e-5,-8.444904232503961e-6,-9.566080151522888e-6,8.095508656548796e-7,-4.88065924378813e-6,-3.364958952026691e-6,-3.3444013699640386e-6,-2.0803104658267655e-6,-4.90754001956729e-7,5.380435289333129e-6,6.363826200880398e-6,1.439814075452304e-5,6.590684655664917e-6,5.7390967531757e-6,4.881535064636803e-6,3.345988940542394e-6,1.285336020747836e-5,1.76094999622306e-5,1.8350952615506716e-5,9.15654951098935e-6,2.2526951751101506e-7,-6.806340896156199e-6,-9.228417571506026e-6,-5.7613149708730895e-6,-9.896313269978194e-6,-1.622372078342915e-5,-4.867985461965461e-6,-4.720323698988348e-6,1.8083675051137238e-6,1.130183053167459e-5,7.845086729150497e-6,5.0574824645391655e-6,-4.914829959065436e-7,2.522340413126771e-6,1.0513330961413576e-5,4.274762514661218e-6,1.20547956484288e-5,1.0989417964659488e-5,1.3426721645887781e-5,8.829849429079561e-6,1.3144344112950941e-5,8.586420478622798e-6,8.536338123929726e-6,1.0529618071098186e-5,2.9410131515362327e-6,9.374368380903554e-6,1.7568200506869387e-5,1.8282920805825417e-5,1.971341420624554e-5,1.2297676047051986e-5,3.965165150568648e-6,-5.143701660085841e-6,-1.2040645341326838e-5,-3.880282763589478e-6,-7.3041248221542664e-6,-5.941385923965678e-6,-1.341125215352818e-5,-1.7698181817885636e-5,-1.5475463769253391e-6,3.6456769450497786e-6,6.2695929092220765e-6,-9.766029086302795e-6,-3.5695431735170324e-6,-2.294062437267878e-6,-3.638010751999267e-6,-3.4328804235594653e-6,1.6518554472656203e-6,3.2071020691930595e-6,-8.114611111460776e-7,-1.15809516037189e-6,1.0405964525183263e-5,1.2261599617310534e-5,7.034261849865982e-6,6.510761102586348e-6,3.818499940282034e-6,1.0438146525745192e-6,-1.8537652640442218e-6,-4.624317792727634e-6,-7.410265721669977e-6,-5.278271357229539e-6,-3.4876605268407618e-6,8.781023209066624e-6,2.0627375190923872e-5,2.1533569272688476e-5,1.8563354697826776e-5,1.9462362991942125e-5,1.4685254850836543e-5,1.7138590686922244e-5,-3.409794549168898e-8,-8.55739325565978e-6,-6.880720942123652e-6,-2.583260170510262e-6,-7.872905233866487e-9,-5.963688883916238e-6,7.210757592867775e-7,-6.16094551552371e-6,-9.30803932611401e-6,-6.997828573628102e-6,-6.394083252375015e-6,-2.902004219470941e-6,1.5831976400744712e-5,2.5111397409875364e-5,1.809319104650028e-5,1.82120162753096e-5,9.24545016561274e-6,6.794113147009528e-6,-5.857418086725441e-6,4.469758610106591e-6,6.9244970718411e-6,-5.226071892679617e-6,-2.6378125247024064e-6,-2.832766795276402e-6,-9.693295092779748e-6,-4.17212904954429e-6,-1.705180743239599e-6,-3.1766038098172216e-6,-1.0855228401399566e-5,-1.2533635067479744e-5,-1.401575214907523e-5,-1.3727862216315425e-5,-1.4977837118606433e-5,-1.753748665102883e-5,-2.791691943665679e-5,-2.538287210527256e-5,-1.661266802992201e-5,-2.3449065226791514e-6,-8.36554603694196e-7,-7.102434121985309e-6,-5.442096271135654e-6,-9.23752435737288e-7,8.872295020201152e-6,8.432399348657214e-6,3.101524359289118e-6,1.045109429838297e-6,-4.995404799370147e-6,-8.953261394546278e-6,1.107838673435929e-6,1.3676181499780021e-5,1.0098298061671772e-5,1.2678388402440365e-5,4.5047009550190765e-6,-7.47077833277521e-6,-4.99487945141054e-6,-9.039981991892327e-6,1.137572390416211e-6,-1.5680060900059603e-6,1.044823232496044e-5,1.5905468913015128e-5,1.5243074038375047e-5,1.8068625695640977e-5,9.531450637916305e-6,8.275701195080274e-7,-3.2352974366829895e-6,4.542989190356114e-6,1.6071618706676674e-5,-3.4377363419653462e-6,-1.1663918090325096e-5,-1.5015155797319071e-5,-8.329409427044191e-6,-9.984137628792092e-6,-1.7645946924095485e-5,-1.7470432505125207e-5,-9.819930029979499e-6,-1.5062063654487517e-6,3.445518447401591e-6,-6.442064511762805e-7,-3.27158374083838e-6,-1.0811943348518621e-5,-1.7225122574145795e-5,-1.8092537117016038e-5,-2.2631381334887587e-5,-3.438994290865397e-5,-2.1227550484223352e-5,-1.0602164091013478e-5,-1.6775505438842545e-5,-1.0838362990292169e-5,-6.427145996624553e-6,-7.326458407967745e-6,-2.502933926226633e-6,-5.487931719491078e-6,-1.5856196710689036e-6,3.265447653268123e-6,1.4973891358853001e-6,-6.034322525383058e-6,-1.3406228063129698e-5,-2.2915016365714888e-5,-2.56010894528506e-5,-2.489456622834708e-5,-1.4822010344594277e-5,-2.165748157298951e-5,-5.905846863917684e-6,9.025061206377818e-7,3.293885589445097e-6,3.8074124187667475e-6,-5.73646340891394e-6,-6.706222690160617e-6,-8.555538089465797e-6,-6.192294553229643e-6,-8.73252275705697e-6,-7.145696658909788e-6,-1.82875287564011e-6,9.461193619132031e-7,-1.9187851405622245e-6,-6.709948061296073e-6,-6.928693925574516e-6,-1.2877814912661692e-6,4.020455978792607e-6,4.976982241903667e-6,1.4025585940063959e-5,1.493646018422441e-5,2.4392533669524668e-5,1.429807461248888e-5,1.5863146221471106e-5,8.276297568285535e-6,1.9953709751152882e-6,4.982241120836569e-6,5.955314370280891e-6,-9.060404329415494e-7,-5.94410245439889e-6,7.639773931563341e-6,1.9359563078703596e-6,5.235401129250924e-6,2.9137002704369063e-7,-1.5559049904131777e-6,-2.3301556026114152e-7,2.520912321782543e-6,4.7359922934498956e-6,3.392881109323243e-6,-5.174726147559942e-6,-6.753442253301884e-7,-8.961553143536284e-6,-2.2079084779338382e-5,-2.5521812353083824e-5,-2.283183538045525e-5,-1.586873528762213e-5,-3.6908415432079977e-6,-3.1464268025822006e-6,2.318203933483129e-6,1.949174069097832e-6,-1.027522184351861e-6,-1.1944475860736e-7,9.135879565439721e-6,4.338319164334797e-6,-3.413691820456583e-6,-1.2013394794864342e-5,-8.586301119776507e-6,4.298248624427095e-6,5.493988547795767e-6,3.7099661179772137e-6,-1.9577996691667957e-6,-3.353701026449652e-6,-1.4894766414076473e-5,-8.784460293305157e-6,-2.243761154247037e-6,3.053231730260176e-6,3.1870989757917307e-6,-2.5880796417229693e-6,-1.2609313166562026e-7,-4.164699149075331e-6,-3.128800985478686e-6,-1.0438684339461054e-5,-1.16114070630845e-5,-4.719237851051532e-6,-4.11510740978276e-6,-1.069054638292459e-6,-7.380069706423863e-6,-8.08238453719624e-6,-8.199155531658823e-6,-5.996520754021736e-7,7.671609554740118e-6,1.3063481024121968e-5,5.039214350582489e-6,1.1544456096689178e-5,1.2883333592267622e-5,1.205427101125898e-5,9.644691047041325e-6,-4.576669932298508e-6,-5.412194402247283e-6
0.00041000859914520487,0.00022879665768818912,0.0001408890348630901,9.879948997242159e-5,6.585727823511637e-5,6.190129093539862e-5,5.5490999311179534e-5,5.270528828367234e-5,3.455954414722214e-5,3.2207495912162136e-5,2.8222590133755524e-5,2.7085259721393395e-5,3.1007275806733046e-5,3.370069990381074e-5,4.60427436757579e-5,4.48358564349664e-5,4.2009319603797675e-5,3.317361907036278e-5,2.295622625799757e-5,1.833497031846205e-5,1.5385249372730723e-5,1.2933131635928421e-5,9.469794892366726e-6,8.766673449956897e-6,1.0618620903760556e-5,1.103022305027268e-5,1.913658302097509e-5,2.4633486345005324e-5,2.4409276869349112e-5,1.9724258973915666e-5,1.2958034682612012e-5,1.1436594561638825e-5,4.256397873050904e-6,3.8416939193295895e-6,4.232319065794617e-6,7.154321496930325e-7,5.104699950751088e-6,8.465820682841688e-6,5.461685753296783e-6,6.582336603809266e-6,7.035410528966909e-6,9.356954527571504e-6,1.0799931992088088e-5,1.590051057805807e-5,1.818297426360984e-5,2.094871586432676e-5,9.264884221896453e-6,1.3283408620169227e-5,1.60301966454322e-5,1.6254523614756545e-5,1.7773468993463996e-5,1.4562505385089777e-5,4.455197249540052e-6,4.793604410204947e-6,5.7805712419166205e-6,-7.178134940367818e-6,-7.2013451829269986e-6,-1.4315272964586516e-5,-1.8904554969737575e-5,-1.7375213807910977e-5,-1.297421561189619e-5,-1.866517364959339e-6,-4.606096480896539e-6,-4.314100819566556e-6,6.756661929163574e-6,5.912222337277203e-6,3.4170810661841e-6,9.15211807084254e-7,1.293919916283102e-6,3.1444226901262493e-6,5.696105580953239e-6,2.3417377651086765e-6,-5.23850579378023e-6,1.7950025973387395e-6,4.598857682457627e-6,-5.211168093725639e-6,-2.9151927231749682e-6,-2.8467371202127613e-6,-4.243981737068663e-6,-2.526154795937724e-6,-6.306162006248516e-7,-1.0185832356529145e-5,-1.7297368310727847e-5,-2.252946486526634e-5,-2.2158957330153092e-5,-1.8623078726730573e-5,-1.3601288373206715e-5,-3.1964482840498405e-6,2.8554545744684293e-6,1.2491730791100293e-6,2.219737754748683e-6,-6.673311294314738e-6,-3.561916977848062e-6,-1.3259712954239948e-5,-1.3626206717509836e-5,-1.4967868654850232e-5,-1.56969061969501e-5,-2.7633336957719642e-5,-3.4410738203666934e-5,-1.949651944102339e-5,-1.809102144092199e-5,-1.3124459372491714e-5,-1.5152661866373091e-5,-1.3015087165623266e-5,-1.195593920896925e-5,-1.008636229808041e-5,8.231320475376519e-7,4.223850826376373e-6,-5.653656700257439e-6,-5.816094858024852e-6,-1.4040388142481109e-5,-1.3631381155718914e-5,-9.92961212160097e-6,-2.0538463271156892e-5,-2.4397486811282512e-5,-3.363593429401535e-5,-3.474049852963373e-5,-3.692935568307488e-5,-2.5899602175849153e-5,-1.2353826057942435e-5,-1.0241496991845025e-5,-2.157747671548967e-5,-2.107484182106366e-5,-2.585489339162269e-5,-3.6439186732992284e-5,-2.540669186597674e-5,-2.4132948795483452e-5,-1.599391700663933e-5,-1.440895975899911e-5,-1.9898772653297152e-5,-2.6394057131500673e-5,-2.5730487370523997e-5,-1.3059248633500822e-5,-1.3538564527502927e-5,-8.794734552670279e-6,-1.0812081694322803e-5,-5.588867417457609e-6,3.272429985826494e-7,-2.9542603790634087e-6,-6.686308246485859e-7,-5.893593904280118e-6,-1.1115585589519856e-5,-1.80829247481127e-5,-1.3511609311375651e-5,-2.0004049224991024e-5,-1.3638685533014021e-5,-6.702104654517675e-6,-6.169093507805105e-6,4.33693633430903e-6,-2.6509889266327107e-6,-3.0837925658890823e-6,-6.904862632535905e-6,-1.1533175532955382e-5,-8.977744292998569e-6,-4.421833999674084e-6,-5.229529605236759e-6,-5.988583020228824e-6,-1.1663979522958262e-6,-5.2336179630121424e-6,-8.074150347454487e-6,-2.850326754288322e-6,-7.985061219196911e-6,-1.0671560454678636e-5,-8.757141229846375e-6,-5.60564872350742e-6,-7.972665991421987e-6,-1.411895413761268e-5,-1.4397483707408633e-5,-7.584119381410367e-6,-3.915654852844414e-6,-7.373714069428477e-6,-2.1588170036089085e-5,-2.5187342908750092e-5,-2.2955381333247727e-5,-2.540737332306646e-5,-1.9742937490082636e-5,-1.322741681808661e-5,5.684612740988486e-7,4.830941881685714e-6,1.3880937156880426e-6,4.077490981659393e-6,2.2052187603017076e-6,7.800390119159582e-6,3.3129156443114672e-6,2.4227315213048823e-6,5.317067542344056e-6,5.301664221144421e-6,-7.795666761985948e-7,-1.5139124447202493e-6,-4.354459736742505e-6,-5.087170923594088e-7,1.3956953827519817e-6,-2.1506128246244667e-6,6.701005825745712e-7,-9.717947552273763e-6,-1.5761219650680847e-5,-1.1910890164473414e-5,-2.040149487563953e-5,-1.2582382734856592e-5,-5.455673377977574e-6,-4.375088230036766e-6,-2.5087375976236866e-6,-8.061595904262824e-7,-1.5894204126073623e-6,-1.3665827473831975e-6,7.665990655991873e-6,1.5143737593834411e-5,1.5881111168382665e-5,1.5131018692525202e-5,1.3458618931607447e-5,2.1155125430289878e-6,-1.4320331040237293e-5,-2.0515445742649503e-5,-1.2302582892191437e-5,-5.0464408102318e-6,-6.708322242765436e-6,-9.557028527244244e-6,-3.141814373005591e-6,9.718203576583922e-6,1.6456936350439004e-5,1.777097845581936e-5,4.705060624796759e-6,5.718552795694e-7,-7.291974896214406e-6,-1.0979138447709937e-5,-1.4214759193081954e-5,-5.251808168422443e-6,2.542527664696064e-6,8.377917150564809e-6,3.819378448807688e-6,4.263344751126634e-6,-8.037086751865302e-6,-1.188414007853153e-5,-1.6381751376125755e-5,-8.107382293348998e-6,-1.4256475122434262e-5,-1.2317337436670181e-5,-9.884982534161869e-6,-2.836660748219922e-6,8.530858476787633e-6,3.5245471168732875e-7,1.0864692520614486e-6,1.1161197553294936e-5,1.7549322966678796e-5,1.8756423220135557e-5,1.7875010963705805e-5,1.0778200054835457e-5,3.0381758292450114e-7,-9.814481838385163e-6,-1.3253969132623675e-5,-1.5256606133857376e-5,-1.941162876566704e-5,-1.9339588824808047e-5,-2.273791547102724e-5,-2.8309905095045738e-5,-1.6720294918370855e-5,-7.0997970896498955e-6,2.6918868118546064e-6,-3.226939362393235e-8,-3.065197249340183e-7,-4.305537925330032e-6,-1.1668740587301212e-5,-1.901192292861417e-5,-2.5354827030334554e-5,-2.2471407552902937e-5,-2.3926475341992433e-5,-1.5127398295247264e-5,-1.4517841853336759e-5,-1.2791947673995296e-5,-4.9138326917189586e-6,8.606131364524307e-6,1.596740360640553e-5,1.1135681300179829e-5,1.6914256055305195e-5,5.2733855852981386e-6,4.280429522572123e-6,8.93781863105435e-6,-9.79242940385902e-7,-1.058626491010103e-5,-1.4375832021997444e-5,-1.2826043766748549e-5,-1.4075916534881061e-5,-4.051260202028192e-6,1.0270926229006355e-5,1.4487448487710012e-5,1.0054004830409638e-5,9.6056330938851e-6,1.4633992895235814e-5,1.3060749499945873e-5,1.2395719216884134e-5,1.7255499379208267e-5,1.2252075576800564e-5,1.603871906132407e-5,1.2062742540129812e-5,8.048461675040066e-6,1.1946687382020197e-5,9.199151842635673e-6,6.423397140076683e-6,-6.769115845989998e-6,-1.4477487834051172e-5,-6.794827826057924e-6,-1.0529488195877098e-5,-6.495002273945101e-6,-6.312023806672213e-6,-7.64735999052055e-6,-2.9590973008355177e-6,-4.689423297487247e-6,1.2038554231979191e-5,1.9153491637914063e-5,1.9927385210490236e-5,2.5129404408767527e-5,2.32947820773565e-5,2.0748284159387906e-5,1.02711259540513e-5,1.4777074545147798e-5,1.2074935793643515e-5,1.3045036768706482e-5,9.55727541275774e-6,1.051196263068464e-5,1.2194810839612672e-5,1.081123932821476e-5,1.256870383625968e-5,8.280218697982875e-6,3.8389419091766256e-7,2.3829189468970926e-6,3.482168300645144e-7,4.3180835639729884e-6,7.825689448156525e-6,6.552545343668836e-6,1.838199723698251e-5,1.817978272373321e-5,1.4444174851142445e-5,5.927851987696864e-6,1.3294289764423564e-5,2.141882040992465e-5,1.1496225877669995e-5,3.2642758535344283e-7,1.0852539231988104e-5,1.0951693565743398e-5,5.4824585329992045e-6,-2.380117838876573e-6,-8.888419382352981e-6,-9.742251350794688e-6,-7.0250108289377175e-6,-6.547811082654694e-7,1.4626679999607833e-5,2.8618099610320917e-5,2.8107316149088598e-5,3.6460047305957674e-5,3.51168956462361e-5,1.997930099868445e-5,1.574037005985959e-5,6.6295978491399605e-6,1.9980716144345496e-6,7.373361975003736e-6,8.092480111064923e-6,5.718819079886736e-6,1.0080568505319514e-5,1.3239706082475589e-5,1.2271314094737812e-5,6.781359945534695e-6,1.3824503563664881e-5,1.767322689657527e-5,1.9955675297352425e-5,1.8455324403929794e-5,3.7460444819037707e-6,5.175886904357558e-6,-4.433466895267206e-6,-7.467315986517944e-6,-9.482637806436116e-6,-6.168568982030571e-6,-1.9071951584435155e-6,-4.223915938913222e-6,-1.3002346819489121e-6,-5.38544624711491e-6,3.7443164647585975e-6,1.5734570305688218e-6,1.8805188820454343e-6,1.3608693603348033e-5,4.575639016617181e-6,-7.894816962205947e-8,-1.667983997613915e-5,-7.419757013862271e-6,-5.49316473853991e-6,-4.609678839443384e-6,3.0995570332960046e-7,-6.9474527673422854e-6,-5.747016111620878e-6,-1.2029264587619248e-5,-1.5270006910785513e-5,-1.1993302401568928e-5,-1.5781138899015848e-5,-1.4771697263714717e-5,-1.3656453501203786e-5,-1.1234130633161465e-5,-1.3910677535087669e-6,-1.7313823132626276e-6,-2.5735079053532193e-6,-3.6284614678579196e-6,-9.933898129220657e-8,-8.01762947777731e-6,-1.3106976180054737e-5,-3.3295845801685845e-7,-9.108446867340547e-7,-5.046180507813578e-7,-1.1980541007467507e-5,-1.3816896165043508e-5,-1.1654016888071632e-5,-1.0523012318638687e-5,-1.0079833098010121e-5,-1.0872455176277348e-5,-2.9975398139716603e-6,-3.7308137282903406e-6,-1.476247703944127e-5,-1.644565886241419e-5,-1.8546951080845368e-5,-1.4785172493586727e-5,-1.4925456299526985e-5,-1.2483071262222357e-5,-1.193159190896528e-5,-3.2601938408165934e-6,-2.6647213040652765e-6,3.1036508319225316e-6,3.9800256345555494e-7,-4.141317479832236e-6,8.430655067463183e-7,-3.869492758489658e-6,-3.452094907043891e-6,-5.146420140727759e-7,-3.436498261388588e-6,-2.4037574407049863e-6,-9.268185546697244e-6,-7.128790581433979e-6,-1.6057383448636056e-5,-1.702304706165135e-5,-7.993018830975881e-6,2.8475296594994085e-6,6.972303810815671e-6,1.7036783626429295e-6,-3.729679059678881e-6,-8.823535781598807e-6,-2.9436478974450346e-6,-1.2876879049209517e-5,-1.4873965577137553e-5,-1.409619318661066e-5,-2.6520745792151116e-5,-2.7700032012747588e-5,-1.4538493278204183e-5,-7.950862078919237e-6,-5.491449434238501e-6,-8.897718427566786e-6,-3.970521751282323e-6,-1.22367662930195e-6,2.857390816072484e-6,4.731826517919888e-6,1.1154592130398967e-5,1.4316824466294e-5,9.123960677958462e-6,3.3656809615798077e-6,-9.65769615465604e-6,-1.2827811091655527e-5,-1.9486769287548346e-5,-9.105120733911833e-6,-1.0290524141202992e-5,-1.6117696780103178e-5,-2.2867729081620707e-6,-1.6724968650289415e-6,5.599969327722238e-6,-3.1998972561223025e-6,-2.3425259192030276e-8,-4.785364039017036e-7,-1.2885168652909346e-5,-1.0520273043648087e-5,-1.158739596723465e-5,2.2892885952012847e-6,8.526412652133005e-6,4.710114635180346e-6,6.154350821998419e-7,-4.8017312638057356e-6,-7.020911151809689e-6,-7.358578521127939e-6,2.3433602865246183e-6,-5.923890821515682e-6,-6.3745493100881576e-6,8.992043434306026e-6,1.1773282405896657e-5,7.351285306451228e-6,-5.561319030753164e-6,-1.4351139319441224e-5,-1.1249639228783216e-5,-1.4583526264408835e-5,-9.00767771834891e-6,-1.3517825863489996e-5,-2.189050445614658e-5,-1.9918222015419542e-5,-2.463460184227587e-5,-1.1139843826344697e-5,-6.017057251594269e-6,3.42642969916493e-6,2.6214777842378174e-7,-2.251803897810594e-6
0.0004140594189754525,0.00023320660542958306,0.00015737981619813094,0.00010304072630739323,7.119951065362962e-5,6.008516202199699e-5,4.902411677631375e-5,4.700815261794806e-5,4.016321675290718e-5,3.977508489729451e-5,3.131548846560518e-5,2.5387587977390313e-5,2.0405185872221377e-5,4.54548482993852e-6,3.449918700854253e-6,1.532957409835666e-6,-1.1361382072210405e-6,-5.371735990462892e-6,-1.4222542278095387e-5,-2.4455153263216245e-5,-2.220589546279576e-5,-1.693328076260386e-5,-1.1422003568736107e-5,-1.0237174519601875e-5,-1.9902513429706506e-5,-1.736779421974614e-5,-1.3854080907219158e-5,-7.7473598479878e-6,3.617869349679512e-7,2.774636754365223e-6,-5.042821946278751e-6,-4.275610266609089e-6,1.1983238904642048e-6,8.27706755170127e-6,1.535925900380804e-6,-3.5467921981599367e-6,-7.144024762619519e-6,-4.42115242286504e-6,-2.613472391975472e-6,-5.245945536036838e-6,-5.666348501418138e-6,-3.05344575420821e-6,-2.5568966954293695e-6,8.45715044542811e-6,8.310748089209628e-6,6.7510373543197905e-6,7.343109026570194e-6,4.681650133094899e-6,3.092038500513879e-6,6.673407949836362e-6,-3.4995022520724705e-7,-2.1530006004016194e-6,-6.504978828390142e-6,-6.704846500303393e-6,-7.403927996661686e-6,-2.4975783443684575e-6,5.574742285647547e-7,9.424940103174481e-7,1.0612306348825799e-7,7.789952192007777e-6,1.2042944319137713e-5,2.1216241091652086e-5,2.13643865711317e-5,2.0178633553108277e-5,1.5489461318155256e-5,7.230280814078376e-6,1.2630173269110622e-5,1.3321663332581854e-5,9.191089565334149e-6,5.221804726032143e-6,5.254608661667338e-6,1.5880248364024958e-5,1.1354184332661848e-5,1.254361319057917e-5,1.165049832495083e-5,5.6806208514427244e-6,-4.5251043605427565e-6,1.2423290672830723e-5,1.4533527240365278e-5,7.287155311312122e-6,7.215454516559214e-6,-3.4846339705677783e-6,5.120697040219544e-6,8.258606372692715e-6,4.286281094295694e-6,-2.5622704153931524e-6,-3.238317657535922e-6,-6.348318407757694e-6,4.590206883774916e-6,9.466455502809244e-6,1.7495708011314123e-6,2.5001970212178614e-6,-2.093396703201304e-6,-2.5637203128090923e-7,-7.979958973987306e-6,-6.672587532632275e-6,-3.8908294198916514e-6,-6.9365813088361615e-6,-1.8824968165398585e-5,-1.789272957701108e-5,-4.801865027156814e-6,-2.1635731385176533e-6,9.025290103964593e-6,1.3686939420232918e-5,3.6636374744140388e-6,4.386910239146711e-6,-3.952448048132996e-6,-9.089825292017528e-6,-1.4472078620730763e-5,-1.6752948723600987e-5,-4.615475070365559e-6,2.3899941203704954e-6,8.259319718205871e-6,2.987152181868425e-6,-1.8210195787527615e-6,-4.868233116567353e-7,-1.4616899652155219e-6,-5.086187445635264e-6,1.1818713318573984e-5,1.537307013203992e-6,7.2645812282885155e-6,1.417667543594698e-5,1.1613698939096973e-5,9.797672339604819e-6,5.908726810243332e-6,1.6947575583653783e-6,1.0059531208838877e-5,1.1281061604430352e-5,-5.217233806055005e-7,1.417205952015535e-6,9.158214440778766e-6,1.3168564710549776e-5,1.651936047487514e-5,2.377818893707905e-5,2.7412799797008357e-5,1.8326454410630194e-5,6.124421615605409e-6,-1.1743501495232017e-5,-1.683848188522551e-5,-1.7501980673260667e-5,-1.7635783311070002e-5,-7.108112735523565e-6,-6.072185776374665e-7,1.6016846168562113e-5,1.482249976613999e-5,2.4111394267841018e-5,2.120449766885233e-5,1.492281672459495e-5,1.1302696136297762e-5,1.1235846040771413e-5,1.4232345809195024e-5,1.4883964890725556e-5,1.2677092579786608e-5,9.504909078636791e-6,-3.5303185142622998e-6,-9.043026750830718e-7,-9.767731693701648e-6,-1.3638295661466064e-5,-1.5997661270955775e-5,-1.067789824447256e-5,-8.159121706355445e-7,1.5760403007167992e-6,6.659110319529518e-7,3.2312029578442273e-6,-6.588359702368472e-6,-2.0910869928610506e-5,-1.2959944860924934e-5,-9.512223255446346e-6,-8.336550505402065e-6,-6.968368286764468e-6,-6.880594429449063e-7,-3.212202145965652e-6,-1.3237667273255183e-7,5.608315014231211e-6,5.367216599573151e-6,7.0199734945536626e-6,2.2604359171557225e-6,-5.077159873234909e-7,6.815950017967179e-7,7.869166612982047e-7,-9.844845654847745e-6,-1.7523969716151644e-5,-1.6331698861299163e-5,-1.8793279605549727e-5,-8.065681681708128e-6,-5.968441546616371e-6,-8.783964912758629e-6,-1.7547940369455363e-5,-8.82284162943178e-6,-2.9780686288320397e-6,-3.9352265459548373e-7,4.584063773537934e-7,5.015396885305333e-6,1.7850731306481826e-5,1.4944556646789124e-5,1.6560682651277297e-5,1.583013792501065e-5,3.0377600981529414e-6,3.8454216231421625e-6,-4.865803300019014e-6,-1.1896763789555275e-5,-1.5448996455515826e-5,-1.2744814447275196e-5,-9.093686159241405e-6,2.8275982054010455e-6,6.886974437316258e-6,4.194313049056925e-6,7.890403271800672e-6,-2.9000676956983924e-6,9.334004946154296e-6,2.8451329448300463e-6,-2.0066438622870913e-6,-1.1974580184250032e-6,4.778318118519995e-6,1.2555953240389505e-5,1.0472870124297307e-5,9.278898829657941e-6,1.2129241806458242e-5,7.092584329914022e-6,5.038892333227307e-6,5.588314974402523e-6,1.124136254831371e-5,9.026411443932489e-6,1.2303348533108221e-5,8.293598107705441e-6,-1.6396601261752317e-7,8.07022298752339e-6,1.021864511755195e-5,-3.906197849062096e-6,-9.841610666977981e-6,-1.0802261513765877e-5,-1.228097668629123e-5,-6.020981118654074e-6,4.3970313292276656e-6,5.289934214565744e-6,9.312357840000688e-6,1.6682268545091435e-5,1.2627353028563813e-5,1.7541198219487286e-5,8.033129676332563e-6,-2.0816692273025028e-6,-4.691926394070575e-6,1.113531443507256e-5,7.919235357403732e-6,3.5793033640401838e-6,6.3552928820700625e-6,5.162428040388534e-6,1.8170664839204574e-6,-7.4058031758657436e-6,-1.3670858675039397e-5,-2.0040442182543478e-5,-2.703323383902949e-5,-2.3200053937476282e-5,-2.7158895765730373e-5,-9.964041818165189e-6,2.692708657498191e-6,7.886462483525193e-6,1.3669654673934913e-5,4.930600107798194e-6,1.2015173205965256e-5,-3.479683366401463e-8,2.3799358129407624e-6,-8.078504090170952e-6,-6.806168103072881e-7,2.816440705106648e-6,6.413392044612292e-6,5.208620733101765e-6,6.727903481496387e-6,1.3435502829434384e-6,-3.0970779630663373e-6,2.2073880447026927e-6,-7.533001442375355e-6,-8.095382488007265e-6,-5.948081089538201e-6,-8.005268925774303e-6,7.835741912846037e-6,1.3679498526341672e-5,1.922631915232388e-5,1.4780785262526952e-5,1.5830072273813635e-5,1.0931288454252916e-5,9.165168677511577e-6,5.211265360619586e-7,-7.978489522575855e-6,-9.395079324104008e-6,-1.684198635372087e-5,-1.71485644032715e-5,-3.3314655550215492e-6,8.105698285572863e-6,5.1870870644012475e-6,9.167160831649795e-6,-3.16013872370792e-7,-3.4346607777077852e-6,-6.479230353695934e-6,-6.760137311756265e-6,-4.776914823538538e-6,-8.864751371347024e-6,-1.698387345893818e-5,-1.3341293867701923e-5,-1.584451144907112e-5,-7.1016157095038745e-6,-9.236726681750204e-6,-1.3410656142485876e-5,-1.1537188242737263e-5,-5.692148295854637e-6,-7.3413154239065295e-6,6.825878362506308e-7,-5.682188729478737e-6,-9.3590119470832e-6,-8.714413472133405e-6,-9.467488902811465e-6,-3.877504667971407e-6,-1.1962617428406128e-5,-2.3396127974271724e-5,-2.1795623272156217e-5,-1.9362790997733634e-5,-6.71950498796312e-6,-3.1114065885629412e-6,4.494073459074335e-6,2.309824498696154e-6,3.4947401338871874e-6,6.3656698781286085e-6,1.1791411995271655e-5,5.20093336265005e-6,4.392326758003066e-6,6.940925288118514e-6,3.7766356578098216e-6,5.476241251769764e-6,1.6821856424818395e-6,6.070368281907414e-6,4.8951458875312684e-6,4.685725142846629e-6,1.480306577384892e-7,-5.622330014424538e-6,1.9807801492617802e-6,2.3660302034801655e-6,9.224783696509558e-6,5.439295070661665e-6,1.644966744113229e-5,2.0361231148292297e-5,1.5727942891689924e-5,1.520789355714733e-5,1.8797179743753586e-5,1.7665212585256704e-5,1.0072016213590369e-5,8.91570080737393e-6,-7.712387265868808e-6,-1.6285054959352625e-6,7.898314787093831e-7,-7.3540864316832854e-6,-5.24997742733119e-6,-1.0950084101030788e-5,-1.1536592296079144e-6,-1.34134878058955e-5,-1.4589085001033561e-5,-1.3869981827194559e-5,-1.4937078085850765e-5,-1.223608127967614e-5,-8.657835016091526e-6,-5.165630190513561e-6,-1.2052121066538812e-5,-1.5182128827072292e-5,-2.416354523819849e-5,-2.2954684770020493e-5,-1.7623655921927898e-5,-1.3352332893164472e-5,-2.6785416826268985e-6,1.3331085113659471e-5,1.0813114558440267e-5,3.9191522495256555e-6,-1.0619834425590858e-6,-1.6764089555256115e-5,-5.549405386986774e-6,-8.479644521673477e-6,-1.4579597249289388e-5,-6.307925125598562e-6,-1.4571910759384232e-5,5.375191796445127e-6,3.903851098581376e-6,-6.903144727797661e-6,1.2138102401211077e-6,1.243202289691128e-6,1.7890713825474407e-6,1.2541778257029426e-6,-1.4131302095184414e-6,-5.003831376574358e-6,-1.427297184945712e-6,5.3280678009122594e-8,8.712330117844653e-6,1.861900225181751e-5,1.8935445257732202e-5,2.0863694549198364e-5,5.44436824262304e-6,7.907517912343187e-7,-1.0968031390147674e-5,-9.003267812994278e-6,-1.2775049317712737e-5,-4.680942748787655e-6,-6.169539129027728e-6,-8.84063276056481e-6,-1.0395687199165902e-5,-1.593360992640036e-5,-1.797579714507205e-5,-2.726779672085778e-5,-3.243165598709614e-5,-3.104401954962221e-5,-2.5303177033732012e-5,-2.56034725500846e-5,-2.9567771596893055e-5,-3.1689030178967446e-5,-3.754374771146105e-5,-3.971369374622495e-5,-3.5496989709659144e-5,-2.7725831656264695e-5,-2.1222172923258958e-5,-2.4241624411914335e-5,-1.845273099755068e-5,-2.803316222518354e-5,-2.5123144218520833e-5,-3.075618232059659e-5,-2.8856595543030854e-5,-2.0320901771706524e-5,-1.5600626547276985e-5,-2.2024033421598833e-5,-2.4281417627142453e-5,-2.9472471612796584e-5,-2.374028822077186e-5,-1.6621561846745454e-5,-1.6160079133262705e-5,-7.275760622226749e-6,4.8903356913936505e-6,1.6471405703954395e-5,1.4818421190319583e-5,1.4566323213388236e-5,1.3625270031470838e-5,1.783206349067685e-5,7.3438823719884805e-6,-4.998259036509414e-6,7.653057298080693e-6,1.4258391478363923e-5,1.4739990091864522e-5,1.4886506126789513e-5,3.454805989413485e-6,7.12422740595352e-6,1.1676879973117757e-6,1.3085264819352781e-5,4.362059536321151e-6,9.387342242298464e-6,6.98235438013137e-7,-2.7554215091395714e-6,1.2518424207163738e-6,2.9913203730729017e-6,7.6199099400602915e-6,3.4698564755652198e-6,-4.1825460359303424e-6,-7.507202816178263e-6,-1.9857430278389836e-5,-2.7535297368881594e-5,-2.744875074543175e-5,-2.1954631080095544e-5,-1.9313033753401783e-5,-1.701937711764747e-5,-1.0352948173109147e-5,-3.2165729440079743e-6,-9.161902500979686e-6,-8.86830078872963e-6,-1.278293548055338e-5,-1.8720931193096885e-5,-1.292442316478964e-5,-1.098852103630824e-6,2.566445895271968e-6,1.0834810744556557e-5,1.208310038386918e-5,5.831308269873754e-6,-7.004872436590372e-6,-1.252050022110711e-5,-1.616441389958474e-5,-9.042734423645435e-6,3.9496475733737795e-6,1.5219025421469752e-5,1.5123449910257949e-5,1.4948818393636127e-5,1.1806060496074696e-5,1.5627183940155554e-6,9.77288148467734e-6,1.2482457562551096e-5,4.547227463402133e-6,9.007146346448863e-7,-5.1621037505316355e-6,-1.0533888497657752e-5,1.3911415282948263e-6,3.381928716758944e-7,-1.7458891681777693e-6,6.435303331289369e-6,4.521199056338176e-6,-1.800500720839088e-6,3.26255441897598e-6,5.708692295923282e-6,1.3571731702572355e-5,1.0688488819479772e-5,8.653713567286373e-6
0.00042412847825038587,0.0002518485085006218,0.00016552204702612383,0.00012277855086501217,9.427013970810124e-5,7.86679279421111e-5,6.453665470547529e-5,5.569070103465629e-5,4.1535781858234874e-5,3.382408259723425e-5,2.2931205072024254e-5,1.901239634561821e-5,1.4735668031396353e-5,1.2763254533140197e-5,8.2018814184666e-6,-3.3511919801991867e-7,1.140046830191605e-6,-3.0417150813417e-6,3.7199990539523617e-6,5.5831399315741055e-6,9.133502773344137e-6,4.807577905953222e-6,-4.225490644835092e-6,-8.427950313213366e-6,-1.1581173600087056e-5,-4.822810960687156e-6,-2.2292605783403365e-6,1.0370357304880212e-6,-5.778341923173834e-6,-7.782480672404836e-6,-7.250830739514637e-6,-9.608011228703536e-6,-5.390422465427846e-6,-1.716363890605219e-5,-1.0872406100278612e-5,-2.3108653283312057e-7,-4.961606763161351e-7,-4.345882281140527e-6,-4.399638416939053e-6,1.4286232070217755e-6,-2.8378174293715033e-6,-5.479805269576941e-6,-9.29042643454821e-7,2.2993264580962045e-6,1.4276051131079697e-6,-4.860259065179551e-7,-8.335777269741591e-7,-3.3075969576416437e-6,-2.470627600862762e-7,1.0352947182209552e-5,1.2258793491354866e-5,1.1063615015805421e-5,4.36350418370313e-6,3.0535300482497356e-6,5.680106632348203e-6,1.2564117347659292e-5,1.0243342904596995e-5,1.4304451806946858e-5,1.900611141740695e-5,1.3018624817688135e-5,1.5193311223808164e-5,1.9181702523043714e-5,1.9544268410199514e-5,1.5734749681162857e-5,2.046567029140439e-5,2.407602610979608e-5,2.3125228124136046e-5,2.406955307527217e-5,6.144888359203669e-6,5.9048167154593345e-6,9.299862538024893e-7,2.5574081946175918e-6,5.15238164698868e-7,3.7953068280122025e-6,1.524484800241454e-6,4.174503279320842e-7,9.855689469319456e-6,2.097426124917506e-6,1.9191609525051696e-6,8.416099322104754e-6,4.7608393355907575e-6,-5.612059558794451e-7,-8.018389957583667e-7,2.6367408225063048e-6,7.963209578728014e-6,1.0459994560424787e-5,6.593832191787965e-6,4.300160011893821e-6,2.3996749630192484e-6,7.371179419430479e-6,5.276636678929081e-6,6.9015261218219465e-6,7.60203022340976e-6,1.2475885342134845e-5,1.0403044921133392e-5,1.10170579734384e-6,2.687264675940347e-6,3.2399334735581244e-7,-7.457037488973635e-6,-1.362951968154986e-6,-1.8285743493602122e-6,9.900310105417167e-8,-3.712339462814461e-7,4.216069567130266e-6,5.35064730601671e-6,5.074116082445761e-6,3.737971446709311e-6,8.585500509781224e-7,-2.2508880553491223e-6,8.113993899450206e-8,-3.116598404650331e-7,4.169432203411739e-6,9.175285526946727e-6,2.1798304561188894e-5,2.009153243416781e-5,1.5043928630789481e-5,1.2635581591558152e-5,2.471326608624696e-6,3.2901072753972075e-6,-2.5270785816922563e-6,-4.350523756232818e-6,-1.9898881825571804e-7,-7.402452804498377e-6,-6.84311537664672e-6,6.3730836325900405e-6,4.658967749959346e-6,-2.198724928121138e-6,-8.115251115664972e-6,-1.0218126354456206e-5,-7.2085803431201375e-6,-6.039933124519774e-6,-7.899081376065569e-7,9.03802552858031e-6,7.3562209894309346e-6,5.292037034387346e-6,-9.607393989964224e-6,-2.2852310920478383e-5,-1.9702531352165093e-5,-1.6023252081650972e-5,-1.9829559968467526e-5,-1.6272399864029162e-5,-1.1185819581045341e-5,-7.308514719190426e-6,-4.635899098782087e-6,2.1219019384199666e-6,-3.1225317805808023e-6,-4.8350160001904595e-6,-7.044633266100757e-6,-8.686619601061908e-7,1.4977401899342721e-6,-4.5220525614817385e-7,-3.356913256075935e-6,-3.413288194197958e-6,-7.1840019185741136e-6,-1.2656396155986569e-5,-1.3231767003071588e-5,-1.1080563057841717e-5,-1.3457695480043319e-5,-1.1317202363979078e-5,-1.1826416323341988e-5,-6.891358606898571e-6,-7.435177809125238e-6,-1.5525154093062266e-5,-7.273932722537203e-6,-1.3547850050297976e-5,-1.805499017318975e-5,-1.8810406512284485e-5,-1.8806764862531593e-5,-1.8118330917518368e-5,-1.3950498608520959e-5,-8.568766754672697e-6,3.6651260450957003e-7,1.290298506581518e-6,-6.88147668796451e-6,-6.277375533920114e-6,-9.684342020111161e-7,3.4891136605366917e-6,9.363653402817636e-6,1.3420739550476973e-5,8.426950505956453e-6,8.65802529417441e-6,3.2036057973849996e-6,4.6863994310495394e-6,1.353907041960727e-5,1.5386821036171194e-5,1.8844971568941193e-5,5.077445594182516e-6,7.408512701041117e-7,-1.4857652843357544e-6,-1.1961836283278126e-5,-8.589462436033626e-6,-6.60372579878992e-6,3.1074663496834774e-6,-2.425721396894309e-6,-5.69239944353938e-6,6.185628104830857e-7,3.3072667847935617e-6,3.4094934608743046e-6,1.9183456123515985e-6,-1.908904844109646e-6,-5.10921590890028e-6,-1.214129621071165e-5,-6.212029520982088e-6,-4.101816538412872e-6,-3.3903485498885013e-6,3.127931342290023e-6,6.253185151297138e-6,5.08481999467146e-6,3.523647428429586e-6,6.858758085475003e-6,9.75860442695697e-6,8.851324686444865e-6,-6.458602914494843e-7,-3.431806508885768e-6,-4.0534694365039455e-6,8.274663604728595e-7,6.1110522810908805e-6,8.771863486550813e-6,3.7849118108726013e-6,-4.286137416209345e-6,3.867621501338444e-6,3.685735464735361e-6,-4.9184625513330845e-6,-1.3928905490721431e-5,-2.153140924310506e-5,-1.8033373900886935e-5,-1.379222474100846e-5,-5.545792211338928e-6,2.417240265534667e-6,5.169818384889183e-6,2.4009126586548854e-6,-5.026559095110425e-6,-1.1249592221844596e-5,-7.285636242857465e-6,4.75281379565617e-6,7.964612657088924e-6,-2.9184431377175305e-6,-9.063735254094302e-6,-1.1418116927697308e-5,-1.1497559721531133e-5,-1.774285057132051e-5,-2.5439822847029237e-5,-2.7505604456830073e-5,-2.476323552890319e-5,-2.8096716797046018e-5,-1.4117983164127727e-5,-1.0799747770296204e-5,-3.3304383699820124e-6,-4.068306684781587e-6,-1.2305436936507325e-5,-1.4097871924296984e-5,-1.785517178588292e-5,-2.0436320303404143e-5,-2.1796729111466195e-5,-1.8138430324391943e-5,-1.2914879967314221e-5,-5.885531830380023e-6,-1.0320435487437276e-5,-4.313344227908068e-6,1.041564986799034e-7,7.4614987381761845e-6,1.1055592909169435e-5,7.5349151881019735e-6,1.1105914278985654e-5,1.268130348997662e-5,6.8243181135553554e-6,1.1088112209931477e-5,1.8563879842054195e-5,1.64376641054101e-5,9.956288167381199e-6,5.050721860424237e-6,8.341101659253537e-6,7.965247117477163e-6,8.76591619251733e-8,4.1370560888500974e-7,9.305621933087156e-6,1.9030654924845003e-6,-2.533622916224095e-6,-5.637346232452842e-7,-5.554936454198878e-7,3.518167282951378e-6,8.577942438193396e-6,1.1154619612767754e-5,1.6497397899821469e-6,-5.495562814596163e-6,-3.5627079512320963e-6,-2.23203239137549e-7,9.297203184883978e-6,9.43832024447877e-6,1.0830204413800089e-5,6.940747079859351e-6,2.09186158838665e-6,1.2525790465882702e-5,1.0932124227389924e-5,1.0012069771659531e-5,2.114765832226662e-5,2.108887536545325e-5,2.9113828978301172e-5,3.587424384051992e-5,3.9049446601984654e-5,3.773600945435251e-5,2.9234567665480972e-5,1.9699399150611454e-5,1.7116309638046364e-5,1.5664418315374908e-5,1.1561616784780242e-5,1.0593917205981237e-5,1.1357734608319873e-5,2.0492778254530766e-5,2.953212594086686e-5,2.2517273991760742e-5,1.0973764539853454e-5,1.4212153569043089e-5,1.2267223028402956e-5,2.220396138149923e-5,2.1434055007972022e-5,1.705525026108789e-5,2.1413412496624362e-5,2.1172305369991937e-5,2.5056821176929243e-5,1.2872924873817802e-5,1.6566527914331306e-5,1.3247102169324066e-5,9.319577999973077e-6,1.452156543385397e-5,4.784650438573193e-6,9.628919753751872e-6,4.962230989108445e-6,3.870161921358393e-6,4.4297921195980385e-6,4.607653223139566e-6,4.471172999367829e-6,4.28701305784757e-6,1.3483068577056342e-6,-3.8468138656267645e-6,-3.222756487362388e-7,-3.5351655540974684e-7,7.436679255634885e-6,6.848970824625126e-6,6.418131368150908e-6,1.2207052181123279e-6,3.98362213569824e-7,-4.069945228966088e-6,-8.19910203223287e-6,-3.3860085786471017e-6,-1.070831299702277e-5,-7.0220492144871615e-6,-6.262859195672613e-6,-3.7771881942472495e-6,-7.251503991782106e-6,-1.2459260829385541e-5,-1.6901548352189014e-5,-1.286677670927737e-5,-1.1287158897472876e-5,-1.3986005385099587e-5,-4.8980543392436094e-6,-2.47614269913845e-7,-3.073122912562342e-7,7.986251543120025e-7,-1.8940549096382343e-6,1.1176931474315297e-5,1.6100154141749137e-5,7.45000549019651e-6,4.9437109153845e-6,1.0817451916251611e-5,8.285522372703212e-6,-5.291993029296085e-6,-1.2343947999597509e-6,7.931138896308164e-6,1.2398940143045617e-5,2.2798245091206954e-5,1.753090145945325e-5,6.873081950527005e-6,7.915132956745143e-6,2.4087353613731436e-6,-3.661247702205892e-6,-8.949551002850418e-7,6.070310608922771e-6,1.2523128177370607e-5,1.389708190499109e-5,2.178783829940278e-5,1.9644548466822035e-5,1.987202368104006e-5,1.2634315856226327e-5,1.665849802071118e-5,2.2078000902485874e-5,1.585129794517296e-5,1.7139741139415494e-5,1.7691047174672833e-5,2.582800239212185e-6,-1.0149399034945203e-6,7.2474605624904435e-6,5.682889215530729e-6,4.765411081731875e-6,-1.887218223139663e-6,-7.945907126074019e-7,-1.7360350427921584e-6,-6.839864262381634e-6,-6.894513784958964e-6,-4.227607785286311e-6,-3.6720522567147526e-6,-2.32363290669899e-6,5.404396624154984e-7,-3.921200679330608e-6,-6.025365344676571e-6,-1.5234881423288666e-6,1.4382490122793976e-6,-2.526418045269946e-6,-2.9816367556796707e-6,-1.1207499313406273e-5,-1.5538664583517917e-5,-1.7600912987738133e-5,-9.486067903498034e-6,2.455465417901537e-6,2.3358186012644697e-6,-5.572742326971743e-6,-6.526591901471124e-6,-7.481534574467075e-6,-6.030584110867741e-7,8.631147498624438e-6,1.765691787995055e-5,7.3387115686739834e-6,-1.9134107737102983e-6,-6.2732361471465505e-6,-1.7278898400610822e-5,-1.695215468354904e-5,-1.6382476102894685e-5,-1.6496522985489563e-5,-1.2453356356961524e-5,-2.113123347625355e-5,-1.0635550887951376e-5,-4.366426867543139e-6,-3.0630792750383497e-6,-7.767684963773396e-6,-1.8980893545875696e-5,-2.6822002224903213e-5,-2.7750583721332077e-5,-2.612877596803133e-5,-2.127506178312213e-5,-3.242526229560539e-6,6.933568144936289e-6,7.426445161898357e-6,1.255616707730825e-5,1.4940651484064117e-5,1.7389536570499375e-5,1.6305969078776942e-5,1.1828890330248031e-5,2.6611768565593246e-6,-6.02065290557953e-6,-5.846300409908069e-6,3.328068247045385e-6,-1.4737600776537232e-6,5.938659773932622e-6,-4.668320456681135e-6,-1.5998206376790564e-5,-1.5301276561651033e-5,-1.0448585704348064e-5,-1.6753404504966107e-5,-8.627024164044242e-6,-1.7402192706254068e-5,-1.79249941018556e-5,-1.419849362607589e-5,-1.5965193850832993e-5,-5.094272014699495e-6,-9.660262560039995e-6,-1.4804863901543585e-5,-8.151948588169704e-6,-9.504023011940698e-6,-1.2745931422709267e-5,-1.0265753476163853e-5,-5.303893831389121e-6,-7.609135489681999e-6,-8.436365587599209e-6,-8.603700484717845e-6,1.2088504640770248e-6,4.83283827970216e-7,-1.162298440130447e-6,-1.2054886420458618e-6,1.3609709190418162e-6,1.2039050849328594e-5,1.84778776543019e-5,1.5719586186007232e-5,1.3225168363203409e-5,1.1614009238171156e-5,1.8758344192400288e-5,9.606598155615306e-6,1.1599771590667334e-6,1.7799443650511839e-6,-4.32515149146589e-6,6.139418420043957e-6,3.5789507084562033e-6,-5.261806504938775e-6,1.6865884564078164e-6,7.994105260975122e-6,1.4056927554768193e-5,1.4391593384642161e-5,4.0153226111915975e-6,5.806766557339937e-6,1.1876657775095273e-5,1.0805551603056531e-5,3.3415768470293415e-6
0.0005045935653874909,0.0003314294972362385,0.0002427098274268286,0.0001938083173274969,0.00015962159263246164,0.0001303283068339974,0.00010810330675481207,9.886195733452245e-5,8.662904466432846e-5,7.633151819876925e-5,6.888924222340274e-5,5.860001013192854e-5,4.742662711183433e-5,4.8221568431584495e-5,4.242528845550806e-5,3.663263552579218e-5,4.1195231611218046e-5,3.365314445515137e-5,3.8930679188162974e-5,3.580072454037302e-5,4.028604714208651e-5,3.829866192100401e-5,3.918854315874676e-5,4.4780345576207436e-5,4.2789111649253834e-5,4.360018109912552e-5,3.6199448595665975e-5,3.550488869227524e-5,4.1441521643487295e-5,3.666927875429394e-5,4.716196702675067e-5,4.866250950961729e-5,3.855705703114644e-5,4.11516387050165e-5,3.495507028484279e-5,3.205073220697646e-5,3.413450798706236e-5,3.7526766601369196e-5,3.6947453611518306e-5,2.9334611255329024e-5,3.104173401179091e-5,3.5999839552238296e-5,3.011285693950906e-5,2.740517620085384e-5,2.4762988922846886e-5,2.2132319177375892e-5,2.6202757637594796e-5,2.7047280538684077e-5,2.6406355742397133e-5,2.13516804214922e-5,1.4002981711166766e-5,1.0659778943635404e-5,7.26041056709097e-6,8.93665272615034e-6,-3.2944013143634903e-6,-1.0554765655017566e-5,-1.253226396843895e-5,-1.8727753280991486e-5,-1.7184933228559812e-5,-1.7905746336869407e-5,-1.7793019816451273e-5,-1.2046132335004692e-5,-1.539340248687811e-5,-1.3153513424918135e-5,-1.6101106544653458e-5,-2.452881266771163e-5,-1.9300465053130826e-5,-1.4258190030468462e-5,-1.8175566157092475e-5,-7.346929939668647e-6,8.854323355507179e-7,1.1670911710193454e-5,1.0872764216693871e-5,6.868783865202118e-6,2.222856460941973e-6,-5.19535587015118e-6,-1.3362377118720417e-5,-1.1795566759443679e-5,-1.5303769615649275e-5,-1.993620288131131e-5,-6.228927389673666e-6,-7.912621044041966e-6,-1.5229870462243842e-6,2.135203266994783e-6,9.377027007430206e-7,2.5505251575734253e-6,9.320466768172567e-6,1.403403978345391e-5,4.749195183929166e-6,6.855331875870432e-6,9.199396909122923e-6,1.2710144669182075e-5,6.198647014482894e-6,9.85282660834459e-6,1.0107975667430475e-5,1.270144313296172e-6,1.1169719580461883e-7,1.5756722094138034e-6,-7.0811128127246775e-6,-1.0097224505379715e-5,-8.472489596394342e-6,4.012065516089477e-6,1.3051538373393886e-5,1.5433265171388797e-5,1.1090582288096052e-5,2.836315491970108e-6,-8.999302437101438e-6,-7.305263515528135e-6,-1.157170133142985e-5,-1.045375400678747e-5,-7.084395642676914e-6,-3.1919622525203e-6,-4.387842661719612e-6,-1.0383425490304608e-5,-6.494946397321848e-6,3.3227119128871586e-6,1.3776158007189235e-6,-3.367159201402028e-7,8.916475943745206e-6,1.257835727829537e-5,6.943395467995833e-7,-8.661493642049335e-8,-6.700869004775862e-6,-2.7099945409615573e-6,3.7098344094924563e-6,-6.472306378558732e-7,-1.479717957969449e-7,1.0451683791642932e-5,8.340579611638653e-6,8.319560883216092e-7,3.9427770054352005e-6,-4.7802294193736776e-6,-1.3842963765054792e-6,-7.253915296383807e-6,-1.3524974365145225e-5,-1.9050376902643883e-5,-2.464696371600405e-5,-3.4135815121455194e-5,-3.118894944092434e-5,-3.1835466199928504e-5,-2.149840789430933e-5,-1.2898802214437605e-5,-1.802518547378545e-5,-2.1153000723602194e-5,-2.6533786580104315e-5,-2.3900163904935853e-5,-2.1042877640607096e-5,-2.9841494206043315e-5,-3.792016390756167e-5,-4.886807600317109e-5,-5.323229430559157e-5,-4.99111699191317e-5,-4.384260874514426e-5,-3.6632254531753534e-5,-3.053974749119969e-5,-1.3292259899337163e-5,-6.174496549071849e-6,-1.2111804750321088e-5,-1.2841072838372662e-5,-1.861801559837162e-5,-1.8147896349952108e-5,-1.349960808721781e-5,-5.765975393453978e-6,-2.0142524497688176e-6,3.157703431269883e-6,7.2731674766737125e-6,6.036188952033216e-6,1.0477949264755795e-5,1.2543225594488628e-5,1.7078421592565933e-5,1.413452818844321e-5,3.122743028928359e-5,3.7630516541322245e-5,4.2505885298111086e-5,4.0004772455769805e-5,3.072259477731582e-5,2.6389183119818114e-5,2.485344909689703e-5,1.4245640692099024e-5,1.423324215261912e-6,-7.442386989341793e-6,-5.609166777832862e-6,-5.712224875056334e-6,-4.420723146919691e-6,-6.9541833136122085e-6,-2.52755100230006e-7,5.4611651862653365e-6,4.742753277228191e-6,9.233106765118005e-6,1.8925737979145393e-5,2.490425965239462e-5,2.0547010982538675e-5,1.4430640083050325e-5,1.6496415507803785e-5,2.1277956721565512e-5,2.7639482291962217e-5,3.705840557004198e-5,3.0359652045223684e-5,2.8396360330869865e-5,2.9873157011788526e-5,2.4311360054609894e-5,3.347311545335801e-5,3.821058413694683e-5,3.4369540311993656e-5,4.044614393236144e-5,4.38776695095302e-5,4.57700778321847e-5,4.66530782622123e-5,5.8039271390859605e-5,5.913230278962831e-5,5.341323117609836e-5,5.164710146018439e-5,4.738848363320907e-5,4.5740262193314314e-5,4.619508032011115e-5,4.793196804035192e-5,4.079815755514494e-5,3.777340328066597e-5,4.447061329889066e-5,3.6283494205555194e-5,3.572533907362563e-5,3.316152644543197e-5,2.7850754896101978e-5,2.1734420550426886e-5,1.6341851360222776e-5,1.0275102622860573e-5,-3.454321600411567e-6,-6.441509176649837e-6,-1.084386523689029e-5,-2.8789942108208667e-6,4.1351225314537e-6,1.2224708364473126e-5,2.1429341975657388e-5,2.4997348647397683e-5,2.4955842480047345e-5,2.7900218917151754e-5,2.0892442587173622e-5,2.4940293091857267e-5,3.330323684788493e-5,2.6354645774030166e-5,1.6901622297515608e-5,2.2834250742643583e-5,3.641189789871881e-5,4.575561345056475e-5,4.959721977862487e-5,5.1420636511453305e-5,4.7048855585371134e-5,4.4086224915040075e-5,4.590009128732929e-5,4.53821407249721e-5,2.7989340783473674e-5,1.9034259068483555e-5,1.5060897071616771e-5,4.526121093489761e-6,4.594064070409069e-6,1.6226172691621457e-5,2.460285388629799e-5,2.8997711634324013e-5,3.81299278563526e-5,3.2944503164904275e-5,3.011825522501835e-5,3.426787950591904e-5,3.916318414229131e-5,3.219607748022365e-5,2.716620831460178e-5,2.275945898263541e-5,2.7359083390285183e-5,2.589448722152694e-5,3.6140644066228e-5,3.435879001921095e-5,2.930287884480603e-5,2.285740719166192e-5,1.622272137202393e-5,1.465100378255486e-5,1.3565016216003791e-5,9.496843993903556e-6,1.8482645850821493e-5,2.1027252279125796e-5,1.3325385727998814e-5,1.2197201923853825e-5,7.656026699985583e-6,8.433374449742005e-6,1.0549355603581971e-5,1.0585143552857589e-5,1.5309522572763242e-5,9.459900361600024e-6,9.748873959327704e-6,1.152761417326838e-5,1.8866680097317017e-5,2.1295583015067544e-5,1.6223838659965957e-5,1.2635957380182114e-5,1.8117484898958774e-5,2.4110972241765274e-5,1.8207052640279946e-5,1.7802308953758498e-5,1.918057848801361e-5,1.5087823612986595e-5,1.6704806614678172e-5,1.561632145782646e-5,1.7425600370841725e-5,1.2373944437785781e-5,1.7027356533793226e-5,2.0979664712128622e-5,2.803489383135712e-5,3.095287552293977e-5,3.0451139270300825e-5,3.1527320632762364e-5,2.272298675259355e-5,1.1359519272512228e-5,8.09126165183465e-6,-2.433668146116841e-6,5.667800956011614e-6,5.032875944492219e-6,4.287977028632005e-6,2.988862748798985e-6,1.163153388620605e-6,5.201298449521505e-6,1.301222863401115e-6,8.333269835156977e-7,2.0930449260781153e-6,-1.3888671436858458e-5,-2.751438461608338e-5,-3.495695111135238e-5,-3.0024360957315326e-5,-3.564724472909851e-5,-3.890262524291773e-5,-3.390444019403436e-5,-2.6173420795159352e-5,-2.2649888555124044e-5,-1.5741340303418275e-5,-1.770791404766716e-5,-1.7290390002831173e-5,-2.3452049208210903e-5,-2.3026077583083112e-5,-1.4745068208670808e-5,-2.4894488054196537e-5,-2.8832987452816354e-5,-1.3341233370661044e-5,-7.51578905998661e-6,4.124345246547427e-6,6.171142112889837e-6,4.474077916818863e-6,-6.441564818020304e-6,-1.2370875423391779e-5,-8.310649236644245e-6,-6.0986953001246325e-6,-1.3181534559209824e-5,-9.360220154416456e-6,-1.5206169335058093e-5,-9.771431085333017e-6,-4.675992389304498e-7,-1.808170790693759e-7,-6.140285398828159e-6,4.596113089281238e-7,-5.555171084481851e-7,1.1307399124868017e-6,9.397303723528175e-7,5.2518580611136065e-6,2.153668156719745e-5,2.681639538381271e-5,2.7211617557664228e-5,2.430912304771531e-5,2.4437639741195653e-5,2.688082471164836e-5,3.242454716879882e-5,2.6383425821153442e-5,1.4004914403482691e-5,1.4012434345607926e-5,1.1057083762560638e-5,1.7187794838754232e-5,1.940328027327609e-5,1.544695604565653e-5,2.3169004385031314e-5,1.7794764002187685e-5,1.9526047739154968e-5,1.9607569830371796e-5,2.991870321592789e-5,3.399713070989812e-5,4.3155951863471076e-5,4.2526509851668445e-5,3.684039065969252e-5,3.3019451188274544e-5,2.513733778181907e-5,3.154269023089487e-5,3.9006368432394225e-5,3.549766689039309e-5,3.330160979904559e-5,2.6589545972419495e-5,2.884272628839423e-5,3.206645537167658e-5,3.178364720007441e-5,2.8293725842163058e-5,2.148080077642922e-5,1.507666684347566e-5,4.500484961106466e-6,-3.9595879162275346e-7,3.957073246134617e-6,8.568348553987535e-6,1.5667825052825787e-5,1.213082220132462e-5,1.3382826652471032e-5,1.0603430472879485e-5,6.492862592875098e-6,1.1132765964360272e-5,8.866200979880122e-6,1.2386164591487166e-5,1.1500425271027752e-5,1.1323185015036545e-5,1.6006068966478262e-5,9.640294536216759e-6,3.590220432671427e-6,-2.127516384421571e-6,-4.889996937638024e-6,1.7047973320711923e-6,6.6787710908385265e-6,1.0185839209115142e-5,1.1074623995322457e-5,9.153348812366085e-6,1.4267549947101048e-5,1.647061128969546e-5,2.3643992952607026e-5,2.773696114092003e-5,2.937634307201588e-5,3.415715148050302e-5,2.1648995640766173e-5,2.2785972183303627e-5,1.232770584234669e-5,1.6963492914766515e-5,1.4130400717545914e-5,1.0269535709239372e-5,1.4243188124531173e-5,1.5066093496747206e-5,1.8528045899455294e-5,9.147168944314648e-6,4.376412993150496e-6,-6.202470929648438e-6,-6.4404186557122774e-6,-6.697991373358792e-6,-6.565273825031056e-6,-9.921160889403463e-6,-1.1950353604126847e-5,-4.380824047413097e-6,3.9093727605387024e-6,1.3064467523984127e-5,5.622186877163098e-6,6.279319096882933e-6,4.1772200758230734e-6,1.0601989997267612e-6,-6.491804523875459e-6,2.230130345804862e-6,6.182879417396484e-6,1.0340627780667044e-5,2.6876851527841798e-5,2.346961260560656e-5,1.6243954129610437e-5,1.7963783726631526e-5,1.9289923337914005e-5,1.9413029122353538e-5,2.7543063025708442e-5,2.898808987058109e-5,2.449092390607721e-5,2.5966801237136485e-5,2.0122219942721145e-5,1.842648550590252e-5,1.469910152480554e-5,2.2924055454783922e-5,1.5099797290694204e-5,7.5826518452873415e-6,1.0968348070115605e-5,1.79120592157793e-5,1.9526367591927755e-5,1.9164688871674776e-5,1.865708927345373e-5,1.5449090795087087e-5,2.5358313680403724e-5,2.5026745494972253e-5,2.6691977237103053e-5,2.602767494049718e-5,3.0405826263126672e-5,3.267368911912896e-5,3.905143140752116e-5,2.7455150380068228e-5,2.044102665538878e-5,2.8038367677898386e-5,2.359982865318984e-5,2.8657682107140217e-5,2.350560173801154e-5,1.717355209383173e-5,2.274313400673884e-5,1.633285077658949e-5,1.5344203342881098e-5,1.818062868756705e-5,1.3694308519042226e-5,1.4570546349023236e-5,1.6515315904409152e-5,1.324382392682325e-5,5.1414633718157165e-6,-1.0668791777251214e-5,-2.4481116909761597e-5,-3.1480094627097746e-5
0.00047720670967761587,0.0003068313730878031,0.00021966841592923738,0.00016366715181183572,0.00012393253837003385,9.551658228995357e-5,7.845486659768252e-5,6.1017151896802586e-5,5.360962968928244e-5,4.23243273341296e-5,3.502911812796619e-5,2.2691018858035586e-5,2.4805036214871153e-5,3.277517584231938e-5,2.6553205833090574e-5,3.0103429216854505e-5,3.7606881728197276e-5,3.139557194612744e-5,3.3193193861082405e-5,2.9250942091767237e-5,2.3699370403525283e-5,2.4069164001714962e-5,2.2457432119010173e-5,1.9063887403787396e-5,1.811802048269676e-5,5.095680909390497e-6,8.145660953268697e-6,1.0885338315616604e-5,6.050492241597377e-6,1.1021246109943588e-6,1.0119244510758659e-6,-1.25897814748482e-7,1.598412596356804e-6,1.1396493494497234e-5,1.4624812779246295e-5,1.0065784402558352e-5,7.015835909394861e-7,2.8929736861799984e-6,8.892643974215354e-6,1.3155003235771706e-5,1.9142091494633654e-5,1.8699659306911415e-5,2.2893074210024125e-5,2.179615653015868e-5,3.0497114664222663e-5,3.107333103716776e-5,2.589317979082379e-5,2.0063659797993253e-5,1.779430472931361e-5,2.1136233620795834e-5,2.077155098067161e-5,1.6020594910491697e-5,2.701489275434047e-5,2.703645443415608e-5,2.2128695885007975e-5,1.98433040601889e-5,1.6750493800522086e-5,2.8194131891318732e-6,5.334774535894573e-6,7.872980422324964e-6,8.751332586829277e-6,3.7298405220654702e-6,-8.62389266962092e-7,-1.1530266184248844e-5,-1.185631303707082e-5,-1.9606258006007765e-5,-1.9060159420036356e-5,-2.3682599659530403e-5,-3.084094951637066e-5,-2.9866155918555073e-5,-2.2880381423864137e-5,-2.1548246619391464e-5,-1.6784235410374324e-5,-8.91990031117595e-6,-1.0438069082570794e-5,-7.78585228755759e-6,-7.145816776325539e-6,-6.917862569396746e-6,-1.0716358955572198e-5,-8.450735826019547e-6,-1.4742965936690899e-5,-2.9239406935274403e-5,-2.1787371671890225e-5,-1.180808966666859e-5,-7.42579848610655e-6,-2.8333192160107343e-6,-1.0606014007059921e-5,-1.3055658003146386e-5,-1.0088803289116029e-5,-1.1314817329354129e-5,-1.80271656278965e-5,-2.0168073144067748e-5,-1.7679375349122797e-5,-5.102404139038384e-6,-3.1303505825351205e-6,-4.442612729353447e-6,1.775934569921297e-6,1.2024832616072146e-5,9.699019268957037e-6,1.581365713209774e-5,2.159387656757364e-5,2.5673657506247635e-5,1.88853755072556e-5,2.3296851726435057e-6,-1.2552241529554586e-5,-2.065907426064508e-5,-1.988037291823892e-5,-2.6721786836444995e-5,-2.8821670451607366e-5,-2.0436498699855427e-5,-1.457999903486325e-5,-9.139705247819396e-6,-4.547431554090032e-6,9.021636273989404e-7,1.1139807951828865e-5,1.5700304249946257e-5,9.22405713422639e-6,1.7614447275012527e-5,2.1477989221790244e-5,1.3614669935194671e-5,1.4016221176766417e-5,1.4514561027240312e-5,1.2347338327517239e-5,1.604089966353515e-5,1.710861507391834e-5,1.8570341230544922e-5,1.2932714858299797e-5,1.072736014234989e-5,1.3147793858437875e-5,1.1164075331763585e-5,1.284817528925526e-5,1.3821475798938596e-5,1.540794289432047e-5,2.181721839062005e-5,2.8829238985444693e-5,3.179326294075942e-5,3.267353865987786e-5,2.8834298093936513e-5,1.5413178411596613e-5,1.4957857481296108e-5,6.9671483200018725e-6,5.195323937552378e-6,6.526202606900034e-6,1.03114763161995e-5,4.84508961816974e-6,1.5442027643532732e-5,1.0650428156669071e-5,6.767569013032352e-6,8.939105118860187e-6,8.655269144183361e-6,1.1452727521490984e-5,1.3734451655465097e-5,1.5134035136501836e-5,1.3079626866010677e-5,1.6428121531287762e-5,2.0837855372517886e-5,2.241673316980963e-5,2.2378473714044802e-5,2.776442613285518e-5,1.6261181891034558e-5,1.744875121258825e-5,1.611847424348693e-5,7.047457807418608e-6,1.3359625837548479e-5,1.5329850540974062e-5,1.0484729695015233e-5,1.0627729912841774e-5,6.404379754846473e-6,1.0785799545528557e-6,-2.1568463564475133e-7,1.8604370210326755e-6,4.828526636441159e-6,1.0769657695547446e-5,1.6883129663303946e-5,5.190236073485633e-6,3.772906281696441e-6,2.7785922057110083e-6,4.163271894370534e-6,1.4959289580221068e-5,2.0457305121717444e-5,3.067708050217518e-5,1.949616162222197e-5,8.374088045760474e-6,-2.5119515748357714e-6,3.0972554864929813e-6,8.564639161354124e-6,8.829888844388884e-6,2.3969697944972664e-5,2.6718565572976324e-5,2.1264991901432215e-5,2.16307278565197e-5,3.2602322146787386e-5,2.933867536564111e-5,2.411094539910236e-5,2.2625388157975442e-5,1.8666166545436514e-5,1.660731506447082e-5,2.27953320257925e-5,1.780881508256274e-5,1.5996459551187384e-5,1.6859659027410815e-5,1.5917418401883666e-5,1.1146391054699396e-5,1.1762740913353072e-5,7.048743089088506e-6,-6.674969144010727e-6,-1.2052591864561732e-5,-9.170436358689537e-6,-1.526876090818817e-5,-2.242370541754656e-5,-1.1267103999273212e-5,-1.3525255454281828e-5,-8.983117481446714e-6,-9.051116885825617e-6,-4.5785367196961385e-6,3.386203838842709e-6,3.531509560688571e-6,1.2700404978022621e-8,6.7153577666215126e-6,8.0067350680221e-6,-4.9952439597800555e-6,-1.3243678972534327e-5,-1.914475670038055e-5,-3.3706074975791504e-5,-3.146306865123768e-5,-1.7745024287868426e-5,-2.0987441415925822e-5,-2.02502129504212e-5,-1.8720142654792998e-5,-2.3780465574277863e-5,-2.1887263546876836e-5,-1.2328563046628718e-5,-1.3669649949537208e-6,1.1717686512152775e-6,1.5949262122185298e-6,-9.131697392402715e-6,-9.307093913931948e-6,-2.105991474164196e-5,-2.4483329680218254e-5,-2.522707918761764e-5,-2.5834097063782864e-5,-3.394068291879041e-5,-3.307440550557783e-5,-1.9329677745792967e-5,-1.5251733822974074e-5,-1.3248355893969408e-5,-4.791835009606706e-6,-7.443148320283862e-6,-2.846705008892079e-6,9.903004891974024e-6,9.65048155314975e-6,1.345650439655769e-5,1.753927883427251e-5,1.662233870854243e-5,1.5612390993759378e-5,1.4413578728527988e-5,1.428216669370217e-5,1.3463501146106358e-5,1.0993377594197623e-6,3.3845401793493604e-7,-1.1844737797220711e-5,-1.3421899058928502e-5,-8.217252798344555e-6,-5.781488222232083e-6,6.16400153876707e-6,3.704868072696166e-6,1.768072974150102e-5,2.0289026665456134e-5,9.980759580642572e-6,3.815973535921569e-6,8.808871057283768e-6,7.994475224602073e-6,5.415610047448761e-6,6.531096175760697e-6,1.1815434055535573e-5,1.3382393691980691e-5,4.673248900283047e-6,5.093660540032275e-6,7.843620306556487e-6,-2.5060461334109513e-6,6.102942748249611e-6,6.777499235477274e-6,-7.498875014464312e-6,-1.890112683353791e-5,-2.9411186112455955e-5,-2.3306120198057372e-5,-1.821663661316726e-5,-8.923532074926774e-6,-2.113973963827295e-6,-6.718573399358601e-6,-2.4873418317619105e-6,-1.1112553144975021e-5,-1.264531017102109e-5,-8.10093757605529e-6,-6.738884007415325e-6,-1.4017320859859942e-5,-1.6580718210178447e-5,-1.7582149793754635e-5,-1.9401804869434362e-5,-2.7531092869671684e-5,-2.4473354944299773e-5,-2.0547003134373608e-5,-1.2376906868004726e-5,-2.84293021100634e-6,5.7451425371357174e-6,9.16408057700711e-6,1.0300145709918104e-5,7.916997825564757e-6,1.4722429302126607e-5,2.416273350011847e-5,2.5411103141135767e-5,2.1380806570614143e-5,1.4592693679661225e-5,9.52906926431899e-6,4.732945810024829e-6,2.5533550656907612e-6,3.2755852596149886e-8,-1.0743242691968602e-5,-1.530117836207206e-5,-2.129019128275108e-6,-6.854639208049677e-6,-8.028425945747696e-6,-2.0686313456191007e-6,-5.626529311968865e-6,-1.2923874515763324e-5,-1.1612100317857367e-5,-2.1267852897153095e-5,-1.634859512001316e-5,-6.663152034037724e-6,-1.0911102823024774e-5,-9.40079402262296e-6,-9.893658058957633e-6,-1.953908013554816e-5,-2.4926290237268567e-5,-2.762572096872598e-5,-2.3931477156169616e-5,-2.373045650402521e-5,-2.1226183290789447e-5,-1.9942907757949812e-5,-1.4883180505173884e-5,-1.155948504552151e-5,-1.307173867065143e-5,-1.3288372734756834e-5,-1.144046864512889e-5,-1.4649990313221957e-5,-1.8523603761297046e-5,-1.709818897110129e-5,-1.7054854175264994e-5,-1.1111902529043075e-5,-9.19185760813144e-6,-4.480492780643173e-6,1.7171664244434216e-6,7.0446087460280084e-6,7.778240732640593e-6,-2.1909076585957595e-6,-4.59345200630478e-6,-2.72376272116826e-6,1.459379115171118e-6,1.0595332239534123e-5,8.772813569992108e-6,5.417241126148911e-6,-3.777785226448879e-6,-1.971887922315987e-5,-2.079165816386705e-5,-1.4461458703545985e-5,-1.3274958604515899e-5,-1.7114376290405447e-5,-1.2852628952550587e-5,-1.1140873814317799e-5,-2.315860275265627e-5,-2.674917358306443e-5,-2.5810869111333467e-5,-2.0308748273644923e-5,-8.66806482987239e-6,-8.126484343978917e-7,6.618349433849159e-6,4.868328197360767e-6,-6.052246125168481e-6,-1.5480422555602868e-5,-1.7570959309034536e-5,-2.032255497287078e-5,-2.2868318972492267e-5,-2.323521555110567e-5,-2.0055438997681028e-5,-2.318176909661815e-5,-1.909009912132161e-5,-1.5726687038808265e-5,-1.612281891317563e-5,-1.0721322869480147e-5,-3.4138410105493175e-6,-4.4111256144138107e-7,1.4401885526822088e-6,4.805900628628983e-6,-1.1605419869087317e-6,4.636907433724279e-6,-1.212020840535441e-6,-1.4713536845052473e-5,-1.2929855074534271e-5,-5.013320330997239e-6,-1.1682333452063946e-7,-1.6497464023344008e-6,-4.764758990243326e-6,-3.7608687665511667e-6,1.0240386287783824e-5,1.4597738778090359e-5,2.368798223229731e-5,1.968200921648647e-5,1.7676298464087942e-5,1.7734901779662432e-6,-5.044165662217663e-6,-1.587498793343345e-5,-1.793266615960534e-5,-1.4962934020675508e-5,-2.1804245864041315e-5,-2.817645632146973e-5,-3.421532464617121e-5,-3.5579178418750754e-5,-3.3388337265226746e-5,-2.935665490615951e-5,-2.239150288008612e-5,-2.38260875021561e-5,-2.5350965506647786e-5,-2.907005808303859e-5,-2.8984644474976375e-5,-3.1860791662810376e-5,-2.794719400351687e-5,-4.0622957370925726e-5,-4.146210149771966e-5,-3.138459808935839e-5,-2.2369457367025314e-5,-1.7621355671814496e-5,-1.8501585312898807e-5,-1.593896159658689e-5,-1.822281004803625e-5,-2.0448911482101616e-5,-2.2883352429548274e-5,-1.4519649212223974e-5,-9.93354809978067e-6,-6.0377614796638915e-6,-9.257321167975552e-6,-1.2247428496030394e-5,-1.5644580201806136e-5,-1.3948509128496555e-5,-1.922557143513607e-5,-1.655999167902303e-5,-1.121975383891337e-5,-1.0411633368341185e-5,-7.896192206427674e-6,-6.940746395404801e-6,-6.515394668616165e-6,-1.0225642852920889e-5,-9.303419532409532e-6,-1.797520550515904e-5,-1.5486388180719336e-5,-2.407675787711255e-5,-2.126976868292954e-5,-2.9230363601662714e-5,-2.1836535126663748e-5,-1.2044176616000006e-5,-1.0349193079813997e-5,-1.8564490730693647e-5,-3.250917804030931e-5,-4.78157017827425e-5,-4.325219409983281e-5,-3.3142509933856766e-5,-1.501143212467018e-5,-1.4038702131313169e-5,-1.4229229455683314e-5,-1.7891767408078444e-5,-2.196321561842077e-5,-1.966137046364347e-5,-2.5689324866817588e-5,-2.7563289784072332e-5,-2.0866568929778427e-5,-1.1541801248631932e-5,-2.8296425124477737e-5,-3.4460569312098765e-5,-2.9574007098479887e-5,-3.2038404162854125e-5,-3.556059320254063e-5,-4.397871477254606e-5,-3.437848855393258e-5,-3.0926740728092844e-5,-3.091680317493887e-5,-3.126209946465112e-5,-2.1665977383781063e-5,-2.272371097410581e-5,-3.217112147959729e-5,-3.105301263185486e-5,-2.2169068772062688e-5,-1.930055199698959e-5,-9.765451146126928e-6,-1.5347094476188604e-6,6.382175044983132e-8,-1.5670014011633742e-5,-2.6453657465058167e-5,-4.355214219251488e-5,-4.649422677376246e-5,-3.819304984689655e-5,-3.426560943448927e-5,-2.6079845430350488e-5
0.0005587341032503841,0.00039761994269621497,0.00029896054735821824,0.00023971712434106885,0.00019219365080792058,0.00015541205551921722,0.00013769201041875518,0.0001255506638094765,0.00011468415113587228,0.00010283065445538328,9.443794596112069e-5,8.41390953313794e-5,6.936493797019694e-5,6.563097242175513e-5,5.4938163846979836e-5,5.238310885956176e-5,5.738009666359289e-5,6.00019264258921e-5,5.675593729073869e-5,5.317706064080843e-5,5.187821974036891e-5,3.9409885671585945e-5,4.057027063428239e-5,3.461574782306623e-5,2.736735196485801e-5,2.4162072105117518e-5,1.909669946280047e-5,1.9985154906984625e-5,2.1170837633423315e-5,1.4293752478792606e-5,1.2157015400078804e-5,2.1277799906729314e-5,3.117363345889103e-5,2.343603929156545e-5,7.254742867386943e-6,-7.408716907460552e-6,-4.3488281917402205e-6,-1.757347127142049e-6,-5.800328988471865e-6,-1.2765050933450544e-5,-1.1636051396024516e-5,-6.032587809285049e-6,1.8949250828279643e-7,1.1525314009568102e-5,1.2672031168904609e-5,3.053894204476997e-6,-5.858620216143608e-6,-9.634274135772705e-7,-1.2205122052512996e-5,-1.6139547077581586e-5,-1.1817448147951176e-5,-1.0388462285130418e-5,-9.813040245004777e-6,-6.288150934849471e-6,-9.933823511064092e-6,-1.9352144542985535e-5,-2.6950055560922407e-5,-2.9660262345086594e-5,-3.243599327171998e-5,-2.389852160960048e-5,-2.164028758293151e-5,-3.141991244565687e-5,-3.985106491925663e-5,-4.132115358104455e-5,-3.979940289188694e-5,-3.619477690992018e-5,-2.937448073904139e-5,-2.4227327978559767e-5,-2.4454732555168557e-5,-2.452645081189098e-5,-2.257948455083357e-5,-2.3288225614392936e-5,-2.71360020037335e-5,-1.997833351296094e-5,-1.9614511994067445e-5,-1.4257343436783834e-5,-2.0488679747421432e-6,8.648696499165216e-6,1.4845611258375661e-5,2.605957605352293e-5,2.681663263892893e-5,2.0803466615008568e-5,1.8977449740572777e-5,1.9632268646813665e-5,1.8045433094410735e-5,1.4603640814107382e-5,2.0176273569470626e-5,2.1753554835393904e-5,2.1546684385469063e-5,2.3351247267499496e-5,2.6207225959183708e-5,2.41046405937309e-5,1.774140531733723e-5,1.6261007413073728e-5,1.7848627176392834e-5,1.8050960120778117e-5,1.9718359308600197e-5,1.3832852099340471e-5,7.106945429630381e-6,7.566893218360953e-6,1.2833195238155354e-6,-1.3610996580523464e-6,-1.2299970530273849e-5,-1.1127037167810505e-5,-1.1411868108369657e-5,-8.275653796247724e-6,-6.623078764539112e-6,-2.1407274776722805e-6,-2.5883383135236703e-6,-7.281780496546223e-7,7.5372218196721495e-6,1.532885877845151e-5,1.4640069351346216e-5,1.3006423812538196e-5,1.333819530971085e-5,2.0060020695431264e-5,1.8212381666744434e-5,6.374727527613409e-6,5.81896665189546e-6,5.949660845238075e-6,6.959852862152009e-6,8.95628882127229e-6,8.982501696808957e-6,1.5019441484786083e-5,1.0441744263745666e-5,6.525089318347915e-6,4.462273812129777e-6,1.6910394893132745e-6,4.251866864723807e-6,1.1470985794463284e-5,8.569412996251241e-7,-7.2985306367305e-6,-7.663261468459163e-6,-8.566871691055396e-6,-8.623883273066091e-6,-1.4738486489980713e-5,-1.29839884092798e-5,-3.070089539479668e-6,-7.288263018097588e-6,-1.0571882685002318e-5,-1.192342452207914e-5,-1.8225882565261175e-5,-1.9698122185016482e-5,-5.185676229723078e-6,-2.8009455494920665e-6,-1.4328885320625925e-5,-1.6684443843164846e-5,-1.184571723023703e-5,-5.671237034322641e-6,-7.148645908615182e-6,-5.754609010745267e-6,-1.2535102964216407e-5,-1.7694837605381237e-5,-1.3601261467432147e-5,-8.170696718393468e-6,-2.060770488352749e-5,-1.911572928743609e-5,-1.7336193432104367e-5,-1.621736230397743e-5,-8.486045928457602e-6,5.593956933974654e-6,3.775397550351858e-6,6.857239588902212e-6,-1.3611192493644493e-6,-8.467597906253927e-6,-8.241299135084038e-6,8.595670921069514e-7,7.765312043585267e-6,-1.2872210651873984e-6,-9.136350826479884e-6,1.1005114945951434e-6,-6.129579591679187e-6,-1.926842708557096e-5,-2.6410007097223945e-5,-2.603878779591224e-5,-2.3141279318913797e-5,-2.1773452954510227e-5,-2.976642663977715e-5,-3.795377258427388e-5,-3.5334288557849e-5,-3.2324403945579146e-5,-2.3386784704920687e-5,-1.70560635611237e-5,-2.3101302268159343e-5,-2.2866430910082933e-5,-2.9027581399738573e-5,-3.1981435009082044e-5,-2.779158305152971e-5,-3.539907473070648e-5,-2.7557944667604518e-5,-1.723850947262014e-5,-1.3626365986775958e-5,-1.2129226096211008e-5,3.3191371403146715e-7,-1.4350745647763833e-6,3.48210852661071e-6,3.392200973154507e-6,2.566546293531846e-6,3.856602275161176e-8,-1.2325770456422108e-6,-7.629156329676954e-6,-1.0430385020879703e-5,-1.1160382036362652e-5,-8.523605459911543e-6,-1.0031642094023995e-5,-2.5827230215648653e-6,9.41027819864212e-7,5.1790583296567386e-6,2.381500841459784e-6,-1.0253390388655185e-6,2.242798564149078e-6,1.617899774324634e-6,-5.231018539598361e-7,2.9854357220946437e-6,6.505541909860328e-6,-2.025779466615887e-7,-1.1906933851557192e-5,-2.218281453885561e-5,-3.196022973611445e-5,-4.5521280240714965e-5,-4.321480868512464e-5,-4.099318285238393e-5,-3.168067812934438e-5,-1.927008115999661e-5,-6.0137992184197635e-6,-6.949792069427789e-6,1.6264104363127328e-6,5.270525730968539e-7,-8.825272193448632e-6,-9.911905745492619e-6,-6.5649714897076885e-6,-1.345534562370974e-5,-2.1873258298113e-5,-8.115681939262562e-6,-1.4265680948596558e-6,-5.668050905486315e-6,-5.729417833617141e-6,7.5163317070554996e-6,1.2753543933810216e-5,1.2741908105895594e-5,2.1402711523458495e-5,1.503279592834043e-5,2.1441887169948843e-5,3.391017483543952e-5,4.1749751868602056e-5,3.545621887917073e-5,3.73360273937721e-5,3.6597352086577865e-5,3.3049716706719785e-5,2.7320218931117653e-5,3.0997584528248756e-5,2.901550929335304e-5,3.421609901809964e-5,3.5519694216344915e-5,3.303007580627677e-5,3.611862448423568e-5,3.178333083266581e-5,3.540061728029497e-5,2.9385201694501752e-5,1.792644768158657e-5,2.6411375443930748e-5,2.2605714300390935e-5,1.6002766331916144e-5,-1.0632612635568616e-7,-1.700074126224754e-5,-1.5701611893720918e-5,-5.49427156297812e-7,2.8873125778295043e-7,-2.3231365634874425e-6,-1.2529145387874896e-6,-4.1180223914654326e-6,-3.320967927379302e-6,-2.850692977339311e-6,-9.309494915359617e-6,-1.044293272378852e-5,-1.5172908652596262e-5,-2.1264240951206607e-5,-1.7915976061373863e-5,-8.085925504009239e-6,-1.8432561385107843e-5,-2.6043231769095958e-5,-3.763989040749774e-5,-3.912086954623574e-5,-2.8910770738319012e-5,-3.0329166051664088e-5,-2.6442046249922242e-5,-2.0555737584532116e-5,-1.7709523376614287e-5,-1.050108853329539e-5,-4.2438796748236064e-6,-7.772114313184818e-6,-3.8465025355732625e-6,-6.397514970813667e-6,1.706482210651254e-6,1.7346832830399472e-5,1.1132667704877433e-5,3.910814048242124e-6,2.5651592827433137e-6,-1.2335509972349023e-6,-2.2383462367259477e-6,-1.193236228934338e-5,-1.7014721334911897e-5,-1.3084964596524216e-5,-8.786862509052608e-6,-5.0139118604746745e-6,-1.192618510784922e-5,-2.0204702687675508e-5,-2.5359248913138625e-5,-2.4116442303038597e-5,-2.3676761424225918e-5,-1.2573906096956443e-5,-1.538191984402952e-5,-1.870668822038222e-5,-2.3338963563805974e-5,-1.1946076055768183e-5,-1.2503591530753097e-5,-6.621337285602089e-7,-7.360058829576652e-7,-5.996393421670261e-6,1.0986920341075178e-6,5.023369460283429e-6,1.5382827567144403e-5,2.1135505412526853e-5,2.1628150462165266e-5,2.0023506253421686e-5,2.5201135633957487e-5,3.234929145153798e-5,3.0802151248904305e-5,2.285551257841255e-5,1.547287440699063e-5,1.0538329629762753e-5,1.478357028301765e-5,2.350328603160144e-5,1.1526694815158238e-5,1.7283270835470533e-5,2.7169628940219082e-5,3.2509001494315776e-5,4.020961931101851e-5,4.785252395852046e-5,5.140274288327418e-5,5.4283400638895806e-5,6.421591788197094e-5,5.524700061888379e-5,5.433347427151822e-5,3.552883559321225e-5,2.766279883019474e-5,1.8031304064063405e-5,1.55121719800964e-5,7.097308129603537e-6,5.474582308741411e-6,-2.937896535404334e-6,-2.520535701045871e-6,1.4194632626421129e-6,4.689542319808268e-6,5.504364209755554e-6,1.8616163853183797e-6,-3.116104608117427e-6,-9.578956502889186e-7,-3.1623505934011694e-6,-1.1898364375701175e-5,-6.677718343465296e-6,-7.49230923249312e-6,-1.9887900977652146e-5,-9.429330975280608e-6,-8.305236241021561e-6,-1.1541792648791564e-5,-1.1729534314815638e-5,-1.9065502419314385e-5,-2.5355913537540916e-5,-2.520961680749101e-5,-3.218336991438098e-5,-3.4176192812123214e-5,-2.522486170168995e-5,-6.359958283180927e-6,-6.1313260952726e-6,-2.150958775871547e-6,-1.6058274883987834e-6,2.7124758028433843e-6,-1.147354851593383e-6,-2.3325505710913418e-6,-1.748155610559723e-6,4.153229373769159e-6,1.7238116521179265e-6,-5.322118883609474e-6,-3.0827336527600353e-6,-7.935804306942045e-6,-7.326317893661001e-6,-9.900319607812694e-6,-2.257849704227253e-5,-1.9468553155529862e-5,-1.4250695442091307e-5,-1.6768387577544768e-5,-2.6010712548152203e-5,-1.6493612273599794e-5,6.309256632742527e-7,1.1443229372854623e-6,-9.59540426332006e-7,-6.994062582095458e-6,-8.779719700603042e-6,-1.682332500924571e-5,-1.2912316577335084e-5,-1.1270908060964921e-5,-1.0163859812797579e-5,-1.4405624417018801e-5,-1.2684323325523424e-5,-1.0419444582559702e-6,5.393525241964882e-6,2.333794813131939e-6,-1.701737860776995e-7,-4.403854177506407e-6,-2.880970283980111e-6,-9.409072960667309e-6,-1.6558711688826235e-5,-1.0370249024448402e-5,-5.284019068786391e-6,5.915524631220886e-6,1.212270044419097e-6,1.3271727140693632e-6,6.463521377524073e-6,9.337824881459691e-6,2.0441395545372487e-5,1.49869926331028e-5,2.8371291798207033e-5,2.9112982198986706e-5,2.833815832680099e-5,2.6758276642449217e-5,2.326983588420543e-5,1.7896819386890335e-5,2.1623706719647345e-5,8.471483641723713e-6,9.572140041169042e-7,6.716872130955324e-6,6.42541597896616e-6,4.88407362961717e-6,4.4545863855788036e-7,-4.441867236075726e-6,-1.3150229934720523e-6,1.3053057596306568e-5,1.574879155188004e-5,1.7152469019041495e-5,1.83388821256404e-5,1.8240677100196852e-5,2.687856338469299e-5,2.6244343691060514e-5,2.763025816677778e-5,4.140075006899395e-5,4.625873585477045e-5,6.0224074886363974e-5,6.746774879065407e-5,6.037571088266744e-5,6.175240322003906e-5,6.610267892507401e-5,6.909178975140603e-5,7.54607882823665e-5,6.457331319278496e-5,5.6729838146902846e-5,4.530448278285686e-5,3.748884618435118e-5,2.8854888178687334e-5,2.638336736064793e-5,2.9727877446961584e-5,3.025911093249532e-5,2.1656717650141117e-5,1.4944773726472958e-5,1.4915054869789636e-5,2.135913548136187e-5,1.5619540987291894e-5,9.15824763389974e-6,1.1165570930932508e-5,4.5403524512606915e-6,4.000940393507752e-8,-1.3757720534645614e-5,-1.5896401008470362e-5,-1.669665478449333e-5,-2.2038369022918378e-5,-1.7668938578818304e-5,-7.97477578114537e-6,-1.8079175861657543e-5,-2.0716921100008535e-5,-2.7046482660269606e-5,-2.60743822815443e-5,-3.0450663838690823e-5,-2.8157670473598636e-5,-1.9064232072331393e-5,-6.039892833843741e-6,3.0628956784856325e-6,9.008375086296616e-7,-1.7216718005658214e-5,-2.8412293632591225e-5,-3.8306442769100886e-5,-4.0449885654434446e-5,-3.907787875230845e-5,-3.6828959430411326e-5,-3.2636792083466176e-5,-2.529249811906884e-5,-1.624486036548296e-5,-1.1102042008768022e-5,-1.0868933216928277e-5,-1.1654350140359398e-5,-1.1675295249028775e-5,-1.2673462637442182e-5
0.0005651897665895059,0.0004056836824959536,0.00032144747011440166,0.0002551567740663793,0.00021590280547931475,0.00019689173691228847,0.00017616326432183397,0.0001532570730017424,0.00013594989910034638,0.00012452932408522503,0.00011940434807807606,0.00011392124467545317,0.00010813480892213936,9.594006855032748e-5,9.13948891182598e-5,8.058021826464181e-5,7.679910129496992e-5,7.281693855408142e-5,6.480868767957203e-5,5.7408855041369843e-5,5.4049155760551935e-5,6.2577186148174e-5,6.85963051823641e-5,7.169220171935967e-5,6.538440566864705e-5,5.020251585102568e-5,4.007914345263253e-5,3.280741189355054e-5,2.6933640399987533e-5,2.9066552677532956e-5,3.056916529410009e-5,3.5963834089976416e-5,3.43535467721402e-5,3.542965788453887e-5,2.7347732108058446e-5,2.045853868217541e-5,2.541030888682049e-5,2.721769701223164e-5,3.0918725233111125e-5,3.2082224601938355e-5,3.1225657613835206e-5,3.339194453779646e-5,3.1360819007591345e-5,2.4556878699432667e-5,2.2356835091200835e-5,2.692885642372886e-5,2.360601161388842e-5,2.4237361494279188e-5,2.2238573370086876e-5,2.0624337320116173e-5,1.7198412206317745e-5,2.7064263758450194e-5,2.9201432154752464e-5,3.601345202809589e-5,3.898265024529847e-5,4.576052630774409e-5,4.209813296822589e-5,4.1705265543393936e-5,3.927551918138938e-5,4.0040147248403286e-5,3.6536384463623844e-5,2.6479851628184448e-5,2.4353057632922996e-5,2.4565100525527277e-5,2.6462948318187986e-5,2.9665125239245052e-5,2.269263977473673e-5,1.225659078227043e-5,5.323312126095293e-6,1.3941628501026479e-5,1.3749624046012087e-5,1.604407897443252e-5,1.3077946334963878e-5,2.693945818199948e-6,-3.2421754734907585e-6,-8.25713921005955e-6,-7.882756455984315e-6,-5.748176155847119e-6,-8.481980206238868e-6,-2.353486505060708e-5,-3.443191445806725e-5,-2.8824786184850718e-5,-1.4033751169334246e-5,-3.93393166635395e-6,-8.542370634412007e-6,-1.563508126114284e-5,-1.2607792379817967e-5,-9.944730533643439e-6,-1.2432828088251311e-5,-8.769249694006452e-6,-1.2276255078665391e-5,-1.1511609137016564e-5,-1.0572692963720036e-6,3.2228667473613293e-6,7.2734422453622425e-6,7.062570132230761e-7,-2.7626680002051345e-7,-5.384529179502671e-6,-4.820764702615758e-6,-4.342537397612207e-6,-5.803849962022656e-6,-6.707695167160885e-6,-1.1028557321390355e-5,-1.5782188703520345e-5,-1.4219981244863595e-5,-7.29900177134885e-6,-2.555938839994872e-6,4.666385557251543e-6,6.6495753864394815e-6,1.0579981744975334e-6,-3.301191997464107e-6,-6.7468277930952834e-6,-1.556133320198637e-6,4.357580021484944e-6,9.855608479092551e-6,1.4092712220677293e-5,1.6667913389004366e-5,1.4916264532756439e-5,5.30057663661548e-6,-1.200982472682726e-5,-2.0935884933400553e-5,-3.141396022139782e-5,-4.164079157301476e-5,-3.4281525297126454e-5,-3.2705058132605845e-5,-3.234525386817742e-5,-3.197154566116053e-5,-3.191995175924643e-5,-2.5334367646250488e-5,-1.3945836093423878e-5,-1.563701181540419e-5,-1.1692048212524665e-5,-1.1327445686042593e-5,-1.1159510490298418e-5,-1.5115317622767055e-5,-1.5958846198785388e-5,-1.432778649974517e-5,-1.2009062327344135e-5,-8.49531139032794e-6,-1.6371870573729672e-5,-2.9346013473252197e-5,-3.056216647568721e-5,-4.155746116594656e-5,-4.298045146602487e-5,-3.861180138189671e-5,-3.947476047584762e-5,-3.541171263784163e-5,-2.602464600717417e-5,-1.9573677173837848e-5,-2.1187421277465707e-5,-2.4231838810497117e-5,-2.6633319758802018e-5,-2.9283762203796356e-5,-3.995585355179922e-5,-4.012140179275637e-5,-3.622452348973565e-5,-3.831710625763716e-5,-4.1280226776478006e-5,-2.775904658503042e-5,-2.982867825202975e-5,-2.635391072732838e-5,-2.4543839403413163e-5,-2.9579941498657722e-5,-3.8571386519100885e-5,-4.3634207906324646e-5,-4.582153000832751e-5,-4.9041167248552213e-5,-4.910693402525584e-5,-5.1555394030757536e-5,-4.931009361709602e-5,-4.591070727072087e-5,-4.303648077911898e-5,-4.0670660879173844e-5,-3.5042544509245114e-5,-3.1967249744028484e-5,-2.2593913603063148e-5,-1.1839411190354997e-5,-4.190108905119837e-6,-2.8394513170701915e-6,1.3918503119040825e-5,1.6969004404093067e-5,1.9190242193156417e-5,1.2180397975510613e-5,7.054336799810983e-6,5.587601387673027e-7,-9.900640240447423e-6,-1.33566676928613e-5,-1.8550002186088963e-5,-3.124152810963978e-5,-2.90827949825897e-5,-2.7809145105152036e-5,-3.8248697916666716e-5,-3.149478118267687e-5,-3.859287744487892e-5,-4.0371936202852143e-5,-4.339821742626229e-5,-4.101237478897249e-5,-3.7165925351745425e-5,-2.9134291997791444e-5,-1.668263815639233e-5,-8.50434643698839e-6,-1.2390032818801377e-5,-9.953824765387416e-6,-2.949118945445753e-6,-9.706124452466324e-6,-1.2942329307623267e-5,-1.5444324585422125e-5,-1.484087932698587e-5,-1.1217779228955605e-5,-1.2606456290020058e-5,-1.8350805925984916e-5,-2.86087386639976e-5,-2.9564555893596512e-5,-2.889148627090626e-5,-3.4215534109216656e-5,-3.9682167515516524e-5,-3.8582107620814974e-5,-3.3498895142970005e-5,-3.57113779574668e-5,-4.219837064737523e-5,-2.684585144955127e-5,-1.4970487311982683e-5,-1.2955666053540537e-5,-1.3378634757608591e-5,-1.8903103303908232e-5,-1.7701354574726926e-5,-2.168528131239176e-5,-9.466106423517779e-6,-1.0153976570438503e-5,-1.1803879561506902e-5,-5.212734954978409e-6,-3.0791356113957046e-6,-7.393646954550477e-6,-7.295743189020698e-6,-2.339142285644661e-6,5.909230441177462e-6,1.7743246491779217e-5,1.5666289457593855e-5,1.9045056088251385e-5,1.4177645522908205e-5,3.6985184160930645e-6,1.383759412687899e-5,1.2147353631916797e-5,2.249913901691997e-5,2.7548851184863286e-5,3.789185335528392e-5,3.6032839659364136e-5,3.0798875702809405e-5,3.226162663045241e-5,2.7280901507337595e-5,1.703242549189818e-5,1.1273895517134853e-5,4.901476209305402e-6,-2.759142382101009e-6,-7.852853938766614e-6,-1.535812286047182e-5,-1.7058672046281585e-5,-1.5753307432709088e-5,-1.1999836653437247e-5,-7.6766652461613e-6,-1.5674823175662372e-5,-2.4567119027169574e-5,-2.103530105521629e-5,-1.779225146051328e-5,-1.5952412048338547e-5,-1.9905565918063194e-5,-2.570162117016795e-5,-2.389305355894568e-5,-1.8151662767373995e-5,-1.3812546560876215e-5,-8.697146521463058e-6,-1.676643507268109e-5,-2.109024592699607e-5,-1.4963308893474515e-5,-1.1706414064623129e-5,-7.437297616260897e-6,-1.2557021846715338e-5,-1.9538968245879603e-5,-1.0175618798859096e-5,-5.260329297650192e-6,2.8328974590910122e-6,-1.0732114300110232e-6,2.9411995802006795e-6,-6.3029997120838125e-6,-7.2258088435379865e-6,-1.680964640615865e-5,-1.5847324608429765e-5,-2.8146705883452897e-5,-4.081604972718254e-5,-3.836888289442411e-5,-3.8224404553822115e-5,-2.717063404972251e-5,-1.8138779704868065e-5,-1.4373025264293083e-5,-3.582590082078303e-6,-9.048823723483753e-6,-1.467183287396763e-5,-1.9143157895877487e-5,-2.876671074289058e-5,-3.366593445157331e-5,-4.134160822088066e-5,-3.914267676867361e-5,-4.2684698160031184e-5,-4.1795165739871584e-5,-3.607843206850389e-5,-3.0953899076622694e-5,-2.00159243804741e-5,-2.1592666162027212e-5,-2.1617466924082518e-5,-1.8123838195967654e-5,-1.0421549066278828e-5,-1.723922943689595e-5,-1.5112382932402136e-5,-1.5014323875880661e-5,-1.580483630684498e-5,4.546849287192395e-6,7.70838997157354e-6,8.855132056491589e-6,1.231889553898656e-5,6.968903282850005e-6,6.677366380500388e-6,-2.098407477034156e-6,-8.550391644639833e-6,-6.595249154716879e-6,-6.5923204608993005e-6,-9.81028191295948e-6,-1.5298783875950178e-5,-9.862996625249343e-6,-7.84513659419019e-6,-7.632617210824136e-6,-1.4683405015699283e-6,4.356404296530432e-6,6.648121833323383e-6,1.2471886558941155e-5,1.1726632394413844e-5,9.649238285148181e-6,7.562211428132329e-6,1.962560901452525e-5,2.068925269553146e-5,1.9512357941764335e-5,1.582570854364924e-5,1.74373007885988e-5,1.5793331160512745e-5,8.722507465867959e-6,4.374993541253264e-6,-4.391048621852629e-6,-8.042113142574237e-6,-8.705534075917935e-6,-1.3569695246302266e-5,-2.8805520815845803e-5,-2.51610641194731e-5,-2.6571182210565528e-5,-2.9787203524363064e-5,-3.676276752692345e-5,-3.0137977276621047e-5,-2.596218694580237e-5,-1.5108520777730239e-5,-1.0420955720525194e-5,-6.349313854271123e-6,-1.3063285288672417e-6,2.7388355593595175e-6,-5.357442312700881e-6,-5.552131090599377e-6,-8.090884374079333e-6,-1.98231615636346e-6,-6.20551441157459e-7,3.289063788117517e-6,-5.053048772133447e-6,-9.539533522380168e-6,-9.341394048838514e-6,-1.2617770646997978e-5,-1.7458966129116394e-5,-8.412935403377552e-6,-2.549364793103147e-6,9.500095877856788e-6,2.124558880265077e-5,2.269180708314452e-5,1.5696853125972312e-5,2.1149504405411435e-5,2.447969445072002e-5,2.4466951104996463e-5,2.2443960353607268e-5,2.2976048062553928e-5,1.6871625367396114e-5,1.504221959398838e-5,1.0584503994150032e-5,1.7127391452905837e-5,1.4902933414519843e-5,1.937203312740761e-5,2.0550240948353993e-5,1.5593766398890536e-5,5.978289744651428e-6,-6.084545354530142e-6,-6.954514510301887e-6,-1.555893064019028e-5,-2.116170000398636e-5,-2.4489625845639082e-5,-1.8607737775996457e-5,-2.0228070005482328e-5,-1.880553915527804e-5,-2.4804583442414385e-5,-2.1891039826109574e-5,-1.587440233832519e-5,-1.2341033560583302e-5,-8.679689150842496e-6,-6.155776494224956e-6,-2.740022013217926e-7,8.018087595547413e-6,3.2518369416560147e-6,9.31846052475964e-6,6.28601899846426e-6,1.2969969801353314e-5,8.046743090615957e-6,3.933481441875233e-6,7.129871160747499e-7,-1.5840011729041857e-6,-1.2173021589109937e-5,-1.1493042590518145e-5,-1.8338874466464104e-5,-3.0189070729123972e-5,-2.8756296532785713e-5,-2.666213403276964e-5,-2.3389785982903168e-5,-1.8902758802268045e-5,-1.9034779478161217e-5,-1.3336258808381714e-5,-1.976023447312479e-5,-2.2340710822671163e-5,-1.6035682463294768e-5,-7.452051620128114e-6,-1.37679470369615e-6,-6.959553458115875e-6,-6.979949540889447e-6,-8.818201540354078e-6,-2.3648579094734945e-6,-4.9434225466512745e-6,-3.0313645701554944e-6,-9.390807931242277e-7,-6.274355008715341e-7,-4.230595034323473e-6,-1.3399495647548864e-5,-1.4840945688933736e-5,-1.1597635318388233e-5,-9.50042756296058e-6,6.24314780170467e-6,6.503064800499781e-6,9.893202541788427e-7,5.58835428562087e-6,1.0611190981340899e-5,6.361329100792458e-6,5.567284744570534e-6,6.050857453754653e-6,1.3463666409622106e-5,1.8486054192525134e-5,2.1984378906815752e-5,2.0661825447021578e-5,2.965449860613762e-5,2.7898760778344737e-5,2.7123998049543714e-5,2.365206540892421e-5,2.0107951703299043e-5,2.7255806514006956e-5,2.889651827232808e-5,3.248924557269412e-5,3.0945223184880824e-5,3.638752092528137e-5,3.8508806951386515e-5,3.892701087083384e-5,3.9172542909844845e-5,2.6803750015196654e-5,2.8993926372782176e-5,1.8139996490414494e-5,1.9312963152011923e-5,1.8435295958267126e-5,1.6323960508946965e-5,1.991684780926116e-5,1.6434027801604516e-5,9.889022819605748e-6,9.617328300251984e-6,5.038814721895761e-6,2.5060896389118355e-6,-1.043765775336751e-6,-6.488184452867788e-6,-3.5592614923993676e-6,-8.569463617353004e-7,-4.820380619744235e-6,5.545150987119896e-6,7.5526743209550844e-6,6.850643133147523e-6,1.4858924875137018e-5,8.14364412025514e-7,-1.4478694735572599e-6,-1.0531574031804897e-6,-3.260776199918653e-6,-1.8265583566141164e-6,3.4124141204665933e-6,2.8256302366812916e-6,-1.9374955638975684e-6,-1.093806066136793e-5,-1.6860014364924013e-5,-2.154294237678427e-5
0.0005874737440622577,0.00043532077009515887,0.0003421193243510464,0.0002841606507329074,0.0002429753440352657,0.0002081038694679943,0.00017266291546357164,0.00015124901070577928,0.00013546185801083512,0.00013115617865808735,0.00011137440158262773,9.458420768710887e-5,8.59452220907755e-5,7.914156099035338e-5,7.151775203938663e-5,6.646461355014017e-5,5.72808239170216e-5,5.041166656410542e-5,4.443752899733705e-5,4.040767378650127e-5,3.219330812734521e-5,1.9715913626368946e-5,8.918010229531057e-6,8.98833899203171e-6,7.985405928988286e-6,1.209808768718981e-5,2.0391384467789e-5,1.7508327891617746e-5,1.693920713529924e-5,2.9815732290321512e-5,2.740785252419957e-5,2.2161934886899764e-5,1.221226509692523e-5,-5.605306312091196e-6,-1.8480870763315595e-5,-1.4656752805272489e-5,-7.493923266448803e-6,-7.008807095997263e-6,-9.922020704802618e-6,-1.9956125100798363e-5,-2.4953895445374333e-5,-2.256353064766644e-5,-2.7861880519595265e-5,-2.8893027849887367e-5,-2.5442033887075964e-5,-1.5253086154624197e-5,-7.096336983870196e-6,-3.5382537089718855e-6,-3.930143552356691e-6,-1.6439408150386365e-5,-1.8951663391159282e-5,-2.9146071208987954e-5,-3.982430409564647e-5,-4.5326122661547795e-5,-4.819397389632148e-5,-4.832841080762432e-5,-4.1635986355305826e-5,-3.264306200681314e-5,-4.156445691694189e-5,-3.610882385311623e-5,-2.962603291644123e-5,-2.428240616728369e-5,-3.2745568329995545e-5,-3.263186284244061e-5,-3.733381788256592e-5,-2.8507735929758705e-5,-2.1879436677549445e-5,-2.929236176624343e-5,-3.39223603032578e-5,-4.046451811040113e-5,-4.7980711347985546e-5,-4.799488672674862e-5,-4.111853978428075e-5,-3.1507716703327953e-5,-1.7105430871042604e-5,-6.622593776784884e-6,4.585890667535368e-6,1.1073958785221705e-5,8.665177995218819e-6,6.479342895074016e-6,-4.5560771561091135e-7,-1.1138567288342961e-5,-2.2596549097707006e-5,-2.3153364798538982e-5,-1.842504849448009e-5,-2.0116733662466064e-5,-2.2528555383086175e-5,-1.752079632099587e-5,-1.2153611962301712e-5,-1.8064206157938224e-6,3.6952527710292806e-6,1.140733480432113e-6,7.445873662098256e-6,1.1336577224935355e-5,1.2777169634211884e-5,8.863101252857947e-6,-5.46339078504172e-7,-6.465525295353221e-7,7.047962046014586e-6,2.723496910288745e-6,-2.829851640614873e-6,1.3654005413794795e-6,3.286683138611172e-6,1.9435695405354806e-6,6.229183647470115e-6,9.772396786701825e-6,-2.2869558992394428e-6,-6.1031938583925945e-6,-1.3236155326531717e-5,-1.4282567249307972e-5,-1.603078446926642e-5,-1.8726064394269112e-5,-1.3996133455706184e-5,-1.1547182079211263e-5,-1.6429188841592454e-5,-1.9471937989064916e-5,-1.8992295430981908e-5,-9.449218693753328e-6,-1.3110523946745834e-5,-1.348170070524568e-5,-5.361443313328156e-6,-9.2863323893355e-8,1.5173037890802713e-6,6.102889679079539e-7,6.0218760925282775e-6,1.2029103642216215e-5,1.243461280630454e-5,-2.0021166377332288e-7,-6.142704145284842e-6,-8.347332898657496e-6,-5.510765908069608e-6,-4.7423813248004093e-7,2.539219009658863e-6,3.1996396862336032e-6,1.0822525632153913e-5,5.310885080274536e-6,1.042474931045338e-5,9.439101637743471e-6,5.370563567117507e-6,7.45658581376294e-6,1.1204589310410624e-5,1.0386463703369027e-5,2.726460287373424e-6,-8.362836691096281e-7,2.190447100397882e-6,-8.297638004887805e-7,-3.922513614200444e-6,-1.961743993261808e-6,-3.8759594560499234e-7,1.1374960603591859e-5,1.1009808285800439e-5,4.435699674973199e-6,1.078802685009758e-5,2.151403173251742e-5,2.780843149981855e-5,4.0290538148236845e-5,4.3675371765591664e-5,4.7075130250360396e-5,5.3546147176182617e-5,4.2880626394189674e-5,3.797705981782772e-5,2.7164616430644267e-5,1.5136731356055117e-5,8.140340712024478e-6,1.3400460813674596e-5,1.1213709835843088e-5,1.065896963681131e-5,8.950284511453258e-6,1.0063885533951917e-5,1.4817135988540286e-5,1.4061965148857592e-5,1.1101923666472005e-5,1.3254524581525007e-5,1.4898688772911126e-5,1.2126641659091585e-5,1.5076956488131658e-5,1.3055650450055665e-5,1.573867945791312e-5,1.941233314912882e-5,2.2065155303323546e-5,1.716326285734513e-5,1.882702537706341e-5,2.452462908644448e-5,2.1605454802918322e-5,1.4369016220517724e-5,1.3212870767669107e-5,1.600644304042395e-5,1.684757695889025e-5,1.2935419333294432e-5,7.601332078585484e-6,1.629842385690848e-5,9.265161888499578e-6,5.436920953096441e-7,-3.957957527333831e-6,-4.530935934847508e-6,-8.779071162183609e-6,-1.2069449828505291e-5,-6.6094380676396e-6,-9.10603712284032e-6,-1.3992944209938417e-5,-1.9257172424349425e-5,-2.243674435316322e-5,-2.0347196259121222e-5,-2.128664667640251e-5,-2.5185916450997234e-5,-2.7743759298935005e-5,-1.7142421160896674e-5,-9.987405220377735e-6,-8.607098400007722e-6,-1.1707283290663712e-5,-6.386597698289326e-6,-5.724334674811911e-6,-8.676621179061359e-6,-1.759232286346771e-5,-1.620406991366573e-5,-7.935540107298349e-6,-1.3426312313581145e-5,-1.4094916372459274e-5,-1.5261999670638473e-5,-9.34755246927079e-6,-6.838096686138878e-6,2.387961833374175e-7,-5.470661811441102e-7,4.5267648582369725e-6,5.466740644152179e-6,4.88619592902849e-6,2.026951240284013e-6,-9.82660614336088e-6,-1.8304671675434143e-5,-1.5114467287349123e-5,-1.44055132637394e-5,-1.601661339272486e-5,-1.6735170576563465e-5,-1.5519597292520922e-5,-1.4278086782427366e-5,-1.8478107408075633e-5,-2.86862198223317e-5,-3.298730392875876e-5,-2.9256197173912908e-5,-3.1898923145108484e-5,-4.129772770054289e-5,-4.411366030606317e-5,-3.822615705498171e-5,-2.855446474889951e-5,-2.185062659415039e-5,-1.9654608938793824e-5,-1.3098055476954382e-5,-1.6085982423906098e-5,-1.6830823171113372e-5,-2.259791196680175e-5,-2.292077067057325e-5,-1.120833067251193e-5,-7.541690576433948e-6,-9.254882077024982e-7,3.493445508949097e-6,1.5964218062834067e-7,3.334710799550312e-6,2.4097948408585417e-6,4.577098820470324e-6,5.585122881101482e-6,1.4111291581410827e-5,1.4917079931755179e-5,1.426738735358148e-5,9.46671833820088e-6,4.072866981819547e-6,4.499251491086777e-6,-1.3133371307798988e-6,-5.437193705620884e-6,-1.4482740949209692e-5,-1.6533794070401893e-5,-1.792175582793704e-5,-1.4747252400618482e-5,-1.464671514635987e-5,-1.950532402774663e-5,-2.0643639826049376e-5,-1.9907086017898524e-5,-1.7318468780260482e-5,-1.9828186134378656e-5,-1.3339859082235658e-5,-1.5209851684309506e-5,-8.050769451906764e-6,-1.6602569468581982e-5,-2.2934122388935874e-5,-2.1090053689525332e-5,-3.446086022003135e-5,-3.974119176528674e-5,-5.0080335247332866e-5,-4.708773779870043e-5,-4.08992815027472e-5,-3.655942592968057e-5,-3.092950094211233e-5,-2.137952251332478e-5,-1.2950109451138705e-5,-1.4838756005671039e-5,-2.3445748023150765e-5,-2.605930160341801e-5,-2.8873574505662406e-5,-3.217842707164669e-5,-3.334815041955065e-5,-3.592342589627843e-5,-2.8782300444495224e-5,-2.3414301114246818e-5,-2.064652625425436e-5,-1.2835623509051938e-5,-8.615288429949473e-6,-8.47942403416782e-6,-2.6537921612897413e-6,-1.4527530689459608e-6,-4.291171332465656e-6,6.134773617874064e-6,-3.0486485089849834e-6,-3.4276330058832525e-7,6.232904301547309e-6,9.822889423928749e-6,5.575015641981105e-6,1.255718625863633e-6,4.063959097893932e-6,9.795941643522718e-7,5.272941320777788e-6,9.21668675293012e-6,3.9350879550540825e-6,9.301443526500525e-6,1.0389686453983092e-5,8.454347426744682e-6,1.530552787453825e-5,8.694455005163064e-6,6.749359989622798e-6,1.4638704461995226e-5,2.8440250873461598e-5,2.416038590385908e-5,2.1391035922548646e-5,2.5789363465182214e-5,3.382907592072696e-5,3.549840385943912e-5,2.3247839802209252e-5,2.14667599331462e-5,2.0771137844400463e-5,2.669324671922657e-5,2.966212584591089e-5,2.7504238823435528e-5,2.4210294041539432e-5,2.787642476345598e-5,3.4245561364017515e-5,2.437606284618718e-5,1.3457264002595982e-5,7.497507261978553e-6,-3.0408418929062694e-6,-1.0604132589627436e-6,-9.682518688096273e-7,4.676616838093074e-6,1.0039056322533775e-5,2.3050331807360323e-5,2.7603516662416277e-5,3.07980558577634e-5,3.472574487643686e-5,3.0789910058463964e-5,3.9606179345030146e-5,4.172917326708339e-5,3.5666095168588004e-5,3.893974872982514e-5,3.4673369319215805e-5,2.4220846571492973e-5,2.3088735331176754e-5,2.2510953273830597e-5,2.8934619746037388e-5,3.004339614559742e-5,2.8674116361132698e-5,2.5781639873485668e-5,3.764981176702907e-5,4.184190020919383e-5,3.1626817387594836e-5,2.302002707085675e-5,2.2943925763912704e-5,1.7567449720906378e-5,4.6579224472665e-6,-1.7892730016999234e-6,-6.450901244570065e-6,-7.670149596376088e-6,-1.806063826077416e-6,2.093407161894743e-6,8.682722155456713e-6,6.8284416246826695e-6,1.2613244252244855e-5,9.807520562515102e-6,5.683566096852967e-6,1.0481306080945584e-5,8.146319209676071e-6,5.6721313854848706e-6,5.208820227534098e-6,1.0345353021751763e-5,7.612065703525373e-6,-2.0819315654838603e-6,-2.1674676407156716e-6,-1.534296961131665e-6,-4.025730140648002e-6,-2.92329955177744e-6,-3.2660227365147458e-6,-4.503575408632321e-6,4.439088342495596e-6,2.8740706974552756e-6,2.763920700368502e-6,7.60539672207458e-6,1.4560785604959613e-5,1.325001121366278e-5,1.7172705754336988e-5,1.0669233173207848e-5,7.336241574783824e-7,-1.1429162715138631e-5,-1.556661909391046e-5,-2.4226515312265713e-5,-2.8214115109284207e-5,-1.613850554788213e-5,-8.680735843378245e-6,-1.2691237250810248e-5,-1.750832692293408e-5,-2.4145019744260385e-5,-2.3096596413280583e-5,-1.8138525752851006e-5,-1.4098442868338139e-5,-1.4784547041515376e-5,-1.9613514772943e-5,-1.0858531446929409e-5,-1.3688078525267274e-5,-2.678729309477913e-5,-3.421668978531352e-5,-3.446910165001798e-5,-2.1734188681119674e-5,-1.6818582365335352e-5,-9.845466923280845e-6,-7.279565233954729e-6,2.574276084969847e-6,6.022617859440093e-6,4.864784828081745e-6,1.46327632146293e-5,1.3731799806945209e-5,1.731241613970523e-5,8.937691472699299e-6,4.208201537266379e-6,6.44665833806514e-6,-2.8524942746638697e-6,4.529395564815986e-6,1.0536245910553372e-5,1.1202966495940548e-5,1.3089386055202801e-5,1.89503018990513e-5,2.3755188972733863e-5,2.121285921025477e-5,1.9072210471222237e-5,1.6222369465228314e-5,2.3615622858825402e-5,2.676983888409485e-5,2.403168963142422e-5,2.4396535514783513e-5,3.794897741176344e-5,3.662958085798457e-5,4.035216359051892e-5,2.6593894770240395e-5,1.4094207766982996e-5,2.2708531212938526e-5,2.6768193449117224e-5,2.493782924204144e-5,2.1940685271745632e-5,1.8234114909616373e-5,1.8337259659943375e-5,1.9583100984399427e-5,1.3315790996887953e-5,7.874575684351575e-6,1.1121095380790852e-5,1.0604363507388309e-5,1.6085825203993302e-5,1.0500099624607921e-5,1.076888717844503e-6,-1.1191981109531542e-5,-1.2705116772116663e-5,-1.464556691685954e-5,-1.7705823783160238e-5,-1.835177018250697e-5,-1.1410663782234442e-5,-2.6652515746752365e-6,-3.473703070150846e-6,-2.4888923971615583e-6,7.039749353421196e-6,9.42865794405651e-6,4.816750713865808e-6,-6.153666099984289e-6,-3.2321332615616766e-6,2.383777964362697e-6,-3.5064932916969753e-6,-3.956622148200146e-6,4.231392877053229e-6,1.4028310439356952e-5,1.7268793086230882e-5,1.105329544410291e-5,5.629400157880656e-6,-5.23527343167877e-7,4.153680574871875e-6,-1.2462199453339077e-6,-8.035745065444826e-6,-1.0995789470494829e-5,-2.1175187536004046e-5,-2.8177055935330635e-5
0.0007137762314332567,0.000571634691049645,0.00047899685374012935,0.00041090814078997416,0.0003627471804180678,0.0003307636166729678,0.00031001615554820055,0.00028860035628057164,0.00026138721065937294,0.00024325500180840084,0.000224798631289239,0.0002008252321045935,0.00018700601534588234,0.0001757365349980008,0.00016968479106239538,0.0001611979278186479,0.0001507933608904861,0.00014848821528290522,0.00013654444294600127,0.00012843069663820024,0.0001194285035482547,0.0001246720109171669,0.00012764759888601483,0.00012387667249789876,0.00011130409141181272,0.00010857356225741176,0.00010317107500002341,0.00010155490162524558,0.00010580467324758753,0.00010350530053891353,9.73408642775807e-5,8.354732991974696e-5,7.641902303223541e-5,7.684434121413455e-5,7.985941606367395e-5,7.853099773859493e-5,6.868345255612119e-5,6.752425443672832e-5,6.0464003754639844e-5,5.608666756356721e-5,5.2026655263145406e-5,4.9847368677130456e-5,5.036021289551022e-5,4.816169438768106e-5,3.9353188688235366e-5,3.7229661274664616e-5,3.191901617678084e-5,2.8880601465341573e-5,2.7997358432757565e-5,2.5683277923221032e-5,2.151685025254311e-5,1.7405066886080953e-5,2.3159299873912888e-5,1.1129941629442405e-5,5.562271979463231e-6,5.74122103720122e-6,2.5867774690490723e-6,7.899857119840122e-6,6.184591625440273e-6,2.4888652640196264e-6,8.033853397828933e-6,8.428915997088435e-6,1.5676994547138075e-5,1.2983605646631812e-5,1.2307182245896492e-5,1.0646727930633506e-5,4.1105430958321015e-6,-5.769793480913154e-6,-9.812265732872037e-6,1.2842116437600163e-6,3.8129388304652657e-7,-3.092341447729643e-7,9.84843221865638e-7,-1.1667164460741038e-5,-1.378771227703427e-5,-1.7498962817789635e-5,-1.3482150805394247e-5,-6.357295567283943e-6,-2.775652625017714e-6,7.651322398120213e-6,9.364955929640621e-6,9.250704960911106e-6,1.161613919128439e-5,7.449956160860064e-6,3.049132877412468e-6,-3.5979895567744904e-6,-2.2689463651063437e-6,-1.0803131350032039e-5,-1.832623944381577e-5,-2.299910850006366e-5,-2.991634751617646e-5,-2.432356667816544e-5,-3.292180350778237e-5,-3.987013080999766e-5,-5.1163589208683205e-5,-5.083968880839986e-5,-5.5544444571627845e-5,-5.192699909818882e-5,-4.784794691931439e-5,-4.5481864628847184e-5,-4.585759305475184e-5,-4.1775061831318554e-5,-3.582856615458558e-5,-3.630858927995456e-5,-3.256691575078845e-5,-2.8830486101043265e-5,-2.8637172023382596e-5,-2.440715907286335e-5,-1.5846679818950337e-5,-4.855279029699722e-6,-8.66933948175763e-6,-6.6154538231668785e-6,-6.154117272681989e-6,-1.2554453933940796e-5,-1.2868050566479709e-5,-2.6029259403834175e-5,-2.6259288096132915e-5,-2.918643459567501e-5,-3.0958900677567736e-5,-2.0049186621939033e-5,-2.0365577150565237e-5,-1.9361299334551733e-5,-2.762846589351259e-5,-2.13859839657039e-5,-2.1581415942150635e-5,-2.5110127670159443e-5,-2.002341718991347e-5,-1.6984339499222845e-5,-2.1482448708358994e-5,-1.8000941929365655e-5,-2.3751967820493035e-5,-1.9849523222695167e-5,-2.5738139808713356e-5,-2.9627913622991733e-5,-3.312422908216055e-5,-3.557338827857885e-5,-3.259916864259888e-5,-3.137145500164438e-5,-3.114956578173045e-5,-3.516284467124455e-5,-3.0479223915830004e-5,-3.267700752085889e-5,-3.706727134475102e-5,-4.0820302610845255e-5,-4.004581232093627e-5,-4.27182654953757e-5,-4.456952160166088e-5,-4.334607291412573e-5,-4.032727561575894e-5,-4.0374443558912605e-5,-3.7468120321119565e-5,-2.5172508620608056e-5,-2.0163092697464593e-5,-2.4444547795370234e-5,-2.5774464929511768e-5,-2.8379363042386193e-5,-2.712355630399479e-5,-2.6084173253960355e-5,-3.2964073272859254e-5,-3.9508730752519715e-5,-3.879586019009076e-5,-2.3875393448418205e-5,-2.0482425990653313e-5,-2.5402347040753738e-5,-2.5967948928490514e-5,-2.7008412762586046e-5,-2.1627350034167458e-5,-2.464513575062703e-5,-1.7796439186935172e-5,-2.016300098689199e-5,-2.15609298274163e-5,-2.3176583691804166e-5,-2.4506390830745594e-5,-1.8796045348950575e-5,-1.2627697555205819e-5,-5.858114183012307e-6,-1.4292394496140114e-5,-2.4459209872018443e-5,-2.5680160543548675e-5,-3.175996191322706e-5,-2.7113149055491555e-5,-1.77087075190981e-5,-2.5542177819155102e-5,-3.0237183895695206e-5,-2.949004989049881e-5,-3.6074154174958763e-5,-3.912161055879279e-5,-3.474312996347578e-5,-2.9082634774929266e-5,-2.4830045971178447e-5,-2.1273663070228946e-5,-2.9368368216795166e-5,-4.099630940008346e-5,-4.7386819724641766e-5,-4.865116369091973e-5,-4.222076823544457e-5,-3.85750567796511e-5,-3.651604367713773e-5,-2.8325194021395593e-5,-3.074454265053986e-5,-3.629787922390952e-5,-4.177415458537876e-5,-4.649651456471631e-5,-5.211039050952948e-5,-5.626332052989361e-5,-5.3413162429775466e-5,-5.0254464932844466e-5,-4.786157718737375e-5,-4.3827050982611334e-5,-3.8144322081619106e-5,-3.73272584691241e-5,-3.068874413690825e-5,-3.0462030142168672e-5,-3.476984703341361e-5,-3.078081411388304e-5,-3.7556863407988264e-5,-3.996134186815904e-5,-4.018216453879797e-5,-4.0205986886141295e-5,-5.160084308685625e-5,-5.536571592586011e-5,-5.41740961677849e-5,-5.0993474307683066e-5,-3.5898632548184026e-5,-3.366749549275779e-5,-2.918952703161227e-5,-2.25172854688469e-5,-2.195885384799538e-5,-1.7987816143644717e-5,-1.2986446511870178e-5,7.480973320549975e-7,3.221244524969575e-6,7.606901117574963e-6,1.754259180720093e-5,1.9139284854424944e-5,2.1502016687658205e-5,2.5924490534119923e-5,2.77429485396943e-5,3.969435676221817e-5,4.623968639791893e-5,5.683038466831907e-5,6.334231802342939e-5,7.296443940427878e-5,7.340046809809129e-5,7.069744794787463e-5,7.003080642232653e-5,6.223962351417086e-5,4.828107252786575e-5,4.089657987010347e-5,3.645370933155914e-5,3.1186679285620906e-5,3.266250957772913e-5,5.058939656902503e-5,5.667082867348356e-5,4.701232394412614e-5,4.160038869276415e-5,3.2484316160608994e-5,2.581856421258829e-5,1.905016574233971e-5,2.432214712308457e-5,1.8743037430157986e-5,1.96136341069787e-5,1.8346144710229463e-5,1.5944851999609232e-5,1.3016944226178233e-5,-2.1760883707882302e-7,-2.5698046402259315e-6,2.097772553763816e-6,4.837951907655196e-6,3.488384950408095e-6,6.165894942773724e-7,-2.6577660444800023e-7,-4.730909886683075e-6,-7.301121276756267e-6,-1.5027770402296674e-5,-1.0084439990378066e-5,-1.7762132566095775e-6,-2.8267746941796266e-6,-1.0338322809495875e-5,-1.5388801900074184e-5,-1.4456650893516342e-5,-6.695970004815553e-6,-3.538632208271683e-6,-9.724238886732358e-6,-1.0869505496685392e-5,-7.581814571403482e-6,-6.367589259732756e-6,-7.691354424247278e-6,-1.0788025916831482e-5,-1.809938286022483e-5,-1.9291120888193494e-5,-2.397155322519803e-5,-2.399089169010783e-5,-2.1687202113558922e-5,-1.792204928902105e-5,-1.8158452448753232e-5,-2.7621620038001894e-5,-2.784425084226941e-5,-3.8224622709671186e-5,-3.806255157347396e-5,-4.034814906881426e-5,-4.1296665221882305e-5,-4.400081434247991e-5,-4.3521047209834416e-5,-4.0194017213669084e-5,-4.740809267805876e-5,-4.8306501568180565e-5,-3.8299855668887044e-5,-4.3215380719012033e-5,-4.392681125895301e-5,-3.769179632228149e-5,-3.9993634696349996e-5,-4.32858997811089e-5,-4.4989780544857046e-5,-4.2668177367700136e-5,-3.612976919830846e-5,-3.0214311599839134e-5,-2.3436949059096865e-5,-1.7839504181943865e-5,-1.9570940697332077e-5,-2.0757274573228884e-5,-1.418230813254511e-5,-1.2243897852862995e-5,-9.791332935569525e-6,-1.506403721628713e-5,-1.2147100201105904e-5,-2.5463414957441875e-5,-3.5885348814568185e-5,-4.1086237594195714e-5,-5.211110411411058e-5,-6.198561002793168e-5,-6.462397987330517e-5,-6.766310566983803e-5,-6.91069728593225e-5,-6.964355923973865e-5,-7.127660655766305e-5,-7.172029081064622e-5,-6.414718094488186e-5,-6.690808170786055e-5,-7.592373847323747e-5,-8.741747778063662e-5,-8.619847581533278e-5,-8.126036834034967e-5,-7.557905049040112e-5,-7.44839473998784e-5,-7.340760188743452e-5,-7.219524123087585e-5,-6.23152121232659e-5,-5.9233410020315084e-5,-5.542348571768712e-5,-4.0172745107936235e-5,-3.3029299987317666e-5,-3.421009579391901e-5,-3.470112539766344e-5,-3.6293044054517216e-5,-3.884969036766472e-5,-4.105945181050165e-5,-4.263100934108367e-5,-4.8679065963577996e-5,-4.816695329776529e-5,-4.332850197768946e-5,-5.0318266268816906e-5,-5.390950104737889e-5,-5.9571488253561506e-5,-6.007788238131795e-5,-6.446471568978337e-5,-6.377740669916956e-5,-7.23825851137141e-5,-7.922747880733007e-5,-8.25760828043719e-5,-8.822051682474699e-5,-8.458060247024213e-5,-7.68252457231319e-5,-7.622869984522621e-5,-8.870744657085004e-5,-0.00010033212449505325,-9.696739631831178e-5,-9.254557418601758e-5,-8.576904808376982e-5,-8.05589546726669e-5,-7.156621780619495e-5,-7.03305331450118e-5,-7.10190432210342e-5,-7.204272426385965e-5,-6.800878584239026e-5,-5.727419213259444e-5,-4.6785055233263364e-5,-4.1210362448685153e-5,-4.1794749432302904e-5,-3.8367465758660806e-5,-3.208406663457794e-5,-4.282976291784344e-5,-4.60910491935215e-5,-4.2555288254595e-5,-4.329273596121471e-5,-4.4070752972329036e-5,-4.7945809725853394e-5,-5.66413323487854e-5,-6.431489488144616e-5,-6.964124402864681e-5,-7.283183808467484e-5,-7.23736855660252e-5,-7.503657866973018e-5,-6.883966267672984e-5,-7.011805250143952e-5,-7.71401952468955e-5,-8.033090668117229e-5,-7.900560122858668e-5,-7.610579317631263e-5,-7.04126941607202e-5,-6.184270272396868e-5,-6.403656376623203e-5,-5.8953794109528084e-5,-4.3962498351743644e-5,-3.824218642290641e-5,-3.2185154251598823e-5,-3.064423977591075e-5,-2.8727248668351845e-5,-4.5043756538212124e-5,-4.64676518860847e-5,-5.24163653987584e-5,-6.316340967197894e-5,-6.321208786228874e-5,-5.704873448663559e-5,-6.6053657260362e-5,-7.490953991312454e-5,-7.318629534829937e-5,-7.08106851855576e-5,-6.827037372240187e-5,-6.446277442808657e-5,-6.110860261926342e-5,-6.0709297813633676e-5,-6.13143027550831e-5,-7.22808297205183e-5,-7.389235592233883e-5,-7.35920011938393e-5,-7.605838604331557e-5,-6.916868958815855e-5,-6.264622732077437e-5,-7.037679422623514e-5,-6.985598555909557e-5,-6.811104851166272e-5,-5.426377934456156e-5,-4.773596005054821e-5,-4.376054431033349e-5,-4.5724073723238246e-5,-5.368070080060614e-5,-5.229276839486676e-5,-4.8463920973760545e-5,-5.271042787911007e-5,-5.8632254333220985e-5,-5.350918744944519e-5,-4.680429450094005e-5,-4.705561380687555e-5,-4.3536982901653546e-5,-4.651696850403948e-5,-5.183471631061135e-5,-5.123625767143618e-5,-5.9175879283409194e-5,-6.46127094979714e-5,-6.417298166800036e-5,-5.835778016113485e-5,-5.3647246746140796e-5,-4.384090100691251e-5,-3.5593466911043326e-5,-3.200155584917347e-5,-2.523926741583321e-5,-2.611168413903087e-5,-2.7833741881915302e-5,-2.9079780055551505e-5,-2.922292459058412e-5,-2.7158248842545538e-5,-1.9697280967211785e-5,-1.7883473774853975e-5,-1.811992288925547e-5,-1.0450368036504123e-5,-1.0361252342644818e-5,-1.0853036426342565e-5,-1.5077581817027128e-5,-1.4598609183292394e-5,-2.0426187105364572e-5,-2.1266652161812705e-5,-1.2190740172695752e-5,-5.586431827824337e-6,-6.311484408968643e-6,6.252111181952784e-6,8.667325560150617e-6,5.473910670293442e-6,9.201968407489938e-8,7.920544081960409e-6,2.6364040714631863e-6,8.370033452376683e-6,1.6309031746998913e-5,2.5601984473372507e-5,3.980482438414843e-5,4.450951105189336e-5,4.470716271474182e-5,4.072576883661733e-5,4.652341719647009e-5,4.897514050266492e-5,5.4063014624324416e-5
0.0008084316365258452,0.0006657704953179198,0.0005831777460564135,0.0005256385149326185,0.0004924615703105298,0.0004633792076862058,0.0004461237468669016,0.0004244848135694297,0.00040712295515247496,0.00037875534176333415,0.0003566887851202257,0.000339019651734608,0.00032710185016028256,0.0003196803009381416,0.0003165991525742455,0.00031053724057500875,0.0003014704067381546,0.0003015481398350606,0.0003010571801572018,0.00028724027924261446,0.00027412407598072436,0.00026119055600590485,0.0002521020710236194,0.00023931657040821054,0.0002298231275347502,0.00022206209814191268,0.00021723448212860493,0.00020289534140456887,0.00019132847060729862,0.00017807583225660698,0.0001691936723992309,0.00016015159691673653,0.000160977270331071,0.00015930485134915126,0.00016420821044014998,0.00016949598544162964,0.00017220290375250056,0.00016944790701827595,0.00016393465586776238,0.0001591720201718957,0.00016002689282081957,0.00015533390158671635,0.0001553918904421044,0.00014904297993721156,0.00014888789554786931,0.00013926474440782867,0.0001417831801784785,0.0001320643260618296,0.0001251850351236408,0.0001230571082040952,0.00012305800672004854,0.00011961912284898178,0.00012029974021629055,0.00012204818397362005,0.0001282843369700265,0.00013075728176913744,0.00012324562227045537,0.0001061025911476097,9.811686754462786e-5,9.411647618380971e-5,9.841051492375641e-5,9.804386665601339e-5,9.605192313411995e-5,9.079244909152752e-5,8.43541783826847e-5,8.148547170689477e-5,7.420206328812912e-5,6.796502449441335e-5,7.007266992778457e-5,7.596643930169417e-5,8.02899740486317e-5,7.592689069198718e-5,8.111006858898142e-5,8.56863127556915e-5,9.543257076040323e-5,9.847885177031642e-5,9.887392774368576e-5,0.00011206147706975116,0.00011806608734710433,0.0001141970245414827,0.0001181592536336373,0.00011751994703609107,0.00011125986190668911,0.00010680756006973966,0.00010006201127681748,9.378602657004795e-5,9.629390370848231e-5,9.202364764842756e-5,0.00010242073478275578,0.00011341885083830045,0.00011997379639534839,0.00012258961312111962,0.00012154744584666332,0.0001231341231028036,0.00012663458600797414,0.00012519923424125198,0.00012174840844625753,0.00012432653819328013,0.0001316786195396981,0.00013865915421827036,0.00014021280204113584,0.00013400936389732363,0.00013512901428092575,0.00012785391592061315,0.0001253278815569917,0.00012338375255020262,0.00012283206621516185,0.00011179111758293502,9.496816620703405e-5,9.268452517030313e-5,8.210380766354642e-5,7.543799462613821e-5,6.492760374923916e-5,5.496166843607281e-5,5.6339588804864454e-5,6.651392365963954e-5,6.98010789692665e-5,6.928389312696878e-5,6.892753919551446e-5,6.805101340918777e-5,7.059668328008294e-5,7.387513038651775e-5,6.735411368331663e-5,7.511177165115525e-5,7.242667669533891e-5,7.233562921336897e-5,7.642210529494389e-5,9.02362251220001e-5,9.258551327932267e-5,9.514752883958869e-5,8.806404725815703e-5,8.108927535173329e-5,7.571067597810185e-5,8.097195292492714e-5,8.466112370370537e-5,0.00010173729957235448,0.00010026500025255049,0.00010264997567877081,0.00010160041314246248,0.00010598828270145686,0.00010416173449168065,0.00011424692566499019,0.00011971113594734991,0.0001159036448199263,0.00011645803260084065,0.00011996058473442736,0.00012117742436431971,0.0001200810979402528,0.00012283367288235921,0.00012770652343729524,0.00012191764142841345,0.00010805599862255086,0.00010420268061199588,0.0001079678722432877,0.00010617652418205287,0.00010840526927202623,0.0001119510034976926,0.00011439640192124862,0.00012336332683588917,0.00012329509136625676,0.00012528618905268974,0.0001315555541935353,0.00012890081352939835,0.0001229477439990135,0.00011777385645344604,0.00011527062706635643,0.000113655621854817,0.00012453862920976116,0.00012385128943287542,0.0001230126078564926,0.00012577972108282143,0.0001237856094331024,0.00012161274474095539,0.00011689320707814919,0.00012155451388494978,0.00012662524023463408,0.00013041190936738007,0.00014271158568883763,0.00014474279869908807,0.00014733607993524606,0.00015004975565046795,0.00015854150071649637,0.0001575468678073969,0.00014792242155842381,0.00014323851317521216,0.00013988483806503813,0.0001359786634778775,0.00012599167407101295,0.00012348811330661406,0.00011632680699062906,0.00011308219101147084,0.00010034058112081703,9.462004306156503e-5,8.401079528279143e-5,8.670006914998987e-5,8.562142769823203e-5,8.71856861735109e-5,9.608542748814979e-5,0.00010276732721345382,0.00010454787631354774,0.00010208639777387788,0.00010153641304034998,0.00010298614835729266,9.987894534504229e-5,9.681242680423163e-5,9.845714386922915e-5,8.642588165261187e-5,8.292796927683975e-5,8.063201006137343e-5,8.858438494102349e-5,8.518266543176186e-5,8.396490189720782e-5,7.596577464768566e-5,7.309373991043037e-5,7.190281661666087e-5,8.43014199947406e-5,9.308363436968793e-5,9.487725725137116e-5,0.00010739401718596159,0.00011223531850163017,0.0001186663640168972,0.000119466988011218,0.00012600148722321475,0.0001356114892820364,0.00012477779579785515,0.00011861112879019135,0.00013035015967772983,0.00013775486650394447,0.0001366830502944971,0.0001321664930876212,0.00012927910979904287,0.00012376951330610446,0.00012993431076720603,0.0001324383009628128,0.00014018248733691906,0.00014520788752921205,0.00014523632914084138,0.00014097225394757052,0.00014248528406455018,0.00013770200353356503,0.0001428875637246243,0.00014149606600582409,0.0001458985151117784,0.000140992184881902,0.00015174103621181978,0.00015441281441190379,0.00015209247359846168,0.00015221239217651512,0.00015454503515565052,0.0001496439046414902,0.0001534760712180643,0.00015397059498344407,0.00014657579176453298,0.0001452056192833587,0.00014747610240908407,0.0001442386441255777,0.0001395452743020741,0.0001360944363889045,0.0001376942760929463,0.00013867241317938033,0.00013923141978215093,0.00013719921990641639,0.0001434095834824482,0.00014363665637766654,0.00014187256372275738,0.00013851376696300964,0.0001340689681523862,0.00012844840970576582,0.00012895983802929453,0.0001277855296667139,0.000136006813950652,0.00013420558929033854,0.00013530559624035676,0.00012147245732699023,0.0001208419909127571,0.00012132012268193371,0.00012019076882677863,0.00012031932812946897,0.00011853091894193782,0.00010733152546856515,9.829322228478495e-5,8.617342893484621e-5,8.29049561143171e-5,8.280348629544155e-5,8.320977714075113e-5,7.90562703384526e-5,7.200624799692897e-5,6.123644168721195e-5,5.563533949461805e-5,4.764536560803931e-5,5.245246799236065e-5,4.675139960128219e-5,4.118862083829577e-5,3.492294578365295e-5,2.309285505566507e-5,2.2890661044317364e-5,2.5832096538840716e-5,2.5073375581593375e-5,2.0716411273359972e-5,1.9392892454099845e-5,2.252107061281224e-5,2.6751284808409287e-5,3.100895288330304e-5,4.612225191733459e-5,6.012043177001613e-5,6.448891089127397e-5,6.376274527954677e-5,6.277583568720334e-5,5.582868142963912e-5,5.7523043011252496e-5,5.636736385598983e-5,5.69036269791982e-5,6.472766771982097e-5,6.53784237603075e-5,6.334238759774773e-5,6.415021110656439e-5,7.074538580268994e-5,7.051541258507786e-5,7.043962387994378e-5,6.81646506953111e-5,6.800152120542036e-5,7.143903201868346e-5,6.935666396777625e-5,7.558007890963025e-5,7.455874901310973e-5,7.583702798509102e-5,7.584509165270922e-5,7.874557951862916e-5,7.508942886402823e-5,7.233809689115364e-5,7.314296591537406e-5,6.770303443558287e-5,5.646987735067246e-5,4.358341950953428e-5,3.666222996855162e-5,2.3993548882643047e-5,2.8985151835066687e-5,2.7423450632757087e-5,3.0096502601579195e-5,2.892312831819584e-5,2.9936656249106966e-5,2.5776662484087206e-5,2.7449363826611644e-5,3.029208997331219e-5,3.9321873112368366e-5,4.697688407777088e-5,5.210127378824177e-5,5.8629304447694875e-5,5.690648745518993e-5,5.8659446977225864e-5,6.402524430044135e-5,5.4681097900428385e-5,5.275448593212943e-5,5.7577340016188614e-5,4.848301261053623e-5,5.521055651331691e-5,6.192328358253936e-5,6.645330621126669e-5,6.698190562712356e-5,7.726588730783735e-5,8.480599309093582e-5,9.203851845336133e-5,8.647689037751253e-5,7.778636722586364e-5,8.032726133710176e-5,9.084612884266473e-5,9.085309262847903e-5,9.486284396492242e-5,9.262928845525008e-5,9.583025454589719e-5,9.263408463609586e-5,9.094968283852201e-5,9.0650535343531e-5,8.765555681889103e-5,8.436937939721359e-5,7.750332490808808e-5,8.091480970370413e-5,8.523812025470249e-5,9.079640712973681e-5,9.054395146651308e-5,9.218405138315642e-5,0.00010159102912740391,9.206940177552035e-5,8.269504215397697e-5,7.690344951598733e-5,7.815296054143675e-5,8.170603349916084e-5,7.23112222456844e-5,6.395396648299959e-5,5.7930000280533866e-5,5.4010072989347415e-5,4.85019665850976e-5,4.521412660282803e-5,4.9191539870268055e-5,4.8516316762054786e-5,4.716048098731515e-5,4.5977286248424836e-5,4.649987245701496e-5,4.7655237266682996e-5,5.112275147972037e-5,5.673713411343491e-5,5.634443843500568e-5,5.110157992547279e-5,5.4286007848007754e-5,6.0152196684896407e-5,6.588211395122482e-5,6.632340671525674e-5,6.813872031989144e-5,6.287431938390927e-5,5.522424661527973e-5,5.052754666317775e-5,5.953666294900087e-5,5.728680924820979e-5,5.356180615796743e-5,5.3389055615525125e-5,4.4578879179063955e-5,4.399686716894089e-5,4.0269789455201417e-5,3.397018814193873e-5,3.630806880465397e-5,3.9301137388108054e-5,4.329237077797736e-5,4.545612807281997e-5,3.750533993525508e-5,3.672668985128565e-5,3.867832320601857e-5,3.1548844228160595e-5,2.737381666724356e-5,2.378775691078907e-5,1.756504267788451e-5,2.4396530147108096e-5,2.6149881030797206e-5,4.005899847134128e-5,3.985626549579246e-5,3.5153077706284875e-5,2.9255698144831873e-5,2.750798194723883e-5,2.103009596415628e-5,2.076989336125985e-5,1.320319109768762e-5,1.2101070533961851e-5,4.147074997779783e-6,-4.1867914347732117e-7,-5.6806538179627285e-6,-8.207155894361874e-6,-2.1369964855404337e-8,9.368066774631115e-6,6.7851993222711e-6,1.1306789881860082e-5,9.13739001784552e-6,8.038272939955938e-6,9.903517774780031e-6,1.5315232920470148e-5,1.932111458135457e-5,1.906132893724043e-5,2.3478362269697572e-5,2.5576991510363857e-5,1.897302160522167e-5,2.2517569477035398e-5,1.9815726260388796e-5,1.7804518348547788e-5,7.3615639462863685e-6,1.985257749840298e-6,-5.369025873387121e-6,-9.83342734284052e-6,-1.0667430188237561e-5,-6.159819795725633e-6,-1.0871190664842262e-5,-1.5295900906436354e-5,-2.5826582894010413e-5,-2.7693210689008876e-5,-2.209406188179373e-5,-1.741623802785297e-5,-1.4100258140536803e-5,-1.4463944394172038e-5,-2.0104927548915963e-5,-1.9449804761601213e-5,-2.253115214696305e-5,-3.61332792236784e-5,-3.993683701153324e-5,-4.07223462961531e-5,-4.6946903702538116e-5,-5.2721001383956615e-5,-6.045576780859987e-5,-6.376913357994277e-5,-6.685299637963149e-5,-6.758271045246927e-5,-6.243151374356623e-5,-5.484810734910584e-5,-6.276633210724511e-5,-5.92412398882804e-5,-6.803009078288331e-5,-7.269375550027888e-5,-7.90172600176967e-5,-6.88393742381557e-5,-7.107922438550614e-5,-7.506259158741752e-5,-8.348532547845887e-5,-8.48831266288688e-5,-9.821947711618725e-5,-9.448619848934229e-5
0.0010158463171236014,0.0008709581051661462,0.000787695507975416,0.0007256761592259106,0.0006782273341276896,0.0006405379881562766,0.000612555949033733,0.0005928973610483997,0.000570759543055477,0.0005549210735814111,0.0005393799699692146,0.0005261028120564606,0.0005068498235462504,0.0004967058298241874,0.00048556839569303685,0.00047996763420832966,0.0004755429732667054,0.000463580382166186,0.0004514693405229602,0.0004455962946023961,0.0004405478275704089,0.00043227180005831443,0.0004281664563774393,0.0004116927591569709,0.00039724818251116417,0.0003913821023247888,0.00039157250645361876,0.00038144900998878406,0.00037374760231851674,0.00036145973959410364,0.00036493710783537807,0.0003590430401028134,0.0003573028509639334,0.00035438668121561673,0.0003474237920490811,0.0003480425744859083,0.00033676024879009017,0.000341725007199862,0.0003475499801151154,0.0003500008758788067,0.0003410247101695707,0.0003428356135531437,0.0003439473500264264,0.0003420123050134795,0.000339522025969957,0.0003371528352318856,0.0003350859065014581,0.00032358473141679337,0.0003182319056213993,0.00031044300376842875,0.0003094361881799519,0.0003060301773945153,0.00030127138299685085,0.00030883065053895464,0.00031320393728806765,0.0003114198252629543,0.0003086570119593337,0.00030832246978242973,0.000310709284399786,0.00030990942594686,0.00030332686104060153,0.000308522218746093,0.0003042766443272762,0.0002987309072831072,0.0003002926739285547,0.000292564024266527,0.0002922734752637693,0.0002955548900375866,0.00028626165598754657,0.000283824946578209,0.0002808430302294542,0.0002772154355404646,0.00027508949463680125,0.0002776534620213243,0.0002811218796892697,0.0002734639606902208,0.0002681704745809552,0.00026915024099526927,0.00027351292790874285,0.00028374920007201806,0.0002967035549074527,0.0003025366612269029,0.0003081557617177783,0.0003074235969048092,0.0003018843448045888,0.0002919787430170026,0.0002797924263589398,0.00026607466810271577,0.0002652173103404276,0.0002607018016370615,0.0002591492689036965,0.00025740606999038985,0.0002515655542290587,0.00024429402548686245,0.0002357205645696136,0.0002273022050276062,0.00022789479105301739,0.00022795692359581598,0.00022248985504311875,0.00022398334229509843,0.00022769909811891096,0.00022954502897567852,0.00022996244877219863,0.00022614565783773562,0.00022454686797155336,0.00023060758887595863,0.00022583881904057762,0.00022720920669151915,0.00021733111251412014,0.00020583986751270054,0.00020091602397123218,0.00020350406781413267,0.00021036895822448254,0.00020774266592989954,0.00020490385319602095,0.0002050290831237123,0.00020867856990193696,0.0002183141985142286,0.00022266343855315712,0.00022408830323328947,0.00022134494642608868,0.00021673166929071647,0.00021161447519854788,0.00021211121373359665,0.00020980567966828829,0.00020050542672894056,0.00019251393634665983,0.00019401012357060817,0.00019194200195414107,0.00018964744028460726,0.0001894927251731476,0.00018875274292258655,0.0001888508929801784,0.00018457848793954442,0.00018009511378174018,0.00017934385608019376,0.00016959197605803124,0.00016731766473727393,0.00016444221831660033,0.0001584064543086466,0.00015542760648010174,0.00015445202336793884,0.00014982987190431026,0.00015620829878140575,0.0001503719090555932,0.0001476528402389592,0.000151088604775009,0.00015185503748314883,0.0001448277099666779,0.00014471142091050123,0.00013544244521874254,0.00012928341429448257,0.00013011224861238203,0.00011756991068273926,0.00011233439302634165,0.00011197496850708647,0.00011091481375957733,0.0001129245104259875,0.00010666841600933914,9.040040807202715e-5,8.66213143429173e-5,8.595396300276276e-5,8.288120464595846e-5,8.358479457453947e-5,7.834648574816172e-5,7.028937259822183e-5,7.315050791960655e-5,7.010374328386823e-5,7.206606429295954e-5,7.071539940908914e-5,6.308477709235187e-5,6.287823952243795e-5,5.665806639744559e-5,6.055633755088975e-5,5.80001313167013e-5,4.693738180164787e-5,4.123980939719691e-5,2.869181297545097e-5,1.7006400845810483e-5,4.521174220775896e-6,3.215445920408572e-6,1.0668665356546884e-6,5.7217941201704025e-6,8.882695882131142e-6,1.3482686283424475e-5,9.844066610543085e-6,9.892155774587429e-6,8.89988301840317e-6,4.375192870571945e-6,3.978386018426267e-6,4.1836980096982145e-6,1.0776096824245536e-5,1.0038668253818044e-5,2.140247184167712e-6,1.9513176628941747e-6,-1.0481239564481053e-6,1.8309923017590418e-7,-4.958192115330558e-6,-4.731565022637645e-6,-7.923067039495827e-6,-1.4623004721101043e-5,-9.675283477198454e-6,-4.2975271691015894e-6,-1.1130792559840394e-5,-1.2250617415699114e-5,-1.8746822204910465e-5,-2.2210845530747203e-5,-2.476707472211657e-5,-2.6719270075499907e-5,-2.4902953550463693e-5,-2.4111553563708713e-5,-2.3622329352605032e-5,-2.5550677815460597e-5,-2.2651552965077265e-5,-1.68948111272194e-5,-1.9269600913345072e-5,-2.1087651650332213e-5,-1.8186563732103653e-5,-2.0104414548108574e-5,-1.3447771486645693e-5,-1.410244716446871e-5,-1.4667475150913126e-5,-7.936155084924381e-6,-8.363765328042547e-6,-1.299770453252515e-6,-3.025504749729755e-6,7.938638643568043e-6,1.5674363267291573e-5,2.7698914358091762e-5,3.4184463108325746e-5,3.476136017159333e-5,3.6344116837278875e-5,4.005976836972783e-5,3.141897552302563e-5,2.6355252060849323e-5,2.427576952349146e-5,2.4841583128886468e-5,2.4384992649782087e-5,1.78770993545767e-5,9.051743057616085e-6,6.777360321314319e-6,-7.615380781308324e-6,-1.8632723044215423e-5,-2.0514412586561836e-5,-1.8374094051665233e-5,-1.8104613761324924e-5,-2.222262988325688e-5,-2.4645514858241136e-5,-2.1019290573053222e-5,-1.801992391377051e-5,-2.0011164758418458e-5,-1.6297598040281237e-5,-1.5111215725868243e-5,-1.2699946317916193e-5,-8.183893335317546e-6,-2.3651240138922126e-6,-4.5676475443005745e-6,-9.311017921736179e-6,-1.4548465704949774e-5,-1.7336555824031272e-5,-2.1787164570911545e-5,-1.8970167390728e-5,-1.2021261342348492e-5,-9.751823735427432e-6,-1.0766463845598783e-5,-1.1567099383420523e-5,-1.634230799411287e-5,-2.272684376583899e-5,-2.0033397003542985e-5,-1.575286201185331e-5,2.0690228740147877e-6,4.089137775251795e-6,1.8017501313529325e-6,7.513787709797147e-7,-1.745016812158936e-6,1.396342842185228e-6,-5.510977674891862e-6,-1.1355829773178457e-5,-9.332318521864805e-6,-1.063941619158764e-5,-1.9374487695975704e-5,-2.0134485006365802e-5,-2.1041341308605145e-5,-2.6354091719858043e-5,-2.4762882390082864e-5,-2.5452205246002227e-5,-1.624948235111128e-5,-1.1016096571319922e-5,-4.518320412842811e-6,-1.424659491928298e-6,-6.531037846966372e-6,-5.1556356627140354e-6,1.5161408029284906e-6,1.1392696368001778e-5,1.909753937267932e-5,2.9907573044460428e-5,2.0808935992094365e-5,1.3616116648415038e-5,2.260215945871817e-5,3.2237224229304344e-5,3.341667243863288e-5,3.752272217534238e-5,4.073895915980544e-5,3.9685624809153306e-5,4.4215348697694006e-5,4.699889345649242e-5,4.364086335323016e-5,4.965454256454364e-5,4.900921412734422e-5,5.002476012804887e-5,4.2360188809102e-5,3.921499394023564e-5,4.187273507942389e-5,5.11043148090342e-5,5.801430853006484e-5,7.798874974818213e-5,8.69298955121617e-5,8.40232821416457e-5,8.607437527889176e-5,8.418091847738444e-5,8.174485549772845e-5,7.824015541533812e-5,6.999042394195078e-5,6.59110944079885e-5,5.8534277918087096e-5,6.097984044317066e-5,5.6889074116913924e-5,4.842436823121509e-5,4.23411857877899e-5,3.879417364771534e-5,3.439501807879545e-5,2.243293450126182e-5,2.1174478628246402e-5,1.8130147337372033e-5,9.245143908099788e-6,1.5923252551619036e-6,-6.027116367113283e-6,-3.928000281295472e-6,-1.7110841087331253e-5,-1.736408851944875e-5,-1.2966845935600603e-5,-1.139757941351704e-5,-8.685649707398366e-6,-5.410797961153391e-7,7.145720111279635e-6,1.0617386939833466e-5,1.1292907382034828e-5,8.833093699649004e-6,1.2130192008102213e-5,2.1614583397496087e-5,2.1717442762586224e-5,1.745207358365486e-5,7.4717275745238275e-6,4.132915733536276e-6,-5.133230107077551e-7,-3.4461027977962637e-6,-8.759282676369773e-6,-1.793269593834103e-5,-2.5503138168273456e-5,-2.3814376791879963e-5,-1.872043291313137e-5,-1.66967305073855e-5,-2.206766141883039e-6,4.314953191394036e-6,2.460278707852952e-6,-3.5883944084425674e-6,-9.32671827709758e-6,-6.086356209276415e-6,-4.156245857362896e-6,-2.0106832142259847e-8,4.010477164381904e-6,3.6362707453341794e-6,1.017646663225568e-5,1.043697053314287e-5,1.0692141994368073e-5,1.9318798283816766e-5,2.958267717306259e-5,3.465866321140986e-5,3.3225978862377325e-5,2.9765455796595847e-5,2.2079677877401198e-5,1.7340467897507872e-5,1.1330186060179103e-5,1.762636146790546e-5,2.5687535902100812e-5,2.7133742630462715e-5,3.475503371913408e-5,5.192204564976448e-5,6.134425701148419e-5,6.75880723682634e-5,6.414891952010173e-5,5.716465832581692e-5,5.503921011897327e-5,4.224243792060036e-5,3.9257436480758926e-5,5.1998649835188555e-5,5.133429901585696e-5,4.9774408340860584e-5,4.904662575261352e-5,4.699116743385528e-5,4.860544773610824e-5,4.939506960135139e-5,4.666496201437997e-5,4.297810111635485e-5,4.406192352067659e-5,5.057321084184029e-5,5.412389830022199e-5,6.047162700510836e-5,6.23684220109618e-5,6.142812557195424e-5,6.018750896451337e-5,5.7961133713708606e-5,5.2526335787234164e-5,4.5011205292039146e-5,3.397289883581489e-5,2.3620744535230615e-5,1.2248665969944608e-5,2.5327402428797343e-6,5.664401161158113e-6,1.0946511120362167e-5,1.0918816081134288e-5,1.8664204453117813e-5,2.5981075599570248e-5,2.8936247509456644e-5,2.5291242874628994e-5,2.2526826456214965e-5,2.509012123366452e-5,2.434111875046297e-5,2.5552096991080076e-5,2.9284523650249074e-5,4.158573506188974e-5,4.999705226444295e-5,6.185861825518406e-5,7.199719626149925e-5,7.33199879043112e-5,6.68773886836827e-5,5.83306614849923e-5,5.305328196085829e-5,5.064965574739337e-5,4.787447191954698e-5,4.9761102841991786e-5,5.0019110427837606e-5,5.970963348463667e-5,6.261830333378255e-5,6.527281055814489e-5,5.8923288921094316e-5,5.712477371298118e-5,4.217975035435149e-5,3.2500190031217105e-5,2.602894564231436e-5,1.7166715655787176e-5,2.147127164657408e-6,3.732021833525266e-6,-3.353381037296218e-6,-1.3465554538045675e-5,-2.28389271477572e-5,-1.8203903661252437e-5,-1.0176134879440806e-5,-6.888584348279563e-6,-4.730728232922213e-6,-3.868307340725971e-7,4.2538923209154255e-7,-3.671597407179176e-6,-6.353895296129002e-6,-3.4475797979641705e-6,-1.2572200808917724e-6,-1.252645815735567e-6,-4.797077728214087e-7,5.155207128115437e-6,1.0912900389659757e-5,1.2348826684327675e-5,8.048196444477926e-6,4.332921410485963e-6,-1.96254113302768e-6,-7.939827126223774e-6,-1.0796209874385489e-5,-1.5077056140240372e-5,-1.3923246713137731e-5,-9.714322897616972e-6,-1.4001848318039269e-5,-1.1051409199921238e-5,-2.2691516244563885e-5,-1.799589853335979e-5,-1.3250302412480061e-5,-6.1410214150876396e-6,-3.285213271716405e-6,3.127445412643436e-6,5.587920804402938e-6,7.142252883522884e-6,9.121074700567693e-6,4.707382184940479e-6,8.772180949870085e-6,8.152731193582094e-6,-1.1320564399902327e-6,-7.138712550470226e-6,-6.340604025524093e-6,-1.1877753727451184e-5,-1.2043912699518622e-5,-4.99457445016343e-6,-1.4320431633962301e-6,-4.0239663131155506e-6
0.001261254487214258,0.0011259889934691414,0.0010498602768119433,0.0009874397413062845,0.0009390044012791207,0.0009071329198034284,0.0008821973127487297,0.0008588907556080956,0.0008447638704705766,0.0008263642005143947,0.0008133762647674263,0.0008043429504972482,0.000804583834060996,0.0007937457482525433,0.0007805625637352246,0.0007680257675808059,0.0007545777417080547,0.0007383933732887563,0.0007301361738077783,0.0007208164417571833,0.000710579453061559,0.0007146966881210317,0.0007132444121094763,0.0007163154278869001,0.0007171504496795797,0.0007188193937150137,0.0007154117426420207,0.0007091465634434589,0.0007072452189590926,0.0007135143128299819,0.000706531539873522,0.0007024449013229053,0.0006948203761010339,0.000689599158965559,0.0006782300352044029,0.0006763254068927885,0.0006782994118489118,0.0006773119611888267,0.0006686535496734723,0.0006588219300224249,0.0006516217231846209,0.0006451724732170963,0.0006458363949163423,0.0006413967657705696,0.0006497421607966607,0.0006554661772494575,0.0006521999317946715,0.0006560783897344972,0.0006584248415694372,0.0006588328406776063,0.0006637791082642178,0.0006573835711234025,0.0006492091093091832,0.0006416062485765327,0.0006385992850882653,0.0006293643514848007,0.0006232079384849192,0.000617571628739217,0.0006163112216139887,0.0006092979296214784,0.0006033067604038699,0.000596785606083172,0.0005964376422212664,0.0005914699491385895,0.000590552477863773,0.0005962026219067373,0.0005932595135572414,0.0005978891690625339,0.0005970982265286533,0.000603384975302371,0.0006111070739625166,0.0006089553251658566,0.0006016063324209867,0.0005975677112465127,0.000587214352869013,0.0005836993401600105,0.0005817708362864883,0.0005826597070681573,0.0005873108776767008,0.0005911248057320949,0.0005936729628095191,0.0005888009513627712,0.0005857643593405613,0.000581560663363275,0.0005708234117832465,0.0005693720675963948,0.0005681209011827627,0.0005654920638242801,0.0005641690825619388,0.0005659121594464513,0.0005614990935524214,0.0005517297599643941,0.0005505929387939335,0.000546182877436308,0.0005443973698517234,0.0005427427189700341,0.0005374089976740731,0.0005332571348480569,0.0005208602933506922,0.0005122231254001149,0.0005061568954844536,0.0005091979555416011,0.0005118649142545006,0.0005146666912499169,0.000514808786839928,0.0005129905398842813,0.0005110780435398436,0.0005101762513941729,0.0005087753666043296,0.0005061396708266059,0.0005047119634827219,0.0005031254910735978,0.000510049159377384,0.000508985898227222,0.0005069045303305429,0.0005071533890692675,0.0005111064125760821,0.0005109056940299748,0.0005219307874810507,0.0005280341915213465,0.00053068616629414,0.0005295262465846376,0.0005298334257463738,0.0005183320496048965,0.0005188376937011861,0.0005201795208926638,0.0005154601343443304,0.0005177293788530078,0.0005151068050047872,0.0004995786399385862,0.0004994715251903741,0.0004947041666015888,0.0004852959657693891,0.0004797780581558297,0.00047298907741792276,0.0004655956595785284,0.0004646032158819603,0.0004577026109131465,0.0004534304259072908,0.0004623308620827589,0.0004718666249075861,0.00047319126196728497,0.00047095935389209614,0.00047551907588355995,0.00047755014507149305,0.0004770121529681585,0.0004800208316617607,0.00047801950186142134,0.00047551526061391524,0.0004736440849463467,0.00047544093812141317,0.00046909711011640766,0.0004701725653158706,0.0004694377645274151,0.0004737454495619648,0.0004828756802393795,0.0004921099976894961,0.0004981993561418958,0.0004989648722145417,0.0004952674564161581,0.0004989414981086515,0.0005038866953470528,0.0004964152044496029,0.00048490081167075304,0.0004725496106959852,0.0004563104644088842,0.00044555380987079636,0.0004348326107149756,0.0004297327237639851,0.0004344220336003767,0.0004346008181932002,0.0004334881408981625,0.00043562477833292796,0.00043667781356070454,0.0004339531334623655,0.0004320025281097165,0.0004279892270608259,0.00042283749637680946,0.0004090760907862043,0.0004014759118079859,0.00039410885729247665,0.0003918322546127633,0.0003868368092139335,0.00038178413790435165,0.0003782759083143708,0.000379281993988333,0.0003725244257495565,0.0003697851662334138,0.000364594145080678,0.000371975686593942,0.00037570009886514423,0.0003789406297293936,0.0003778645547335103,0.00038029850875350796,0.0003855544671759803,0.0003852116519370916,0.0003864073577077636,0.0003854662698003719,0.00038667006693259595,0.000376936674454983,0.0003762770484355064,0.0003776377738670891,0.00037550643261650046,0.00037689298636741974,0.00037604740323489964,0.0003741760860908843,0.00037199171573510336,0.0003683351165133474,0.00036795268433256425,0.00036875851128644624,0.00037690423410905073,0.00037428298520682013,0.00036979044259114233,0.00035408744510331716,0.000345872868055962,0.00032766974738967277,0.0003202619973374639,0.00031523515762323654,0.00031218831843481435,0.00032107334688125555,0.00031968065145755747,0.00031705578263368736,0.00032457384500584176,0.00032653438615044757,0.00032818513593090595,0.0003329292714490683,0.00033218758158499236,0.0003251230857003646,0.00031209859275917477,0.00031198699832718854,0.00031211124046102805,0.0003161122613655531,0.00031441804466951224,0.000316854342609204,0.00031658857855458594,0.0003044142637132481,0.000286680068573663,0.0002787411613533235,0.0002617453159430086,0.00025608803180460335,0.0002566720097934717,0.0002573856965369697,0.0002569520513801948,0.0002506752212347381,0.00024009344459842967,0.00024132822066033925,0.00023631728498655678,0.00023263187470216312,0.00021949891008687765,0.00021145387717709882,0.00020563395140429415,0.00020393492399100834,0.00020400683150486885,0.00019850532883724901,0.0001920100306192873,0.00018409183158896573,0.00017412639606251073,0.00016339511422118895,0.00015745337133127752,0.00014967780542481581,0.00013773767229110487,0.0001325902158346277,0.000133625917393973,0.00013341646480301847,0.00013929373675583348,0.0001372487314002821,0.000145649977371315,0.00014018938497847212,0.00014415788612110738,0.00013982335211535905,0.00013959333107979913,0.0001411351308836412,0.00013856637679370796,0.0001421707178358704,0.00014341631110318252,0.0001455464657706638,0.00014808663140288453,0.00014702405142052994,0.00015182768736332676,0.00014416023584462562,0.00013456483912433455,0.0001355332113804457,0.0001338197609671973,0.0001360554653849545,0.00013075279500728059,0.00012631097432180455,0.00012216457278581627,0.0001249579744059716,0.00012240826175379552,0.0001260510106525003,0.00013059403274746575,0.0001256788921525154,0.00012303071652526845,0.00011793304077012519,0.00011200813711975079,0.00010967898574008441,0.0001046789729109855,0.00010657181195130503,0.00010733367188986435,0.00011677551895182543,0.0001195864633545189,0.00011627616806723669,0.00011877249647637609,0.00012433936095398036,0.00013032895112879877,0.00012707545788605355,0.00012129076343331426,0.00011964230050545718,0.00011071532494293168,0.00010572016506359498,0.00010589924836025566,0.00010338116918136856,0.00010240981865906327,0.00010539415739325808,0.00010360769604682658,0.00010843465980555368,0.00011897135118570569,0.00011921739246715725,0.00012176348862587165,0.00012394216682161564,0.00012260785929707593,0.00012215534566584053,0.00012072798966980249,0.00011913914302741748,0.00012401971193699973,0.00011955781874122738,0.00011462605224104655,0.00010531503506228678,9.752001260108154e-5,9.442658041309934e-5,9.126642065161521e-5,8.565950019076907e-5,8.571017515001596e-5,7.883363423070328e-5,6.774684242022404e-5,5.833817139576711e-5,5.6810390162246044e-5,5.76071672369947e-5,6.127321122150321e-5,5.553214709067484e-5,4.958716917103289e-5,4.390972618806339e-5,4.635781870931535e-5,4.725985207094724e-5,4.857846207667678e-5,4.834935065174355e-5,4.849082572203438e-5,5.1537134543562575e-5,5.370765023203241e-5,5.0949195826653426e-5,5.5512202282318134e-5,5.952373929984065e-5,6.922775932620827e-5,7.830828031041133e-5,6.903230462735814e-5,6.353311644907067e-5,5.789938023983419e-5,4.8607772335144255e-5,4.7462587839939364e-5,4.7225244302027165e-5,5.158866687782068e-5,5.606801286092404e-5,5.37329784841301e-5,5.0438835402194104e-5,4.341967462716043e-5,4.617277219226686e-5,4.364164158806469e-5,4.042938461692678e-5,3.4882412045586096e-5,2.9629545711636965e-5,2.5230995673051244e-5,1.8420738790618986e-5,1.585281235388443e-5,1.3484246167841436e-5,1.1495486835709318e-5,1.4024924373140965e-5,1.403304884488032e-5,1.2877261627202396e-5,1.710160678299686e-5,2.5200335694317832e-5,3.961191610553433e-5,5.4427369192817965e-5,5.867036145207399e-5,5.539470721037107e-5,5.1808996124220384e-5,4.955937308431125e-5,5.34669839540938e-5,5.1897767716606177e-5,4.780697842193611e-5,4.81532206418398e-5,4.316393420510768e-5,5.049689007819679e-5,4.9688399134340544e-5,4.578498534962994e-5,4.183710259789512e-5,3.49028810315558e-5,2.8517120508879664e-5,2.669759567304589e-5,1.6819045295843644e-5,1.1165764987456714e-5,3.614075137613201e-6,-2.9509678113353227e-7,3.7392166231601875e-6,7.421305179355997e-6,1.1633221079205009e-5,1.7164076259389696e-5,1.9965855098946396e-5,2.1404968534611853e-5,2.2369494551967794e-5,2.8183356203668542e-5,3.0873004436294445e-5,3.699811845439125e-5,3.789811484167716e-5,3.7692961304985624e-5,4.1435424263567345e-5,4.570815267093192e-5,3.938246709114305e-5,3.532257836130653e-5,2.7833535232657256e-5,1.8154935859251967e-5,2.665232615803238e-7,-1.715036623870221e-5,-1.9083069799167558e-5,-1.6215917872901864e-5,-3.0297809167902e-5,-3.8910802035182326e-5,-4.1487391526918414e-5,-4.3757707963488026e-5,-4.506785984040349e-5,-4.512383220594621e-5,-4.165941658049775e-5,-3.220544563575288e-5,-3.349902544737543e-5,-3.8397068106914346e-5,-3.672593716629362e-5,-3.9841327559478395e-5,-3.908311499056346e-5,-4.077956743413429e-5,-3.493612151729623e-5,-3.974946842295165e-5,-4.289163797290266e-5,-4.71953863636702e-5,-4.263069815457916e-5,-3.747096758430418e-5,-3.139094336092551e-5,-3.7503319019233966e-5,-4.1494021393414587e-5,-4.4531544131735564e-5,-5.2721209580343e-5,-5.558171356232785e-5,-5.2282660167573655e-5,-4.350802159071016e-5,-4.128453330493517e-5,-4.6758388321039714e-5,-6.018113873250702e-5,-6.387421914463331e-5,-6.870915664806162e-5,-7.258973927105437e-5,-7.206276321775809e-5,-6.240102004052157e-5,-5.1039670206856305e-5,-5.048790180127428e-5,-4.5025683367326603e-5,-4.7154566471449605e-5,-4.107257504655352e-5,-3.0376696322641964e-5,-2.724274941953858e-5,-2.1463795394758108e-5,-1.878866939372514e-5,-2.2221857900097424e-5,-3.165710120713803e-5,-4.959120493511295e-5,-5.5055607297295494e-5,-6.705166900824121e-5,-6.78562151986649e-5,-7.060876912304968e-5,-6.804796737383045e-5,-7.515206196278142e-5,-7.461698367458522e-5,-7.635125927644027e-5,-7.255245218532596e-5,-7.865582082886814e-5,-8.89743203524901e-5,-9.710163226732991e-5,-0.00010289843609911323,-0.0001129382007945874,-0.00012069086261455793,-0.00013255735478533108,-0.00012675442113367112,-0.0001236494598781204,-0.00012510774208370534,-0.00012596591148472674,-0.00012806937578102318,-0.00012180463903328308,-0.00011286395794517253,-0.00011178000421272817,-0.00011105781097010181,-0.00011173450065583981,-0.00011382787599574699,-0.00011867140562379473,-0.00011200145956911081
0.000500503834484715,0.0003839289215760935,0.00031401630653647624,0.0002613412848173522,0.00021686780598784426,0.0001902779315031369,0.00017157796010790015,0.00014679412739342286,0.00013483246774458367,0.00011520952572479234,0.00010334330601231623,9.404010014953392e-5,9.084406653223099e-5,8.492365603204325e-5,7.471291024642993e-5,7.389669208932457e-5,7.316100017717567e-5,7.53809765675862e-5,7.926974520781371e-5,7.961030253612098e-5,7.920602030970964e-5,8.256047575651815e-5,8.472394005323142e-5,8.218796495511644e-5,7.500083702190705e-5,7.064167466737923e-5,6.455188142632921e-5,6.110904400327601e-5,5.278532040201528e-5,4.654084603076567e-5,4.772770452058095e-5,4.810831605124256e-5,4.6842810297815055e-5,5.032622781849607e-5,4.6004180584562036e-5,4.7692922335158e-5,4.343382852891612e-5,5.0096549926604216e-5,4.925712461996122e-5,4.8935274042924805e-5,4.097893223922663e-5,4.0300563718593645e-5,3.180419369209124e-5,3.2249467666993885e-5,3.1912415681503625e-5,3.095263855856761e-5,2.946402578634663e-5,2.462998570896404e-5,1.8372166979609894e-5,1.746361506996172e-5,1.4958617529875e-5,1.6453641506655092e-5,1.3974625762690575e-5,1.6470370112775297e-5,1.938447888090798e-5,2.7730261407615356e-5,2.556092394556064e-5,2.781266593591141e-5,2.6207709915837133e-5,2.5051574385940576e-5,2.6893595817857666e-5,2.386829384546337e-5,2.1348985866537565e-5,1.4018848955594822e-5,1.160786037460592e-5,1.3479315727369712e-5,1.3362882482942004e-5,9.771653637718834e-6,7.2952366159299486e-6,7.1421888262825184e-6,4.995467637518288e-6,7.167868046783312e-7,2.3168511928750856e-6,7.501259566859414e-6,1.6831757131387044e-5,1.862868940918769e-5,1.792505899373744e-5,1.6994146105366914e-5,1.4076807361938737e-5,9.197127131626754e-6,1.558038382413541e-5,2.4210098782076154e-5,3.0467534470649804e-5,3.358981366875286e-5,3.542485609401216e-5,2.657878823047604e-5,1.6128206419089187e-5,1.5159039645153263e-5,1.5873732934997707e-6,-2.4151357557565395e-6,-5.387262495232588e-6,-4.9901538464794306e-6,-7.597581652126641e-6,-9.67581835730391e-6,-1.0025705861049738e-5,-6.147730960314855e-6,-4.4442084292524435e-6,-6.677856858064907e-6,-1.1401469551314092e-5,-1.1739003087049978e-5,-1.2353465209458582e-5,-1.8243672322639572e-5,-2.104356341478766e-5,-1.9956459137075886e-5,-1.3340800683531363e-5,-9.606659155058882e-6,-2.6211274486179307e-6,-3.853449263143802e-6,-3.713659182439545e-6,-7.696934594473071e-6,-1.4814477059962193e-5,-1.9070419154728706e-5,-1.5349336609079787e-5,-1.3672333550218343e-5,-6.887561783800478e-6,3.7999659526919905e-6,6.145348566876971e-6,1.6615032387542107e-5,2.1735112411711607e-5,1.8835869826344553e-5,2.0365742327313008e-5,2.012634039218628e-5,1.8418351179917058e-5,1.1269371014678918e-5,9.498631601234944e-6,-2.223781329000555e-6,-1.5699359721930607e-6,-1.7301620222395308e-6,-1.7959669007157952e-6,7.03519301837831e-6,6.541588821582211e-6,7.75653634475523e-6,1.30716536035753e-5,1.2953307147915377e-5,1.0485938591821293e-5,7.155846406992884e-6,9.812049969590098e-6,1.6139692599002536e-5,2.3292240853356763e-5,3.1614070143346426e-5,3.0058900013405084e-5,2.5242459864632668e-5,2.4380076199438964e-5,2.4134007603468432e-5,2.6284865701163768e-5,2.4866274697232736e-5,1.8946444717596717e-5,8.08143810602654e-6,-2.9797068008871007e-7,-7.115688529164533e-6,-1.4728647791203767e-5,-1.62672282827591e-5,-2.05660707037759e-5,-2.6254095563013072e-5,-2.7654532899368106e-5,-2.3388013559113485e-5,-2.9204515652023725e-5,-2.4523883136649217e-5,-2.279019445627917e-5,-1.8578459096726202e-5,-2.0570109924850795e-5,-1.9886546855085462e-5,-2.9355969050474585e-5,-3.3049884624547106e-5,-2.9380684639336848e-5,-3.579804259029211e-5,-3.8663383151869355e-5,-4.113426415991317e-5,-4.28534297547919e-5,-4.37246308031561e-5,-3.003738359525564e-5,-2.7057890493811636e-5,-1.937070061859931e-5,-1.5186683615326351e-5,-1.203382385472239e-5,-1.4391354591554861e-5,-1.1037689630566677e-5,-9.162204134163322e-6,-5.955310920865127e-6,-6.869831312023277e-6,-8.575958201025483e-6,-1.066530418161505e-5,-6.869651650240654e-6,-1.2076130907462397e-5,-1.2846771476493563e-5,-1.4617910176365528e-5,-1.2789900097777114e-5,-5.747905406627767e-6,-6.549167358861797e-7,3.7454163601068784e-6,4.154329985667132e-6,7.409234028810137e-6,1.0149287943131763e-5,1.0518711843932659e-5,3.969425829888478e-6,3.2123897212855338e-6,1.077029469232387e-6,2.70717275797297e-6,1.2148194026636745e-5,1.669829612503734e-5,8.733210467565369e-6,6.538172634226158e-6,6.64575311439914e-6,7.2822736666411655e-6,9.535075151718698e-6,1.2081069769663378e-5,1.5513311023636135e-5,5.700577955414979e-6,4.334627419250419e-6,7.416461071964191e-6,4.418152654924389e-6,2.059303734268046e-6,3.807291701286599e-6,1.8772441011481414e-6,-6.790460191958029e-7,-5.782249110931503e-6,-1.8122440453343064e-7,2.2551528445242617e-7,-8.573415122859697e-6,-1.2048046652465281e-5,-1.3647343723031803e-5,-1.0538799235376433e-5,-1.184972903830743e-5,-3.7123927212309253e-6,1.3560462242343548e-7,-2.643943381169106e-6,5.018585742878596e-8,4.69493822228968e-6,5.780655094704574e-6,3.866184323741759e-6,-2.8772453731587123e-6,-8.278049103733437e-6,-1.3913223228287592e-5,-1.501603778126655e-5,-2.0843996300149304e-5,-2.451045350812765e-5,-2.6323982980853915e-5,-3.27931934409003e-5,-3.4903034316885374e-5,-3.836022409468815e-5,-4.499873885936679e-5,-4.51017657740122e-5,-3.878219984959268e-5,-3.3611527505548805e-5,-2.491654295255728e-5,-2.2582793656909586e-5,-1.573782553696001e-5,-1.181985516368413e-5,-1.2117755436097169e-5,-8.632193217583161e-6,-1.3688266249919513e-5,-1.529648507686945e-5,-1.976116019307311e-5,-2.2952443055517333e-5,-1.8788809405351076e-5,-1.5749987328168937e-5,-1.9562503860764635e-5,-2.0468016819121756e-5,-2.0414510295463293e-5,-1.9245651508196885e-5,-8.917863399229595e-6,-1.7716758834971001e-6,-2.830890774540369e-6,5.621104363246313e-6,5.896689548454154e-6,5.832251264956906e-6,5.619569728976988e-6,2.321625311102358e-6,1.4139622560148877e-6,-3.953268877336184e-6,-4.4561576308279675e-6,-8.107480792943009e-6,-1.1016329911371047e-5,-9.83413776311108e-6,-5.068126444349137e-6,-6.582458535378379e-6,-8.658108828638009e-6,-9.35289063537229e-6,-1.0808068338273744e-5,-1.528374267683972e-5,-1.675977806392541e-5,-1.4938136075317594e-5,-5.844944032197416e-6,-6.354945265348783e-6,-1.0034811347151799e-5,-8.417951972994858e-6,-8.056395217834498e-6,-8.063562322143367e-6,-7.526911530127129e-7,-5.504075052335234e-6,-4.886814027580419e-6,-1.4093407586814321e-5,-1.6397662425755463e-5,-1.6394799547432276e-5,-1.5817039268851423e-5,-1.7138147683050296e-5,-2.282713579963583e-5,-2.3423845099315552e-5,-3.13204946964264e-5,-3.60018783812358e-5,-3.45641111883812e-5,-3.689278619781203e-5,-3.95037332880821e-5,-3.130457787691256e-5,-2.8058267360683e-5,-3.38487446727651e-5,-4.295282658372997e-5,-4.600524841755625e-5,-4.276882646566002e-5,-4.107702900817527e-5,-3.485848272320067e-5,-2.845101966581122e-5,-2.5835713818378222e-5,-3.116745744834564e-5,-4.372639512792817e-5,-5.126389004093045e-5,-4.989780910943423e-5,-5.048349947726756e-5,-4.764475112544356e-5,-3.953952974816944e-5,-3.931987305129969e-5,-3.466626014188066e-5,-3.4122716398258156e-5,-3.003938928438054e-5,-2.712786026034262e-5,-2.2420844237034497e-5,-2.0418568024132965e-5,-2.1354274882148594e-5,-2.3732561236983583e-5,-2.498805761719625e-5,-2.8629174263403234e-5,-2.0190996203016067e-5,-2.5829292930167905e-5,-2.139797935223818e-5,-2.0756613779829044e-5,-2.571507619814582e-5,-2.6607042635763932e-5,-3.285607444105104e-5,-3.377687342606981e-5,-2.994254124579189e-5,-3.053181608279486e-5,-2.9610232045166864e-5,-2.6178854896946493e-5,-1.952469794209613e-5,-1.780881220192524e-5,-2.220544327569455e-5,-2.566501579678362e-5,-2.449138628212168e-5,-1.8868824192464192e-5,-2.4134495650555876e-5,-2.3423324469830608e-5,-2.5718089275557534e-5,-2.1165703889409858e-5,-2.670478779315803e-5,-3.0118853788263703e-5,-1.9649827887569613e-5,-9.78155872036442e-6,-4.718003178845659e-6,-5.4828919844893904e-6,-7.430685898460227e-6,-1.1025339155469471e-5,-1.6952055890689788e-5,-2.29306347593944e-5,-2.128301050166241e-5,-1.3782347469851594e-5,-1.0933629595197691e-5,-7.115094503328985e-6,-8.69178161166502e-6,-6.671997958251472e-6,-2.788180482768519e-6,-2.4691700536179932e-6,-7.320225367001763e-6,-8.175778559309533e-6,-1.1799381185812002e-5,-7.516300382490232e-6,-8.203585769775912e-6,-7.668335422927105e-6,4.131416272580835e-6,9.584922880554953e-6,1.3422384929788764e-5,1.2557955670590473e-5,1.3816350341399394e-5,1.4564462936532878e-5,5.281292482990918e-6,7.768449448127188e-6,1.3718339348314038e-5,2.412261306442362e-5,3.365105855512402e-5,3.48818690563214e-5,3.597901660495716e-5,3.329661485202885e-5,2.84081742122376e-5,2.4934473811094477e-5,2.100190197955044e-5,1.8737969061912424e-5,8.398387313103307e-6,6.539611791186655e-7,-1.9070800700565738e-6,-5.252896818494226e-6,-4.834908338387729e-6,-1.156922925909915e-5,-9.92926822931954e-6,-1.248188125047074e-5,-1.1589164151891922e-6,7.398622195568763e-6,1.1581864471214505e-5,2.2222953953391044e-5,3.0162364369962242e-5,3.13244580965054e-5,3.813882204821552e-5,3.5381380642274094e-5,3.351773362087288e-5,3.905207019909601e-5,2.9802755351492167e-5,2.3331249598112148e-5,2.5533893962448068e-5,2.035135162858922e-5,1.0839571642269274e-5,1.2260976776901507e-5,1.2169678969278788e-5,1.5265192761542805e-5,1.5302198059796388e-5,1.4488461845686448e-5,1.5417898529831358e-5,1.5587360086438655e-5,1.544018047123304e-5,8.263587227752846e-6,6.780553945273062e-7,-9.694781442180618e-6,-1.6159255935314505e-5,-1.9262317814482376e-5,-2.275392563701494e-5,-2.1226638684153816e-5,-2.443408428959585e-5,-3.0831860164445256e-5,-3.409411577283837e-5,-3.6511777657717725e-5,-4.083655555474123e-5,-4.229925210600509e-5,-3.852771111200761e-5,-3.2971796880268254e-5,-2.7754329174729923e-5,-1.559710545807132e-5,-1.1755999751545068e-5,-4.34824017357831e-6,-6.699373693532195e-6,-1.1031207429045198e-5,-1.7073743583706457e-5,-1.7156820605754057e-5,-2.282501429519864e-5,-2.416700602948772e-5,-1.9715124772028057e-5,-1.5759222476748215e-5,-1.1664626041901398e-5,-9.697838615413825e-6,-3.550394553698044e-6,1.4065287459991209e-6,-3.125132088048348e-7,2.042342694834369e-6,1.4196054646526586e-6,2.1298220344189253e-7,-1.1987997784558667e-6,1.1603518056075116e-6,-1.7499623784376681e-7,-1.6180437787868267e-6,-7.298907959881405e-6,-1.2738155548357026e-5,-2.0443651314352305e-5,-1.93833031665288e-5,-2.1123748937741147e-5,-1.6157765289829115e-5,-1.6492987668912497e-5,-1.5479674018256768e-5,-8.262810035160025e-6,-3.2504679532180485e-6,-5.0022741578292034e-6,-2.006363452719921e-6,5.0381529723319806e-6,4.6186056043440924e-6,8.944889157984013e-6,7.99267310468488e-6,1.5615311386192247e-5,1.605567840041761e-5,2.17214779932302e-5,2.1866656715052886e-5,2.4661920119307826e-5,2.339626919042155e-5,1.994752054254625e-5,1.444796094718256e-5,1.3869938592151878e-5,1.0870690467505133e-5,8.508861444405562e-6,1.0085222649980778e-5,7.357854932128579e-6,1.2720876051345817e-5,1.670195313710062e-5,1.4246319514712172e-5,1.1748875077005031e-5,9.465655622919722e-6,1.1157882189019721e-5,1.0636970267589397e-5
0.00042193562391493,0.0003123145061983607,0.00024773834261651215,0.0002084895181034853,0.00018357633070146038,0.00016323927696949652,0.00014258868653035033,0.00012677778813050184,0.0001111736856122462,9.78294616600181e-5,8.791369027373028e-5,8.41462195053393e-5,7.325884310362975e-5,6.783407517349295e-5,6.657525904692056e-5,6.709675455244006e-5,6.160306291205076e-5,5.474411712963171e-5,5.3550465507421226e-5,5.042293466616536e-5,4.798987642993881e-5,4.2543148744739306e-5,3.8259717314937084e-5,3.8418610981689284e-5,2.9798182993952482e-5,1.9816275261049998e-5,1.3792115302580505e-5,4.703709576007671e-6,5.969412675729775e-6,6.6289493586151076e-6,1.0598515564474297e-5,1.0361357069902562e-5,8.15078761171542e-6,1.1377419895309137e-5,1.422212131164399e-5,2.141817527830802e-5,2.1521701954224984e-5,1.8742359555634406e-5,1.747509624749121e-5,1.388458929550799e-5,1.095196096700375e-5,1.1487752568483173e-5,3.746955985263141e-6,-1.2483344982875516e-6,-4.385650942015353e-6,-5.557485783110161e-6,-5.6895148193975464e-6,-7.218080941029681e-6,-5.924352062788342e-6,-9.830277159614257e-6,-1.5081182290190367e-5,-1.0687437988485506e-5,-6.263304000506006e-6,-3.535037328891367e-7,6.8244361560399305e-6,1.519341097287516e-5,2.1343185073461963e-5,1.5937836796090187e-5,2.021527918296691e-5,1.3782392587706895e-5,2.6087992283555434e-6,-1.8063144057498832e-6,-4.723713437679534e-6,-7.0636523633903085e-6,-7.358232690420227e-6,-9.723785235420636e-6,-9.261713129294645e-6,-4.044217384458596e-6,-3.126166999821722e-6,8.703404002058832e-7,1.5961451521261752e-6,1.0654341984177535e-5,9.756170151064456e-6,7.518129136755919e-6,1.5103132777474479e-6,9.961175767828424e-8,3.5483462282317626e-6,4.796058934083762e-6,3.0628893288701173e-6,2.8339652811341993e-6,1.559945422202616e-6,7.075091929569359e-6,3.489444012351282e-6,4.068640827488455e-6,-6.422721494890167e-7,-6.561809066867188e-6,-4.18639989240991e-6,-2.069752066003725e-6,-7.571154281959498e-6,-6.721863996738696e-6,-1.0200345115616629e-5,-1.4191904160346655e-5,-2.041195037026943e-5,-1.778272954841192e-5,-1.1039328079139851e-5,-1.2637966945561331e-5,-8.06117353098968e-6,-6.613413704884149e-6,-9.109147283887155e-6,-1.0082583201763156e-5,-8.777535827385506e-6,-7.037732324318701e-6,-8.426562813323671e-6,-7.169965856853608e-6,-6.710673581362742e-6,-4.535709552607999e-6,7.461336020535682e-7,4.223652399522582e-6,8.175156367942382e-6,1.6067291956452182e-5,1.9711926284790866e-5,2.323959355416168e-5,2.2704371076342046e-5,1.8765646686084908e-5,1.856147214737798e-5,1.2753565045072982e-5,5.056698371671617e-6,2.948030314524101e-6,-5.621654356458241e-6,-7.656039389433602e-6,-8.33451727580497e-6,-2.2551686944709755e-6,-8.052583981190923e-7,-4.709178732072827e-6,-4.3741672565944725e-6,-4.551835233156618e-6,-5.145144189609973e-6,-7.940105246147347e-6,-1.243924142809364e-5,-1.247432093939845e-5,-1.0442160250157029e-5,-6.065188977813554e-6,-3.350604480314409e-6,-5.250667425588754e-6,4.4560303282159587e-7,1.9822593574940704e-6,4.302200695864187e-7,9.572808686771715e-7,3.358646938819907e-6,2.675383170145541e-6,-6.051656835651096e-7,-5.789804252930418e-6,-5.6160260820997556e-6,-1.06489809029107e-5,-5.655583472605358e-6,8.298225956509577e-6,1.3463534316814151e-5,1.9158915587479306e-5,1.2540573368573938e-5,7.977040110092727e-6,1.0194771483861911e-5,9.471135925537002e-6,1.5421155403530756e-5,1.4897061908361475e-5,1.5921063500541518e-5,1.4349126969988467e-5,1.0235668824646392e-5,8.795965273342153e-6,9.294685521156176e-6,6.081611910289493e-6,1.6772832153873602e-6,-2.4969955936832863e-7,-1.0172573783278273e-6,-5.841430430906386e-6,-5.361786690706156e-7,5.00272846998134e-6,9.862375347908214e-6,1.3401899914531798e-5,2.0697528886794483e-5,2.1410092613746767e-5,2.2099339602002582e-5,9.923652983113171e-6,3.171540869768291e-6,1.8167897337891876e-6,4.573287219894712e-8,1.1101748958229023e-6,2.021131629589533e-6,1.1248940608145024e-5,1.1277495323370406e-5,1.616429809346315e-5,2.596576811276083e-5,2.5266768794467498e-5,2.130143755255261e-5,2.1166807572037366e-5,2.4368641283058856e-5,3.296927750805966e-5,3.806116976113096e-5,4.022061803709323e-5,3.9433554391306476e-5,3.38260254498893e-5,3.35593333957549e-5,2.979932183389477e-5,3.468784667623993e-5,3.3673567271807505e-5,3.5674012499807685e-5,3.5704992219353875e-5,3.951322330239393e-5,3.397205570476506e-5,3.493934096879074e-5,3.681067575933801e-5,3.1080410476004804e-5,2.4474474093412487e-5,1.2981631434175354e-5,9.942466115947057e-6,6.300082350910727e-6,8.423002962389281e-6,7.528382511585898e-6,1.5022046683202979e-5,1.587332282192038e-5,1.5042191808966077e-5,1.3877195169719415e-5,1.458927262977348e-5,1.6791071476040953e-5,1.1836379962831335e-5,6.469325214752412e-6,1.9282896458996213e-6,4.483288870823395e-6,-1.7100191140049653e-6,5.697528787994452e-6,6.2856763946797324e-6,3.834705656934495e-6,5.1425850825958915e-6,6.607801623266414e-6,6.110538917241665e-6,4.805485111855851e-7,-6.467400087494503e-6,-9.940505412580368e-6,-6.828246382603251e-6,-3.8167871019458674e-6,-6.171316399146715e-6,-9.973909578502275e-6,-5.351840977299721e-6,-8.61740649414589e-6,-1.8324185901162056e-6,3.0044433432005712e-6,4.146155988593301e-6,3.820167744408593e-6,-2.3516780290757075e-6,8.69146164514609e-7,-5.028652212308799e-6,-2.007152282134702e-5,-2.4815698748056925e-5,-2.1053038829937793e-5,-1.8614857099190583e-5,-2.4291010996139913e-5,-3.224350308027133e-5,-3.463818097580467e-5,-3.103087204067201e-5,-2.619257451067157e-5,-3.243346277677817e-5,-3.485587398994767e-5,-3.566122730167236e-5,-3.0464531938519235e-5,-2.3577958115267756e-5,-2.416339604673998e-5,-1.7999571963062204e-5,-7.227419751925865e-6,-2.1659062272417963e-6,8.908962975826368e-7,5.1010425177609294e-8,-5.736117791069908e-6,-3.0293171198833507e-6,-1.2751099911979025e-6,6.289822617581353e-6,8.845373837696723e-6,9.231397132233987e-6,1.340622323074424e-5,2.2965054585250665e-5,2.320157806044035e-5,1.7785239160405354e-5,1.1319726066730815e-5,1.544498518175158e-5,6.330172260023226e-6,4.931808384813452e-6,1.0525400906783132e-5,5.986989298045415e-6,9.501831914676606e-6,5.096122249302656e-6,5.619924405200906e-6,1.0111776528685854e-5,6.034429336019978e-6,3.787784714539724e-6,1.8848667474711923e-6,1.3164655303134637e-6,-1.3967127827709299e-6,6.248152967957359e-7,1.4794136881766242e-6,7.335263312309902e-6,5.073258464195721e-6,3.5650533087600143e-6,9.39101313790514e-6,1.4527153449362697e-5,1.7174700471690676e-5,1.4513779569467068e-5,1.879830856703589e-5,1.1908124144028115e-5,1.0374195551635326e-5,9.318096622207847e-6,8.665390482098093e-6,5.898346563248862e-6,2.5927855184878225e-6,-1.4525653326282743e-6,-6.518713557419929e-6,-1.283018469113352e-5,-1.9420275760264467e-5,-1.5431530778128004e-5,-1.2108279202182856e-5,-1.1298383086931256e-5,-1.2858576143912233e-5,-1.4946548911787472e-5,-1.9055813619311687e-5,-1.5088108361552521e-5,-5.605640309221193e-6,-5.035952394442799e-6,2.396008991703522e-7,3.6222658539871184e-7,-8.415250322032916e-7,1.0517995298771635e-6,-2.5546421919690327e-6,-1.338103302757139e-6,2.934413164358854e-6,3.073105164713591e-6,2.540750366870918e-6,-1.0185773327381905e-6,-9.262876512781044e-6,-1.2860208678393813e-5,-1.7435437313598347e-5,-1.6129427207447516e-5,-1.7390846862952547e-5,-1.6391306122452826e-5,-1.5343709879654552e-5,-2.029777207862025e-5,-1.9849454105410734e-5,-2.2880075247115198e-5,-2.1834669221361213e-5,-2.0946203397701282e-5,-2.2316894258032694e-5,-1.9820929360167636e-5,-1.6786489197307806e-5,-2.0989559431511297e-5,-2.0089169223054532e-5,-2.1881229092184306e-5,-1.2703419042645806e-5,-8.7871643396111e-6,-9.310780814943308e-6,-1.3469857282457994e-5,-1.0193097861062055e-5,-9.188485377506253e-6,-1.4334048644299623e-5,-1.8173957849006414e-5,-1.8873457847154893e-5,-2.1067518428564482e-5,-1.647060040329649e-5,-3.2507577029879123e-6,2.7757547899012028e-6,6.2419982294342e-6,3.3787159261427626e-6,3.9241581759856e-6,4.7949150144882765e-6,1.0397025412394666e-6,-1.2987189256617249e-6,-3.26955601766403e-6,-1.1208250528245305e-5,-1.3070090549222854e-5,-1.0116802871780968e-5,-5.823257759926466e-6,-2.6733677911524543e-6,-6.620141005500555e-6,-1.6663060794515837e-6,1.5269683513322154e-6,-5.336522136775164e-6,-3.1930351725478625e-6,-2.5744237212724594e-6,-3.877141396990688e-7,4.55727064385729e-6,3.2992164592978725e-6,4.6904890333513964e-6,5.0302388105131144e-6,1.003727907377099e-6,-5.951663400203424e-6,-1.3148340718402402e-5,-1.5555254778413464e-5,-1.7989136563418065e-5,-1.7311424900403613e-5,-2.075766968573972e-5,-2.1777284009046287e-5,-3.002750049628268e-5,-2.9121176929356953e-5,-2.041333150912885e-5,-1.6064174526124134e-5,-1.7892566313799163e-5,-2.0313709988828858e-5,-1.6776017117170667e-5,-1.5652959250564016e-5,-1.7868680634557124e-5,-1.1476773061606078e-5,-1.6355696986816727e-5,-2.2589308385266735e-5,-2.3468343725749692e-5,-1.8761412681628727e-5,-1.838842647994286e-5,-2.1755966259940483e-5,-2.3291982629326527e-5,-2.250595940934191e-5,-1.7852157913105868e-5,-1.7045149892373518e-5,-1.1964502229833192e-5,-1.5708212247428847e-5,-1.7197699637678587e-5,-2.2351786735519325e-5,-2.474244604822436e-5,-1.8093020024941863e-5,-1.4932415557669319e-5,-9.87814000848089e-6,-1.54428971341451e-5,-1.8403982937203412e-5,-1.6831097207226953e-5,-1.78666212396645e-5,-2.0438796804955187e-5,-2.6523043436484434e-5,-3.447899524772041e-5,-3.5846188314228295e-5,-3.512499990090373e-5,-2.4070424327397328e-5,-1.860240284017322e-5,-1.1488690565212199e-5,-1.150269632060427e-5,-1.7709277483738345e-5,-1.8371796080981518e-5,-1.7686311955142507e-5,-1.590864019481627e-5,-1.6322598239836847e-5,-1.3027111298532215e-5,-1.462927398915137e-5,-1.1033946773031257e-5,-8.981024700524365e-6,-7.22164298673168e-6,-1.182678755457659e-5,-1.848000172624152e-5,-2.4947628387014837e-5,-2.568104953371277e-5,-2.1548031587706014e-5,-1.9505302763549217e-5,-1.4566370284575287e-5,-1.112334537957442e-5,-8.91486105684295e-6,-3.1359305254088234e-6,-1.1283254654787437e-6,-1.6983664217226486e-7,-1.174985802220109e-7,-3.6105118204936513e-6,-3.5496770405330605e-6,-3.8169992130184175e-6,1.591843408005578e-6,9.824360197116618e-6,1.624625748288187e-5,8.202492372190729e-6,4.876790675758199e-6,2.756890959223607e-6,2.815508180687567e-6,-4.656125421498561e-6,-1.337337814963989e-6,6.5392843599645096e-6,3.831052178399007e-6,6.784060269816366e-6,7.715056298900734e-6,1.2486193784914773e-5,1.3926940274188671e-5,1.2705259409085302e-5,2.036033331423086e-5,2.0642048453131708e-5,1.3186352900128406e-5,1.0520318309271112e-5,8.774309021378354e-7,1.731402202501523e-7,2.8631370816305715e-6,-7.540222301997515e-8,3.6625839373655302e-6,7.241582179367197e-8,-3.167998769658069e-6,-6.207130865701509e-6,-7.937437314324114e-6,-1.0055283583335364e-5,-1.6131191800456595e-5,-2.6883985666988536e-5,-3.00777773311253e-5,-3.2810637988627164e-5,-3.568385632740241e-5,-3.508085695762247e-5,-3.2551354197062285e-5,-2.830363001555193e-5,-2.51165318315002e-5,-2.4176580441712154e-5,-2.6343809916581892e-5,-2.066305950096756e-5,-1.5333874406564117e-5,-1.4703617643306085e-5,-1.4641469163622825e-5,-1.4306918166107541e-5,-1.0713892085773708e-5,2.136924280237358e-6
0.000369611308352622,0.0002623945464101921,0.00020042682984504877,0.00016010100296030402,0.00012998980593795765,0.00010475897663285676,8.130263267045373e-5,6.610314620965715e-5,5.026068855271281e-5,4.032456326397714e-5,3.649782738496423e-5,3.272678585428674e-5,3.528732916707764e-5,3.345874470607503e-5,3.329143742690553e-5,3.0249587709513205e-5,2.4762877287130014e-5,1.9586361016097718e-5,2.114263885100033e-5,1.4102950978944565e-5,1.685572328045662e-5,1.3107390358136435e-5,8.396032014209614e-6,7.02929810292499e-6,2.316610816266698e-6,2.6702185775579616e-6,2.1717539901472383e-6,9.209480703714065e-7,2.47590240632628e-8,3.532084718615531e-6,2.5489807122194315e-6,1.110987501578188e-6,-2.502237984941837e-6,-2.6636565684004213e-6,-2.5814964086420737e-7,-4.75606510240583e-6,-5.998002931253211e-6,-3.6507677471093895e-6,2.4959943651215405e-7,3.790262469720616e-6,1.1068081610944885e-5,1.39756551216965e-5,1.5775962678202176e-5,2.318526311449694e-5,2.1310764752074903e-5,1.9464852620117516e-5,1.4759905007540043e-5,1.0051485637940886e-5,8.519859820710506e-6,6.353992475317241e-6,5.926280322893148e-6,5.446421603341868e-8,-4.638426002164311e-6,-1.294705714463558e-7,2.2498429621542733e-8,-3.494959889166558e-6,-3.2982372605861346e-6,-1.0398055333675052e-6,-1.3708602320754726e-6,-4.1008035774682935e-6,-4.075673777725574e-6,-1.0280550352600328e-5,-1.4579779103756108e-5,-1.4153396802747088e-5,-1.314910214690515e-5,-6.937513425846671e-6,-2.000523535060161e-6,4.796575029858602e-7,2.4143974719627075e-6,4.8719731370152665e-6,1.3351028351123127e-5,1.840309030696311e-5,2.0481682500974054e-5,1.9497238049343333e-5,1.6797345681994133e-5,1.3224919742148733e-5,1.2709987956604584e-5,1.5635859067297437e-5,8.306841013303344e-6,5.78540942510172e-6,9.224817415394532e-6,7.006303491217302e-6,6.280374462939972e-6,4.6735991838769405e-6,-8.848803185968291e-7,-5.2483560461514855e-8,4.058027102423733e-6,7.697604208036925e-6,7.639136821758644e-6,8.77420332450205e-6,1.368525130688596e-5,1.6973008845070162e-5,1.6989808093312348e-5,1.7339935169116886e-5,1.5973561866777386e-5,1.802088313373479e-5,1.7099907571301413e-5,1.7865780737443133e-5,2.020415784015032e-5,1.8502284508994502e-5,1.521738053184484e-5,1.855346315389428e-5,2.526622017793582e-5,2.760990188252135e-5,2.580093813039102e-5,2.778458689838181e-5,2.2446222275080745e-5,1.8168458265701106e-5,1.8190761991932728e-5,2.449676053014037e-5,2.660117742696388e-5,2.5134200849710134e-5,2.452648911553983e-5,2.538108669096243e-5,2.4580901785581584e-5,2.3968601767331205e-5,2.4744953844293405e-5,2.3088009170215534e-5,2.0950515632612398e-5,2.3899671037163806e-5,2.084393121571553e-5,1.7022809296736807e-5,9.741424376672687e-6,8.792270534364835e-6,9.84159358502725e-6,1.256407034295812e-5,1.1565216611266603e-5,4.914483987368511e-6,2.0118535505131398e-6,-3.875526799766037e-6,-9.297108512234926e-6,-1.2195094457277279e-5,-1.4555366765487756e-5,-2.2210401123936888e-5,-2.2514781748885235e-5,-2.3388133170774227e-5,-2.8419409675098455e-5,-2.7571268764604336e-5,-3.045703568725925e-5,-2.5924842796727875e-5,-2.0937318769902987e-5,-2.0669164433256214e-5,-2.242262156111409e-5,-2.0204093713457433e-5,-2.1598807445840145e-5,-2.4254070547790217e-5,-1.8909308985411497e-5,-1.3186955057496433e-5,-5.079260543627068e-6,-7.694589856774206e-7,2.752736293751744e-6,7.859037316904062e-6,1.1471587897772569e-5,1.563236517317392e-5,2.1042495400095064e-5,1.9321343590003078e-5,1.5379270404366917e-5,8.66358902297311e-6,6.017088962845436e-6,5.971400307430818e-6,4.264350520503703e-6,2.348475487275727e-6,5.998419122197201e-6,8.558032956313524e-6,1.154822932418358e-5,1.372792315797928e-5,1.2901935682893678e-5,9.488026078171728e-6,1.0171554377592599e-5,6.906851608140515e-7,-5.110266696305494e-6,-1.697314455164575e-5,-1.520810229557438e-5,-8.480275546813185e-6,-7.4321088954421784e-6,-7.692171435268149e-6,-9.03957106866612e-6,-1.3094353347189258e-5,-1.593856077464709e-5,-1.213888209745218e-5,-9.165152923077187e-6,-5.962881583222407e-6,-6.862120896021944e-6,-6.539681562063615e-6,-7.015852798783547e-6,-1.2102471041899576e-6,-1.2948919636378394e-6,-4.293706203161096e-8,2.1396620513461173e-6,5.396442180672131e-6,1.0321181564946849e-5,1.20637425784405e-5,1.0249588455705369e-5,8.806604087482822e-6,1.153872712832145e-5,1.2318268234397228e-5,1.7088699134439608e-5,1.9142981433067852e-5,1.8397781321981933e-5,1.4715991085003724e-5,1.3993964219966205e-5,2.3404968040402102e-5,3.1598398226802985e-5,2.5912033951205225e-5,2.851425689273248e-5,3.057048608904727e-5,3.066453492071541e-5,3.508755169929762e-5,3.754154472459744e-5,3.5481917710236364e-5,3.0073402634576157e-5,2.6293514550096108e-5,2.6668363991603862e-5,2.0499687113691602e-5,7.789353603025571e-6,-4.128509301891655e-6,-1.0401710049807983e-5,-1.8659360061772206e-5,-1.7668657220803646e-5,-1.241726357991697e-5,-3.6636397924787963e-6,-1.8639404779075177e-6,-2.158681412940927e-7,7.455557014811137e-7,8.746856913391053e-7,4.797615237289766e-6,-3.7394638020068264e-6,-7.084453454069186e-6,-1.0862138392541652e-5,-1.142407954831543e-5,-1.477552867366373e-5,-2.0105036203837967e-5,-2.0144220073856876e-5,-2.1693366916825516e-5,-2.246347795201024e-5,-2.2714159575523605e-5,-1.951656087793401e-5,-1.5753303240143983e-5,-1.7900998687725675e-5,-1.610587057581311e-5,-1.9488734448404905e-5,-1.97453439961005e-5,-2.1537053396266203e-5,-2.5676364988408667e-5,-3.220883687823545e-5,-3.1003289248343696e-5,-3.401907583449027e-5,-3.2705339190663986e-5,-3.8186288573180044e-5,-3.499615807197822e-5,-3.046004551933287e-5,-2.870510725338647e-5,-2.4684103737358303e-5,-2.0639940155117555e-5,-1.7314993370630278e-5,-1.7475976670979956e-5,-2.2227204015019003e-5,-2.002193379424074e-5,-1.8201626601372613e-5,-1.539075162511312e-5,-1.6857138505023864e-5,-1.9350022596540036e-5,-2.1377517588877525e-5,-1.546692002157001e-5,-1.146394966205181e-5,-6.9941405419272276e-6,-3.5592812317804783e-6,4.053124335471343e-6,1.0005754905628909e-5,1.0323591695831103e-5,1.5997644702958102e-5,1.3715499067687406e-5,1.7702296933355305e-5,1.2320919518911162e-5,7.466949786924806e-6,4.2563989240879995e-6,1.5149499560508496e-6,4.642468721668011e-6,5.584201785413e-6,9.943712371014236e-6,1.5487813121281132e-5,2.3388315135722886e-5,2.8540047659128757e-5,3.163674923004819e-5,3.144811038529406e-5,3.465683952228429e-5,2.6085709251835975e-5,1.8768945585551558e-5,1.2017739548319811e-5,1.1246810166514525e-5,1.7594566090057827e-5,1.4366287351145605e-5,1.4003628949670288e-5,1.4918323056775785e-5,1.8631040454038534e-5,2.3098521086160876e-5,1.9909858312993005e-5,1.6238541519560936e-5,1.578234767482186e-5,1.7497325383190784e-5,1.717940106906749e-5,9.415648975369084e-6,1.1670753222495103e-5,1.1358998576332768e-5,8.269817293718717e-6,4.5303576384495565e-6,3.0145797876522102e-6,6.9730597522349795e-6,2.133872449602835e-6,-2.858418635561627e-7,4.128565708854862e-6,8.46553642405358e-6,5.3005008264426e-6,1.1791549971563268e-5,7.789398003648838e-6,9.789383349489468e-6,1.0984123063391814e-5,7.199124520221232e-6,6.412195777646667e-6,4.321711530576277e-6,6.278836136374194e-6,1.007215147753147e-5,9.615939558986172e-6,3.634775301517954e-6,1.2926315088210666e-6,3.3881832029588085e-6,-4.661848098973359e-6,-1.2973697295707492e-5,-1.4739462558687305e-5,-1.9955619091233337e-5,-1.9875577626968045e-5,-1.827477569028214e-5,-1.739950590012615e-5,-1.587293088567738e-5,-1.353873771813147e-5,-2.276153447697473e-5,-1.916077234859742e-5,-1.85013053589978e-5,-1.9293705827223308e-5,-2.150461952016776e-5,-2.7141144971529227e-5,-3.188512755069218e-5,-3.9224080046816495e-5,-4.328266001747644e-5,-4.28632973502295e-5,-3.936065115691492e-5,-3.824772392573525e-5,-3.450371750425037e-5,-3.278055678202899e-5,-2.9385686240536907e-5,-2.95900916000483e-5,-3.698124964341532e-5,-3.433726907463611e-5,-3.249733206968195e-5,-3.0753866898732305e-5,-2.2225383549706327e-5,-1.880401550506646e-5,-2.405385028276261e-5,-2.7464425004376544e-5,-2.0987726882845622e-5,-1.2338334626853187e-5,-3.673784285060436e-6,3.2864305006988315e-6,6.762328464360088e-6,2.208683102511227e-6,-2.733507825374472e-7,2.0963828485221403e-6,3.602320121859771e-6,-5.870469847509153e-7,-6.373853767240612e-6,-2.628160550882429e-6,-8.41734637645575e-6,-1.048998058636701e-5,-1.0961854521815135e-5,-1.1320589117058418e-5,-2.4433818706879854e-6,-4.0766040843385015e-6,-4.8578146981927145e-6,-1.2412892859681625e-5,-1.0875949798476725e-5,-1.3194924213472467e-5,-1.3482571306546696e-5,-1.2244062375452017e-5,-1.0088408483945681e-5,-3.8306882900198495e-6,-6.512451058722182e-6,-3.7436556631750055e-6,1.6296550792639664e-6,2.3290823801528893e-6,1.6835135993543454e-6,3.4885133508681944e-6,8.020869277080359e-7,-5.2601359560213616e-6,2.3159826047398248e-6,3.4610176055351357e-6,9.635893720354667e-6,8.311201077212261e-6,6.358361603041383e-6,5.3635474371851135e-6,5.912267493874229e-6,6.420888212586408e-6,7.544419664125827e-6,7.790111318401847e-6,1.0099212218080993e-5,8.360989146866767e-6,6.4951886956193855e-6,7.974692497790961e-6,4.052934410492804e-6,4.504454420306057e-6,1.3456972451563507e-5,1.9220981416181215e-5,1.9542865327374436e-5,1.7223910358158883e-5,1.767949083039779e-5,1.7678624162229858e-5,1.5144262335502035e-5,1.0615522099826277e-5,4.243449236137146e-6,5.0822864913638725e-6,4.108730312904298e-6,1.261750433796043e-6,2.687504311978296e-6,1.0950449639504381e-6,-7.410267532742705e-7,5.438784931756177e-6,2.1630025890606427e-7,-3.755855640910061e-6,-8.00363926184978e-6,-1.0978579379928583e-5,-1.2211919916367774e-5,-1.0553122712209946e-5,-9.847076910207021e-6,-1.2571574033031146e-5,-1.0862768556408102e-5,-6.919683653179576e-6,-2.5860065299169303e-6,-1.6133119751758817e-6,-9.585726112786216e-7,3.710819408100094e-6,-1.2821487547901723e-6,-9.33884443030459e-6,-2.2040696921290597e-5,-2.4746818950849694e-5,-2.9399681244776456e-5,-3.383897505034563e-5,-4.067371571544303e-5,-4.332926220654402e-5,-3.5420442617191443e-5,-3.339441751230159e-5,-2.7601887682009996e-5,-1.1117746431327128e-5,-4.4143488606587215e-6,-7.730489349836106e-6,-8.750797601842765e-6,-5.438302774374136e-6,1.694304838616143e-9,2.759907423451047e-6,1.1128514860193087e-6,6.252646834964182e-7,-2.935922852596285e-6,-7.733734710922367e-6,-9.95716579742849e-6,-5.327172625166181e-6,-9.334122944754294e-6,-5.728005137606006e-6,7.36445888359948e-7,-4.005862424052608e-7,1.7400323714460241e-6,5.091011762940762e-6,3.3050726366702137e-6,6.923169298390765e-6,8.331695328044393e-6,1.1985938986947093e-5,1.0357962198781056e-5,7.050194712897145e-6,1.1804171286770433e-5,8.145667495455817e-6,6.758679129535866e-6,4.748088810268824e-6,4.953797824425431e-6,8.931929217661451e-6,7.904890717246866e-6,4.531484993947286e-6,1.9178750004304493e-6,2.801070783653664e-7,2.661381714925463e-6,5.098134669485175e-7,2.0329064015993672e-7,2.4899820770592055e-6,-2.3201618624572184e-7,-1.1260233842358228e-7,8.404317085461088e-6,8.72072664396425e-6,8.871982923531135e-6,6.242558180012421e-6,8.319463465179633e-6,9.188233827002612e-6,-2.1900316245346673e-6,-9.567630995306798e-6,-1.7620763097907127e-5,-1.525800084997112e-5
0.0002791546480456713,0.0001942471553780052,0.00014199022882949985,0.0001027629308448613,7.526051106809485e-5,5.524587355598297e-5,3.982633228730907e-5,3.5944641865677376e-5,3.505941155563546e-5,2.7754148377917712e-5,2.1912927347289524e-5,1.6843831660678978e-5,1.420721208778408e-5,8.64943956964279e-6,2.316837590007267e-6,-3.5138127452382853e-6,-4.192411372065533e-6,-7.336545576531589e-6,-9.514312602750725e-6,-8.703103568930824e-6,-7.954190708587225e-6,-8.43617639654812e-6,-1.0290324154473862e-5,-7.272771996666646e-6,-9.423023598595067e-6,-7.269996529543557e-6,-4.076906086245402e-6,-1.82767869922971e-6,-2.6291783936882994e-6,-1.5858156330373404e-6,3.5918016499405365e-7,3.190174925941773e-6,5.666216811686535e-6,7.775798010872661e-6,5.661583583147691e-6,1.4000857293510165e-6,-1.4816027599125218e-6,-2.5461044392830295e-7,2.5359946744871264e-6,4.499860074700462e-6,7.074311151700639e-6,9.602513272930118e-6,8.242304906235448e-6,6.497414575266778e-6,4.057595871020064e-6,9.312670953010053e-6,1.048692621568546e-5,9.544898971381899e-6,1.2306003241942317e-5,9.956628553411721e-6,6.954786159508573e-6,4.3163623347543555e-6,1.5669254865593906e-6,-3.4266965146370857e-6,-1.6829894284002025e-6,-2.5092447398294153e-6,-7.98567033790776e-7,5.624412196150402e-6,5.30551025617725e-6,5.209264205390109e-7,-1.5380695075425654e-6,-6.641471404450916e-6,-7.661010276575055e-6,-1.0797051749701704e-5,-1.3472580564327689e-5,-1.2238308273811813e-5,-1.604551874039172e-5,-2.3343577887419104e-5,-2.1449562602350053e-5,-2.273782137725843e-5,-1.9130283008512196e-5,-1.3364422106375892e-5,-1.0613738952571047e-5,-3.886393431310247e-6,-1.292795494043812e-6,-2.7094222393622253e-6,-4.539368168479315e-6,-4.958021039044896e-6,-4.691446181257593e-6,-5.93686352790192e-6,-6.448403489699088e-6,-6.191356156546453e-6,-8.138754087635082e-7,1.8012161049728554e-6,3.296777992775503e-6,4.164048550791934e-6,3.801971542438067e-6,1.9441160228222023e-7,5.037731254049776e-7,-1.4397073412467172e-6,-5.372053002290737e-6,-9.959081864831251e-6,-1.3284684963114569e-5,-1.2114011309658933e-5,-6.737736434121574e-6,-6.632546653600799e-7,3.435287089685562e-6,2.213716376130174e-6,2.314958022574147e-6,2.8700194306842824e-6,-5.215534464519591e-7,-2.600843971171369e-7,-4.80651380855201e-6,-5.050602719371854e-6,-5.166838256682627e-6,-5.661041640617635e-7,5.481090751981646e-7,1.5896071673392262e-6,6.837968427622506e-7,-1.4451894236196766e-6,-1.7420159861360905e-7,-1.805486324267e-6,3.1138756163254624e-7,6.197482038217922e-7,5.671108486080688e-6,6.257733411820626e-6,1.2672379132486875e-6,-6.227715416388839e-7,-5.908858357303394e-6,-8.457411170275347e-6,-8.076518081299526e-6,-7.266961250896275e-6,-7.535649393047771e-6,-1.0092697934903531e-5,-7.4685478836925865e-6,-2.3643748366052596e-6,2.3473128456060435e-6,5.707633972074102e-6,9.917783620674306e-6,8.938668742681147e-6,7.952138404931522e-6,8.034126857491062e-6,3.932083788347539e-6,2.9430227914535164e-7,-3.979889296801593e-6,-4.21971509388709e-6,2.3784930474346863e-7,3.261817583144858e-6,9.675279128217883e-7,1.3043297101068348e-7,1.4566061449259468e-6,-1.702829414390832e-6,-5.446141476770894e-6,-5.400041833038405e-6,-1.8312196222006434e-6,-5.921984404193793e-6,-9.594233315236634e-6,-1.5385115258526162e-5,-1.919578673157943e-5,-1.9143895215935154e-5,-2.5120513248749328e-5,-2.466294839322021e-5,-2.3166292167620526e-5,-1.9395239412780304e-5,-2.1470465736457907e-5,-2.183876069330678e-5,-1.8481421682613264e-5,-1.56106043001792e-5,-1.0959190962405385e-5,-1.1291080584076314e-5,-1.0897217567655736e-5,-8.658143410215336e-6,-4.691073773290031e-6,-1.1864224404429147e-6,-2.0425572624963002e-6,2.4009310223056415e-6,5.887844031298632e-6,7.93141659096182e-6,4.646706208162557e-6,5.430999743012831e-6,1.1813880471062783e-5,1.7395315166485143e-5,1.3313983927393167e-5,9.238874169535485e-6,5.228291649618684e-6,-9.398918984983023e-7,-4.078510835203997e-6,-2.0801309340096934e-6,-6.192645193643594e-7,6.058905192433793e-7,2.610741784496336e-6,-1.3427895680886523e-6,1.2738261888878584e-6,8.03355982776458e-6,7.254729461119872e-6,1.2042082322671769e-5,1.3132865056077654e-5,1.1607013426351574e-5,9.236778800469113e-6,8.077704784555107e-6,7.567800304450819e-6,6.320485183011336e-6,4.476829789399862e-6,4.326470473471921e-6,8.228256477933452e-6,5.529576706603048e-6,2.858387200050604e-6,3.214277141192602e-6,6.398638382657892e-7,5.76230073225293e-7,4.900708973628995e-6,6.060172223597603e-6,4.848300610346982e-6,7.561773389161762e-6,6.153836550198647e-6,3.326638183724971e-6,4.376515248893943e-6,3.384722686097295e-7,-3.575179150499198e-6,-3.962349726131109e-6,-2.795438320014726e-6,3.0409861762882635e-6,-1.3167726979014275e-6,-4.10968214952397e-6,-5.917463380857849e-6,-4.2318334040227084e-6,-6.281584083834676e-6,-6.697115613146212e-6,-8.755564451746363e-6,-6.587427989622124e-6,-3.2140457557183713e-6,6.751557952423569e-7,1.7330161230827059e-6,5.367071684509219e-6,8.184751254398086e-6,1.0450430463542954e-5,1.1416455923843757e-5,1.3619787794333789e-5,1.4237271907078468e-5,1.2864848216561006e-5,1.2030021499166307e-5,1.75620248215836e-5,1.5075225471019348e-5,1.2037216179898688e-5,1.2767210624285313e-5,1.1656939485980243e-5,1.3402959897226181e-5,1.1290978226504702e-5,1.3916165499457312e-5,1.2874420231022813e-5,1.2270161963151798e-5,8.351483922940868e-6,7.293545465343838e-6,8.638079891614902e-6,8.594963251341903e-6,8.04126171034236e-6,3.4348874268797384e-6,-2.155925861162916e-6,-3.944617169961836e-6,-1.0070128618261478e-5,-1.688536847149913e-5,-1.5120147913966761e-5,-1.4058295097775395e-5,-1.538181612795407e-5,-1.3336960554591087e-5,-1.652878200397721e-5,-2.0257874062271647e-5,-2.4685232618918013e-5,-2.2860528784890113e-5,-2.11659335062814e-5,-2.349723677647001e-5,-2.6031313598458777e-5,-2.0705135259735435e-5,-1.7834834406521964e-5,-1.7403922998589637e-5,-1.6316371476599384e-5,-1.3642507329615888e-5,-1.7400662984112406e-5,-1.5916506032204347e-5,-1.3028718156179012e-5,-1.2101888314537771e-5,-7.770948042593279e-6,-3.7062210941443834e-6,-8.913322789519609e-7,3.4372551197194135e-6,3.5487215690803853e-6,7.2944650298636935e-6,9.002179797061355e-6,5.174557410411811e-6,1.2374048704892014e-6,1.7652581683241105e-6,1.7584255757775183e-7,6.569575669547573e-6,1.0851237802131578e-5,1.3157132570807272e-5,1.0387637575959856e-5,2.389538078896068e-6,-3.7866751029226452e-6,-1.0275454852903186e-5,-1.2065469172667114e-5,-1.876722584853124e-5,-1.4615600224480058e-5,-1.1595254785903616e-5,-6.7491693091850835e-6,-2.15548694278493e-6,-9.867393791006034e-7,5.146770342980655e-7,2.1607529800057406e-6,1.8522205744964603e-6,3.2592009858560832e-6,2.09095923837955e-6,2.444181926706043e-6,4.310594869959999e-6,4.33112892216655e-6,3.7777697581237844e-6,2.1488902858707826e-6,-3.186001181754829e-7,2.4117590593884927e-7,-5.826896920078834e-7,1.8360021845747612e-6,4.6956186537746965e-6,5.521936689138638e-6,7.147328107300851e-6,2.6102625549278447e-6,3.621877936785247e-6,2.446044543424609e-6,1.6071838014011493e-6,-1.8161898785954752e-6,-5.6771652561595825e-6,-1.1857347505966331e-5,-1.1221197471467724e-5,-1.2927107782516617e-5,-1.405623944459729e-5,-1.078539974720115e-5,-5.015078362137588e-6,-2.444170210464964e-6,2.924391302522028e-6,5.72036509811268e-6,4.339113190805061e-6,1.1670662940641114e-7,-2.9482775740705773e-6,-3.701565385709385e-8,1.0208667611684487e-6,2.572099473330775e-6,4.5912826099433875e-6,3.160011505647901e-6,7.31929952666745e-6,6.134210649170665e-6,4.007105998084948e-6,5.242160739932705e-6,8.9647800543581e-6,9.911705204515157e-6,8.408183548021728e-6,7.858622774796947e-6,4.8421513741325064e-6,3.89027475942985e-6,-3.021842940944568e-6,-2.824042510954178e-6,7.720865029370236e-7,4.160396451577722e-7,3.9908189715838194e-6,5.685992386877922e-6,6.463906007862869e-6,7.4368396858971396e-6,8.978558325718355e-6,1.0734319223397452e-5,1.2574085861270442e-5,1.26298979814606e-5,1.0334997965649353e-5,1.0161608992499986e-5,4.935211049386991e-6,-4.68334318652249e-7,-7.121000906102575e-6,-1.2946482139854795e-5,-1.829822490557939e-5,-1.6899479050691858e-5,-1.646633950763638e-5,-7.341746997570662e-6,-2.070926253460181e-6,6.349532677718643e-7,-1.4872424407681087e-6,-5.7292040542917264e-6,-3.4532940170162823e-6,-1.5161613035938015e-6,3.308851303345328e-6,1.1000876092515655e-5,1.2483243576645172e-5,1.9577108006879203e-5,2.1346589423817878e-5,1.689224545235138e-5,1.4548587160250117e-5,9.689815389908145e-6,9.029952888648943e-6,9.974316479900303e-6,1.0187709377321996e-5,1.1336500144775284e-5,1.2788379088833966e-5,1.2392764399490761e-5,1.7189917015135197e-5,1.572439629525131e-5,1.1003669600153544e-5,3.0070482772179563e-6,-5.323134598621217e-6,-9.561942355630331e-6,-1.0223765068663246e-5,-1.191332298830336e-5,-1.1353725063630764e-5,-1.3255649199809429e-5,-1.007526170979698e-5,-3.4507825871996835e-6,-3.987771525714953e-7,5.704783981311121e-8,-5.968608829204524e-7,-3.1420768624579883e-6,-1.0390606880424862e-6,-3.872765685555341e-6,-2.416258056983571e-6,5.069405702012565e-8,5.3666846167048075e-6,1.919660499751154e-6,-1.6644752141819463e-6,-3.635030734201619e-7,-2.273511061899924e-6,-6.7553777636808735e-6,-7.794411457530316e-6,-8.675694945129355e-6,-4.75957841904976e-6,-9.167573884058488e-6,-9.267975407357148e-6,-1.2888840750932501e-5,-1.1663344541080963e-5,-1.2087865935756126e-5,-5.31371715059921e-6,-5.640773759912767e-6,-4.0880711022362175e-6,4.846705132883554e-7,4.737406275803935e-6,6.866369355919559e-7,-5.3921320201227e-6,-5.476643857228314e-6,-6.922095640543119e-6,-3.5951291036705374e-6,-1.396507252875802e-7,2.0731788040426258e-6,6.932789575675443e-6,5.702150885036198e-6,2.1598304872803482e-6,4.323284364000529e-6,1.2468198504593228e-6,1.3061968630831262e-6,1.750500980483363e-6,-1.8726140752555778e-7,-4.688791047195618e-6,-1.1043205559930123e-5,-1.593464448817367e-5,-1.3272598643710505e-5,-1.4403641261643735e-5,-1.1325274113239005e-5,-9.99236311509397e-6,-8.53237229946835e-6,-9.025524340695727e-6,-7.844381392016193e-6,-9.171667394049778e-6,-2.3754826093728502e-6,-4.700956939152479e-7,8.406233095345113e-7,6.359886278513277e-7,-4.2326164993072135e-6,-4.750077504737208e-6,-6.706246785240741e-6,-6.87535942984489e-6,-7.107267955629171e-6,-7.37629162778274e-6,-4.520257498512111e-6,1.740386557110412e-7,3.4792794942635948e-6,3.854088276326255e-6,4.2680134132209374e-6,6.179503014579724e-6,4.4575851319605666e-6,6.107701493742853e-6,3.219165904975483e-6,-1.1319220235405771e-6,-6.84832416839879e-6,-5.653372767729237e-6,-8.677464495977507e-6,-1.0124787573115128e-5,-1.054576447211338e-5,-7.81169530607875e-6,-3.8135751990503097e-6,-1.642724666374409e-6,-6.567572371079062e-7,-7.668911683082802e-9,3.4199121264249613e-6,5.201386562304336e-6,8.71432750786817e-6,1.1568580827490523e-5,1.8155681267426392e-5,1.7924677300418695e-5,1.8432649550119935e-5,1.1534237592209426e-5,4.685706242376239e-6,-2.698423398780912e-6,-5.705192225446986e-6,-3.0157976757245144e-6,-1.3473798076638476e-6,2.8621745194141473e-6,6.601953250904798e-6,2.110440881365723e-6,1.952355012046134e-6,7.766211691015788e-7
0.00021962977005570125,0.0001371446907895948,9.35829172153067e-5,6.654689642903527e-5,4.957551656864929e-5,3.567510232409032e-5,2.6323412698892765e-5,1.880209208798965e-5,1.817162076694237e-5,1.594966773603288e-5,1.2230945799135028e-5,1.3216806476091751e-5,1.2786769274490908e-5,6.747689985258867e-6,2.2147651065439555e-6,-5.048291972005223e-7,-1.7080093966645592e-6,-7.822952211346648e-7,-4.2764130202450386e-7,-2.6015256152075238e-6,-5.191795708501724e-6,-6.28782533628009e-6,-7.926089309131195e-6,-5.1261757954114705e-6,-5.5690821567312705e-6,-6.018044589473572e-6,-7.263316265321582e-6,-4.12213627380909e-6,-3.8366950694617254e-7,-6.300850022417893e-7,-1.6730692389989986e-7,-9.67377199532624e-7,6.815236688417677e-6,3.900253336408915e-6,-2.2580175961657924e-7,1.2164946972824807e-6,4.988904041059699e-6,5.207633234003924e-6,4.956880854933374e-6,6.624545186079779e-7,1.0678856723489461e-6,-1.7749249215515366e-6,-6.329670395294354e-6,-6.341307573881404e-6,-3.961868111301383e-6,-4.011910206746655e-6,-2.2066934331623353e-6,-1.1345696282193359e-7,2.080109551989985e-6,4.231168776841141e-6,4.174807768629669e-6,5.041822995347794e-6,6.824693210305167e-7,-4.832971581069673e-7,1.8377701391874787e-6,1.5678887497972444e-6,9.80135986293504e-7,1.3142329407109495e-7,-2.973903478501265e-6,-1.8247347669640704e-6,-3.892726845972021e-6,3.5004770082866923e-7,1.405211088534728e-7,-1.6920002898144967e-6,-4.218622715969435e-6,-4.043179422124629e-6,-5.019265592323094e-6,-8.135787617343748e-6,-7.493522477822271e-6,-8.322651290204994e-6,-8.815321092117665e-6,-1.191014391709453e-5,-1.1661451306500669e-5,-1.2558423981476772e-5,-1.4603772084522598e-5,-1.3550603270956008e-5,-1.0868381122594767e-5,-7.274253885224742e-6,-5.025832449293819e-6,-6.717602836723192e-6,-6.376907848758566e-6,-1.3278031899150102e-5,-1.3344904870268404e-5,-1.3818709963753186e-5,-1.304128898255684e-5,-1.1337227857556596e-5,-7.779823717843004e-6,-5.343381768228625e-6,-5.068810812574022e-6,1.3102995896664244e-6,2.9558885854547347e-6,6.617134373449133e-6,7.459543845507476e-6,7.617728804884344e-6,5.210107569522536e-6,7.508406532346288e-6,1.4804077244227017e-6,1.073123651465037e-6,2.4730771450661827e-7,-1.4054485160959897e-6,-3.6310162529335393e-6,-6.076119448444771e-7,-2.60134448837101e-7,3.5164095008590285e-7,1.5905961613762516e-6,4.90127710729261e-6,1.0161068821227134e-5,1.2484664350756171e-5,1.356723274817218e-5,1.2730562052042779e-5,1.4087923590605346e-5,1.1867022462923538e-5,8.733144843260627e-6,9.59374068459336e-6,7.660138002880383e-6,1.0405814560406293e-5,1.43178962348335e-5,1.3736365037737636e-5,7.392697710934867e-6,7.565106203748085e-6,4.725476754033651e-6,-4.696214644324936e-7,-2.3611405877915236e-6,-2.243078748173e-6,-4.3068805056210845e-6,-9.366173596199134e-6,-9.630419041849234e-6,-1.06130020277363e-5,-1.0584839649272856e-5,-1.0449936428031608e-5,-9.292177665826692e-6,-7.95247967950311e-6,-1.0310079188430925e-5,-9.14873768513904e-6,-8.81520344529759e-6,-8.84155615672764e-6,-1.0680412400389218e-5,-3.5537005982553696e-6,-1.5937509692784708e-6,-2.2244807843768786e-6,-5.404355322642037e-7,-1.325774783855293e-6,8.956286464766878e-7,-1.7608678560387106e-7,2.0551500617167142e-6,8.220003065212647e-6,1.7184043494972615e-5,2.3131577684273125e-5,2.3463908412398915e-5,2.1455686321975e-5,2.277680597816856e-5,2.1406936515305265e-5,2.1983436998851333e-5,1.8223082733288534e-5,1.8033104192018086e-5,1.747813967639349e-5,1.889617452255732e-5,1.5189074778144768e-5,1.1328767816930039e-5,6.30554844949414e-6,3.1911072883796347e-6,1.8601062556612766e-6,5.676763802736335e-6,5.589748152108775e-6,5.915977418365172e-6,5.928259919014138e-6,8.142080447589043e-6,6.887393335262998e-6,3.4414286295832887e-6,2.816630609287787e-6,7.845709386399332e-6,5.503254289342625e-6,1.2826546676071797e-6,4.1046862916484225e-7,-6.057863991479477e-6,-8.822566769689772e-6,-1.2533924255948069e-5,-1.4873117606105608e-5,-1.4845376899297138e-5,-1.4783060924737607e-5,-1.3980621219405849e-5,-1.0871790192927376e-5,-7.736977506997021e-6,-5.5073600092213925e-6,-3.550889291609594e-6,-4.522689038848069e-6,-1.0575371155985196e-5,-6.441247115694229e-6,-9.811322066434631e-6,-1.4623452619826126e-5,-1.663856146031116e-5,-1.1315224575004573e-5,-1.0311490001459941e-5,-4.501901921054588e-6,7.766758413174106e-7,1.4870069080533677e-6,8.149040371827041e-7,-3.1276312577650072e-6,-6.503737968366671e-6,-5.888048884322205e-6,-4.085430652006014e-6,7.948516564519269e-7,2.350354014766551e-6,8.269704423590468e-6,8.224773470959649e-6,1.3702877688942038e-5,1.1774788714627344e-5,1.068256385432848e-5,9.701589715528062e-6,8.89543856664827e-6,3.805260733474392e-6,1.911606260228827e-7,5.840357923372781e-7,2.9794454088321326e-6,-5.230225571084741e-7,-2.2976752527632873e-6,-4.703156329242208e-6,-5.912346906521087e-6,-8.137035476080615e-6,-1.0605785614155033e-5,-1.1243474744532566e-5,-1.2617160081787823e-5,-9.57712382473019e-6,-9.441975214433496e-6,-5.7919524387532395e-6,-2.47982140770451e-6,-4.340036155064022e-6,-6.160063961905015e-6,-1.1940901667873718e-5,-1.2079613956258058e-5,-1.4885947655330883e-5,-1.3194870218645778e-5,-1.2564873606845368e-5,-8.135767982734978e-6,-9.882204240656901e-6,-8.208185365670523e-6,-7.189913534992834e-6,-5.787757131104179e-6,-7.257156085192623e-6,-4.875303363785968e-6,-3.299969939735177e-6,-4.350532269511905e-6,-7.797631046269157e-6,-6.28875613551913e-6,-5.9631698658363554e-6,-7.345099433756009e-6,-9.489646095314797e-6,-8.706208377938268e-6,-1.0566772457832138e-5,-9.992694204627177e-6,-1.1239684676809758e-5,-1.2058588078205392e-5,-8.795183384566057e-6,-4.9387460749731476e-6,-5.389953341718406e-6,-5.060948854898446e-6,-2.345094225354405e-6,-1.3650912099714473e-6,4.138460823696365e-6,8.65343554673801e-6,8.386211110540794e-6,3.183449022906178e-6,3.5274274420550577e-6,2.5324457997897823e-6,-2.3003496017290913e-6,-5.236458497388177e-6,-2.372124250343446e-6,-6.005065266991646e-6,-9.497638516719758e-6,-6.70667014826188e-6,-4.367283505533156e-6,-4.194647776795202e-6,-3.8191931886922555e-6,-5.578491284604306e-6,-7.179330950561927e-6,-3.0424132957037704e-6,5.536769976925151e-7,-1.8316841663059688e-6,-3.805117657734516e-6,-9.58922069125075e-7,1.9715349235956825e-6,7.0115257710569605e-6,1.0755815781403128e-5,1.100553338644725e-5,9.133891263213013e-6,1.1016814137796505e-5,1.1473180905445192e-5,1.0519725554533021e-5,9.115564119799391e-6,7.90111857075247e-6,5.442877225701844e-6,5.341176529061785e-6,2.5300085617944034e-6,-4.6890914462880024e-6,-6.389213883063759e-6,-3.864681104336976e-6,-6.081161325494747e-6,-5.09225825631545e-6,9.863514613026154e-7,3.892963993762723e-6,-2.2694299083476533e-7,-2.608003263018103e-6,3.56429398998601e-7,3.958487126644245e-6,7.455470446121202e-6,1.8769405948648434e-6,-1.3452169229166748e-6,-3.5666648492424644e-6,-5.9616703237706975e-6,-3.7545013938482362e-6,1.71229235440045e-6,4.092000472837878e-6,6.937186700910368e-6,1.0200958745748696e-5,8.658453296904911e-6,1.1635455712958442e-5,1.2128747600051384e-5,1.5635182500305384e-5,1.5303855263422443e-5,1.1813178718718181e-5,1.6159591591917647e-5,1.1684866402657638e-5,7.846658738358592e-6,5.440118706212489e-6,2.7442236163571083e-6,-3.9861076916852793e-7,-1.3793968142157672e-6,-1.67610270545685e-6,-7.336700335347764e-6,-1.1163229231876646e-5,-1.2647725149270413e-5,-1.9698403157685164e-5,-1.8096193284656666e-5,-1.798576936059461e-5,-1.4974444369941046e-5,-7.589714168637235e-6,-9.518765650605562e-6,-1.329297606596915e-5,-1.3619683263695264e-5,-1.463791083816307e-5,-1.013224466568898e-5,-1.0555255931268806e-5,-9.067263137837655e-6,-6.7347398780480345e-6,-5.333427147383781e-6,-4.7290337693666e-6,-5.390395683311906e-6,-7.430427444157824e-6,-9.878423883016917e-6,-5.22740987888423e-6,1.1022413784645634e-6,2.524710012077512e-6,4.910503014890219e-6,2.6120350995315374e-6,1.0192870080537275e-6,1.680294376516052e-6,-4.334437043917522e-6,-7.826679141406702e-6,-8.68087247848824e-6,-1.0589549582360427e-5,-1.1103217248649065e-5,-1.0994006482169492e-5,-1.4074265286999717e-5,-1.1424795140081935e-5,-2.4184084337528962e-6,-3.0072486050375848e-6,-6.143551900900695e-6,-3.9053520939702005e-6,-3.9494810230128575e-6,-5.158563535194757e-6,-6.681718660992417e-6,-4.584626868665338e-6,-3.390586161856251e-6,-4.760943341579349e-6,-3.2377744225629202e-6,1.072949958086808e-6,5.522992379209578e-6,4.76528158127105e-6,2.967821253763128e-6,5.979461754087935e-7,-3.2580242546001856e-6,-2.35290864697562e-6,-5.332179752044845e-6,-1.084745482053662e-5,-1.371428192635039e-5,-1.8362462813284466e-5,-1.2175982573639386e-5,-8.878971881766038e-6,-7.269254254284654e-6,-2.058184692254578e-6,1.6947819717516026e-6,6.310147176746903e-7,1.9567942053399136e-7,-2.883045042246196e-6,-5.119797698465067e-6,-2.655974862228146e-6,1.106751658157958e-6,3.850595547634386e-6,4.638316749373977e-6,9.117043840355209e-6,1.0411331291221634e-5,8.411194680284212e-6,8.787004913907674e-6,7.048089828425627e-6,6.121385682170843e-6,4.9851472220701245e-6,3.42247296783217e-6,7.536985263565563e-6,3.5669833309985233e-6,4.892242446682632e-6,1.9471958063195017e-6,3.4703615980653457e-6,3.243040060865908e-6,4.352781684776289e-6,5.082858305171901e-6,3.3027237929712635e-6,1.1109629907438646e-6,-2.1313319954249593e-6,2.0909026253120665e-7,1.1628062944536049e-6,-2.267368939318647e-6,5.525200162146451e-7,1.2628243972687916e-6,-3.358865932802781e-6,-6.772127436957243e-6,-4.771923885137851e-6,-2.750338917942893e-7,1.7209554979072383e-6,-1.5126957820641005e-7,-1.3488329337003832e-7,2.105790585063151e-6,-3.6773981624212367e-6,-3.279112083393937e-6,-2.9730894123843582e-6,-4.407149318177403e-6,-7.568502173140365e-7,1.2063927031047813e-6,-1.856617089111549e-6,-2.1484005527651655e-6,-5.5672461564254e-7,-8.696007851591005e-7,-1.0486178123703993e-6,-1.7905793289275303e-6,-2.085359459038488e-7,-3.7683206334895755e-7,-2.9428389324701823e-6,-3.6548739364542822e-6,-4.261621575988009e-6,-6.315276474142952e-6,5.031972132118783e-7,4.876667471647482e-6,5.186580425696556e-6,3.900191907058909e-6,4.001385325101963e-6,5.043408496372258e-6,3.091079749700959e-6,-1.8542546972603545e-6,2.322856861014142e-6,1.2936899306222182e-7,-2.9855344485799313e-6,-3.1826979746431077e-6,1.4621118861782944e-6,3.931047225917522e-6,6.590445223072194e-6,6.075856099244087e-6,9.265584334853035e-6,1.330101572443237e-5,1.6298518981513274e-5,1.8588806585648003e-5,1.8130641231327867e-5,1.3279508398657521e-5,1.0957034130223577e-5,3.809742081692307e-6,-4.088260584281706e-7,4.990241138982405e-7,9.992210310294319e-8,-3.2221378817803e-6,-7.887073414262546e-6,-1.4740241050072885e-5,-1.653633156351373e-5,-1.8448687856496988e-5,-1.8130220587031084e-5,-1.6398080633940485e-5,-1.3356917988412237e-5,-1.0514492070704051e-5,-1.1660070171189413e-5,-1.6364055125616075e-5,-1.6112049048549416e-5,-1.8296512847406404e-5,-1.457542891131744e-5,-1.4293687789801372e-5,-1.076792843258244e-5,-1.4773256176558977e-6,4.512558215886218e-6,8.716493372981071e-6,9.785607328085536e-6,1.1534710562418607e-5,1.4965097655513016e-5,1.297112348676266e-5,1.191452754135418e-5,1.2661700356566235e-5
0.00018932259750554636,0.00011329615401826011,7.411834975095722e-5,5.0799822341461e-5,3.378257274650623e-5,2.328796547757702e-5,1.9365234567954448e-5,1.571501021940578e-5,1.0091795067857256e-5,7.589883043160168e-6,6.993284572631817e-6,8.023343540583733e-6,3.86251074786679e-6,9.296538959936409e-7,1.848487765015118e-6,5.7526978053336196e-6,7.0590530004005005e-6,1.0784886678281457e-5,9.529069391949413e-6,6.028192570696348e-6,3.1514147288065957e-6,-1.880000413594202e-6,-2.570965217267375e-6,-5.511835191511199e-7,1.5955549683209132e-6,3.7626236476820005e-6,6.996569506923897e-6,7.162973133045326e-6,6.363191128808135e-6,7.50315793581465e-6,7.928435067623852e-6,9.883455842769139e-6,1.0298122617996081e-5,9.903387756862377e-6,1.123619223555032e-5,1.2585835722895007e-5,1.0172719514108962e-5,1.2620952186141101e-5,1.0446061525254378e-5,8.811693398510353e-6,8.591493468950416e-6,1.2239851963538374e-5,9.316969333476201e-6,7.864447027072138e-6,8.010016505386851e-6,9.62997110477755e-6,1.2109243768377371e-5,9.87353569955891e-6,8.118643394041424e-6,4.571729605896239e-6,1.8163061461925627e-6,3.0636707579928523e-6,6.451167966050901e-7,-1.1035262453210277e-6,-3.291476255881813e-6,-3.70399955154913e-7,2.219553144467754e-6,6.393936272068267e-6,7.55992788650098e-6,1.0548511540826624e-5,1.019586021869591e-5,1.0426849808986572e-5,1.061592060380923e-5,8.267844804983087e-6,4.6111256581883635e-6,8.495584626591039e-6,1.0587946460134551e-5,8.809394024480388e-6,7.950816330441878e-6,4.759616827295496e-6,7.240942135608179e-6,6.936317382770291e-6,6.7376863175762e-6,2.323672787681896e-6,6.3522225517834e-6,9.592972221787281e-6,1.1320111543010188e-5,1.3752293851173136e-5,1.5329089304047686e-5,1.4199054070692643e-5,1.3699697626318413e-5,1.0165789398051175e-5,8.13685046714432e-6,7.373523536547007e-6,2.852665553183015e-6,2.79691020715866e-6,1.1196182551541988e-6,2.3166477619784305e-6,-2.129745123595563e-6,-3.2660271170275486e-6,-4.547555657333947e-6,-4.520109841085348e-6,1.768705040113841e-7,3.3389943261524786e-8,9.414530463633233e-7,-2.1295917932530474e-6,-2.2550144609725733e-6,-3.402217596729209e-6,-7.316475687091109e-6,-1.0360502288068417e-5,-1.3782983459974952e-5,-1.7232794330690257e-5,-1.6017065928154675e-5,-9.04806813964243e-6,-4.66794009051011e-6,-8.547153723280808e-7,2.9919014173066703e-7,-1.5069688522089346e-7,-1.6164625366165254e-6,-7.037402798698654e-7,-5.748333488956347e-7,3.1076251825884835e-6,4.9951007922077545e-6,-1.5612559059461375e-6,-6.827479844332259e-6,-6.1189719594473255e-6,-5.349419301034795e-6,-4.191276953265107e-6,-3.6333330175253216e-6,-1.8357437315174967e-6,-1.81106832609344e-6,-4.201281619364994e-6,-4.260421554827946e-6,-1.96678803369764e-6,-3.3018807179770143e-6,-3.625777171471459e-6,-4.800172277424376e-6,-3.6160230712045675e-6,-3.714546334234031e-6,-4.123642345960545e-6,-5.205928255925568e-6,-5.906122303685599e-6,-7.018023205446205e-6,-5.361419634114744e-6,-4.175635106855679e-6,-3.6614452831237674e-6,-9.92105390547033e-7,1.6851205999941946e-6,-1.9102003385383072e-7,-3.106798052891868e-6,-2.867337673559967e-6,-5.75092303538432e-6,-5.48738200595819e-6,-6.701919514688684e-6,-9.621673615532355e-6,-8.267524094288195e-6,-6.446931429321666e-6,-5.2437026362985165e-6,-8.602913855266412e-6,-8.210878892211506e-6,-7.248875149164822e-6,-6.643135149371702e-6,-2.8023940138958596e-6,4.372553686498741e-6,1.8664285448778476e-6,1.409817814308244e-6,1.7229641803229052e-6,1.054922580717178e-6,6.533098774978395e-8,3.5905669043258e-8,-1.0537593397892365e-6,-1.3425172576734872e-6,-2.226938575905954e-6,-3.6665220449993137e-6,-4.431528318144779e-6,-7.374161629406565e-6,-9.4482901658191e-6,-5.196241133858016e-6,-9.089446893139584e-7,-2.5180857907784063e-6,4.1788458687577716e-7,1.4669882488885198e-6,-2.5289845046261716e-6,-3.058054962440586e-6,-7.543973431654139e-6,-6.3123566927263705e-6,-8.884564325630744e-6,-6.199561381592555e-6,-6.598680648937364e-6,-2.753501438829793e-6,-8.75607692830541e-6,-6.52699592455831e-6,-9.068433257686194e-6,-1.1509943178574165e-5,-7.604623176110785e-6,-8.554797926907878e-6,-5.882065728724936e-6,-5.876311294239474e-6,-3.852023392893602e-6,-7.571047741899896e-6,-6.4236822801061e-6,-4.275283065735552e-6,-2.642930142955394e-6,1.571485520404169e-7,9.095256904177596e-7,4.084609011021938e-6,2.1782668308107348e-6,3.928691186521829e-6,2.49184735233323e-6,1.5590723208112191e-6,1.2845257787864306e-6,-7.978466026900274e-7,-5.433874631466202e-8,1.362650753559162e-7,1.106443890052954e-6,1.1287628020372556e-8,4.288288002725762e-6,4.247450211378056e-6,2.988571506444686e-6,-3.563464149653289e-6,-8.389068426685012e-6,-9.635639651821465e-6,-8.247091862499618e-6,-8.455282238526473e-6,-5.102440650567134e-6,-1.3689982460417243e-6,-3.8343339588677983e-7,-2.659313904746829e-6,-1.4880492529016777e-6,3.557347648631017e-6,1.3305063123347121e-7,-5.859335015340831e-7,-1.0022571272739374e-6,2.113085492906463e-6,5.3247526472326275e-6,1.0344138584367356e-5,1.0398909985632423e-5,7.243942584006856e-6,-2.1699794860425192e-6,-5.78344021127992e-6,-3.4374627949444037e-6,-3.93488751052222e-6,1.1749055057717249e-6,2.930040298645866e-6,-8.76011618505766e-7,-8.387533755254135e-6,-1.0792318163693878e-5,-1.422402297950063e-5,-1.848440826259105e-5,-1.7615033115000633e-5,-1.0442373901753838e-5,-7.884938825280611e-6,-4.2935998228808485e-6,-2.259738087309706e-6,-2.429104610730586e-6,-6.874539190401246e-6,-4.969200575728592e-6,5.423380245155143e-7,8.47775000111393e-7,5.320195379811402e-6,3.7119900541999293e-6,9.329995317625971e-7,-3.368432401964885e-6,-4.3934774818955335e-6,-9.429300939393936e-6,-1.0698767237795487e-5,-8.39529787557835e-6,-9.09909042715411e-6,-6.053872433696133e-6,-5.10251586242244e-6,-5.945836972298871e-6,-5.386903022654758e-6,-2.1412251755752894e-6,4.275144037444555e-6,5.042182438661107e-6,7.3879334912442475e-6,1.0163357928375678e-5,6.124561525162535e-6,5.6941876485651e-6,5.373607780071155e-6,6.5131179998964464e-6,7.811202895256484e-6,7.3784031917946895e-6,9.428659374681212e-6,1.3161140582142142e-5,1.2883166238396126e-5,1.4942210896484631e-5,1.0700062545749486e-5,1.0128986107676496e-5,8.543418032329358e-6,8.136735471093903e-6,7.051830915067166e-6,1.0352144883682793e-5,7.0295445125172355e-6,4.7125392902970445e-6,5.141779953073828e-6,2.3464735175802877e-6,1.312190224536463e-6,8.793798734372231e-8,3.2936112632186965e-7,-5.9798265733140746e-9,3.1646335519748744e-7,5.2777278981641225e-6,8.023072875627622e-6,8.436539289903326e-6,4.1665168681003146e-6,-1.9561930103322466e-7,-3.0953191262324224e-6,-3.0591219893244256e-7,-6.066328978173387e-7,-5.819797598927701e-7,-2.704341262035186e-6,5.175584967453821e-7,4.301742036011226e-6,3.0428402746813775e-6,4.152741176938638e-7,3.1363591683941246e-7,-3.522837435527533e-6,-5.379703256167582e-6,-3.1092885931259136e-6,2.1326377921209046e-6,1.0461407237004825e-6,3.906452310349331e-6,3.6195077082295216e-6,2.4372636117973724e-6,1.8687978838958723e-7,-1.8120836542844585e-7,-1.389173821279571e-6,-2.2769053434051763e-6,-2.6449939715463154e-6,-3.200775827141601e-6,-7.911406928908553e-6,-9.720284964162557e-6,-1.0155790864754865e-5,-1.2965200230772382e-5,-1.3867706773286255e-5,-1.389101308887352e-5,-1.0802412753234632e-5,-1.1621600824743908e-5,-1.0432818226908211e-5,-1.4352472637417318e-6,6.145271844789086e-6,5.087390791419503e-6,1.9604106958497967e-6,1.791686698955473e-6,1.1919493441719306e-6,-1.3052590237263815e-6,-8.840234097002864e-7,-3.9378813499378293e-7,2.05203811638698e-7,2.890468361797323e-6,1.7612370448788514e-6,1.7803816045151537e-6,5.665308941916214e-6,5.382238791116248e-6,4.876073604674457e-6,6.637036174595443e-6,1.9932804737723723e-6,1.3635953963153745e-7,1.7074598106593045e-6,1.8907232920108841e-6,4.6606291699659065e-6,7.701376573979225e-6,4.327221547345811e-6,3.2307512786503787e-6,1.1965777666403306e-6,-4.2829771425319695e-7,1.8695928768894478e-6,4.274795009483075e-6,8.149914504943428e-6,6.2772543128974105e-6,5.545002533336309e-6,-2.1140206222800673e-6,-4.465564763032554e-6,-1.1794737519251848e-5,-1.2141213091615653e-5,-1.4580875395875853e-5,-1.3857433542209724e-5,-9.433182618386424e-6,-3.991678601652731e-6,-2.441402647677089e-6,-2.8487149999415303e-6,-2.6475086331915026e-6,-5.0057484887732055e-6,-4.814495598035509e-7,1.3031192431036943e-6,2.2736958856521965e-6,6.330781785605503e-7,-9.574969432780114e-7,2.5385527306621826e-7,-8.314901060207135e-7,-6.120594389475687e-7,1.40062765620497e-7,-1.2327952322728485e-6,-5.746208281917384e-6,-4.532633082541869e-6,-2.276795642705449e-6,-9.227380379296571e-7,-2.753235467410688e-6,-3.720738750290352e-6,-3.3282993840589068e-6,-3.5843121267255323e-6,-4.515420571303867e-6,-6.670317946761999e-6,-4.381342274496827e-6,-4.405317476814688e-6,-3.224791259135344e-6,-4.428436536138816e-6,-3.5867114726415555e-6,-8.300026940683652e-6,-4.415859547233301e-6,-2.8148830945945945e-6,-5.951982846605912e-7,-2.221853961896043e-6,-3.8114388355029597e-6,-3.436199967465285e-6,-3.0393554076336096e-6,-7.318301432380984e-6,-6.755605921438631e-6,-6.632063456725274e-6,-9.483509958382104e-6,-7.561098663761388e-6,-8.52606481169685e-6,-8.832238510467498e-6,-5.668440379329541e-6,-2.277450673069831e-6,4.857769512019015e-7,5.090136570100519e-6,6.814328781791761e-6,5.405701603808289e-6,6.501326204971853e-6,9.028344053011569e-6,4.669189002637151e-6,1.2620333892723948e-6,-7.616919301312104e-7,-6.713560379394846e-7,1.988733659985293e-6,2.6842494021649198e-6,9.181361979655457e-6,9.263488576606722e-6,7.290806659291903e-6,6.207497275133136e-6,-2.8381208385849914e-6,-1.0426703508530646e-5,-1.0905828260893383e-5,-9.02443632459575e-6,-1.165086305463316e-5,-3.1860132028792853e-6,3.237298731224057e-6,2.518958112753927e-6,3.549007175211786e-6,1.8093135951611866e-6,8.171838766869955e-7,-1.3207558546832092e-6,-3.5123256948291305e-6,-5.942043300826942e-6,-3.1609650862441954e-6,-6.278919781259943e-6,-7.8512614498093e-6,-3.856551075189812e-6,-1.1704924193637576e-6,-1.2633613648382216e-6,-2.315016899991895e-6,-3.033122251560864e-6,-2.607658418636256e-6,-1.4961875180844911e-6,2.148724994092147e-6,8.309800308140997e-6,6.4646477570142185e-6,1.2097578015157856e-6,-1.4002591569577777e-6,-5.959183240687333e-7,-1.5694519044891494e-6,-1.7549881145891711e-6,1.1894447460303216e-6,-5.881717549254384e-7,4.14596875697667e-6,2.4626486316970673e-6,4.228527941618062e-6,7.731522096033313e-6,3.6170491220202203e-6,4.456757482258229e-6,5.748863564716343e-6,5.481838340185647e-6,6.30167459221411e-6,7.009823602909865e-6,4.222559375505152e-6,6.603594800846323e-6,2.9080948678576936e-6,-8.315102557614804e-7,2.164001424258108e-6,1.0468509051256296e-6,4.3429219851323006e-7,8.354590606610069e-7,-1.9175005278829164e-6,-5.217439086304494e-6,-2.2943334818464023e-6,-3.2122515564549987e-6,1.960541372473182e-6,4.157936163369423e-6,6.530857523064974e-7,2.2297201640199848e-6,-2.979938079292004e-6,-4.079528096026861e-6,-1.7965693090901233e-6,2.7400995146833065e-6,7.518762065953919e-7,3.6803374938406735e-6,1.1539624476874697e-5,9.813307534254406e-6,1.098198883433406e-5
0.00014531378098475944,8.319292642187083e-5,5.060569445622096e-5,2.9299355159592415e-5,1.4479759291177643e-5,5.293177470633804e-6,1.5022694247250929e-6,-2.1756873745910573e-7,-1.2905948074153446e-6,-3.909480639513247e-6,-4.234151231662754e-6,-6.600337510073183e-6,-4.155353380931332e-6,-3.0980907758828782e-6,-5.968434809003311e-7,-1.1310255497587563e-6,-4.514520584129798e-7,-2.8268034932583015e-6,-4.767508327511981e-6,-4.55247530124576e-6,-2.8664470810853273e-6,-8.038197155779643e-7,-1.3842249683005011e-7,1.0690169644156587e-6,5.10075508153742e-6,7.797486675931824e-6,5.912161452582973e-6,5.778905628170468e-6,5.821000690956381e-6,5.861990853399913e-6,7.070610918502802e-6,6.3427056908540535e-6,3.513631895672063e-6,1.7599015262463576e-7,-2.249410217773418e-6,-2.3797760724310395e-6,-3.5946336984443204e-6,-2.0196528399929065e-6,3.994500649847182e-7,6.486730527577309e-7,2.258276582829186e-6,1.9883314426130376e-6,1.409505306432126e-6,1.0149861238398075e-6,1.362363312372708e-6,1.913837732984325e-6,4.577984922576588e-7,-2.6718397451853288e-8,-1.1270418855292132e-6,2.0600901635217757e-7,-7.907628112007813e-7,1.9088737194301014e-6,3.5053370449682805e-6,1.5859291894116858e-6,1.0330859602720634e-6,1.6053127512352383e-6,2.2584393377513717e-6,4.281317902586848e-6,3.982032557336449e-6,-4.4636405892993813e-7,-7.351104606622779e-7,-2.598790719985351e-6,-4.290945121695412e-6,-1.8325349207532207e-6,-2.714962444936703e-6,-3.1854470389560315e-6,-3.0988028740777038e-6,-1.9101002212793167e-6,-2.526467864276244e-6,-4.098969875121498e-6,-7.629316078297913e-6,-6.243243908988516e-6,-3.914222544267e-6,-2.8586781485124085e-6,-9.720865388451985e-7,4.073850037686715e-7,-3.0308540237612635e-6,-7.784885325966798e-7,-2.5539097150739413e-6,-2.0120492718933683e-6,-1.3346895954095124e-6,3.340004770996671e-7,1.7853192996094708e-7,2.265262879958428e-6,3.499010435529658e-6,4.572977216636952e-6,2.6555163694957927e-6,1.997260844189236e-6,-9.613929962375297e-7,-4.085148724421468e-6,-4.040398213482317e-6,-6.964773575319395e-6,-7.1356581436844336e-6,-7.033717458585488e-6,-8.084940046881467e-6,-6.224332524381259e-6,-5.832381979289354e-6,-6.068220796224017e-6,-5.441631922158692e-6,-2.7639882908206434e-6,-1.5797634674196841e-6,-1.7870813197898476e-7,8.217146136442042e-7,4.5738357000654185e-6,6.071499371440756e-6,6.475436800229726e-6,1.7159814764857631e-6,2.9338617135849147e-6,3.3545530739683064e-6,1.4943045086065506e-6,1.5010423678505597e-6,4.6649883164149235e-7,-8.737287945966576e-7,-5.5481856710041165e-6,-7.689146997370114e-6,-5.90939690991022e-6,-5.263573778269237e-6,-6.062684081598625e-6,-8.20218958439818e-6,-8.533316805632832e-6,-7.211257803179078e-6,-6.4508426559300595e-6,-6.305542188647755e-6,-8.301217543728083e-6,-5.361933973199509e-6,-2.550036137254284e-6,-1.6436346000257074e-6,-1.0039911205988792e-6,-1.6584625444275026e-6,1.6391307413033309e-6,-1.0716262581311677e-6,4.0593247049115824e-7,7.054182160167168e-6,1.0205589481102628e-5,1.0570827714351138e-5,1.1987429105992493e-5,1.1075674612704218e-5,8.35321335838797e-6,5.384229059741967e-6,3.345641351004286e-6,8.105360830546099e-7,-1.968563704446684e-7,-8.584662888526307e-7,-2.811505730248993e-6,-6.9494822211749935e-6,-6.48486720403581e-6,-5.994607784630044e-6,-6.4080745314355915e-6,-2.4566970764956505e-7,-4.784287217527476e-7,7.694758421986183e-7,-2.0875214185856998e-7,-1.6927763683992409e-6,-5.259894743794724e-7,-2.8308195788420067e-7,-4.601456962150726e-7,3.564952943085293e-6,5.5202995784268685e-6,8.68416653364555e-6,1.0666706735542995e-5,7.222489947393241e-6,6.11935176407111e-6,5.3662999031905e-6,4.539136144452037e-6,-1.362529930761105e-6,-2.5154098642647824e-6,9.031014880958781e-7,4.44534892090866e-6,4.375091650317292e-6,2.097584696913821e-6,6.262815668796739e-7,-2.3837838069454953e-6,-4.763225503469631e-6,-2.5673265112136337e-6,-3.3295578654565395e-6,1.471819890918437e-7,3.5049089276262094e-7,4.515930530321968e-6,5.643440183545411e-6,4.869157287509162e-6,4.331203702664512e-6,3.6788044182265817e-6,4.66137169473567e-6,3.5900389654562875e-6,2.935390309329272e-7,-2.365217195384682e-6,-2.143451630390428e-6,-1.7066351047865825e-6,-7.727446053566546e-7,-1.0009617268528293e-6,8.646242648250828e-7,-4.660636881825811e-7,7.236789483239063e-7,1.7706178075412277e-6,8.834463904172452e-7,-3.5538441782218482e-6,-6.1507256433305396e-6,-5.344920022576421e-6,-1.8378012814356173e-6,-1.2662706121276544e-6,-7.314291937147167e-7,-2.529507211760245e-6,-2.6160191039165896e-6,-3.225184398033431e-6,-4.2775538955630606e-6,-5.53541226308657e-6,-3.4099650095323826e-6,-1.8857809420457236e-6,7.445660471271622e-7,6.031867374991419e-7,1.1913089175334615e-6,4.09457444551855e-6,6.1856897962245e-6,4.983869805889655e-6,4.651218880436168e-6,6.464294784796921e-6,6.536569302745631e-6,5.759041359496994e-6,5.63327435454163e-6,4.479940067368663e-6,5.038184119892302e-6,2.2007660399301492e-6,3.7204472720606373e-6,3.6808916911986447e-6,1.2686124582837765e-6,6.276055246594824e-7,-1.1350455449231414e-6,-5.05933353270608e-7,-1.5267703952306793e-7,-1.1230244784213465e-6,-5.250694128430619e-6,-4.550599349034897e-6,-4.780694266044857e-6,-5.010457035685389e-6,-5.5572786100793825e-6,-4.70185897253691e-6,-1.907615094150933e-6,-3.2182091474630384e-6,-3.544922221446139e-6,-6.659108446657429e-6,-5.690452719886039e-6,-6.659438294116493e-6,-5.62782937917839e-6,-3.252746221129341e-6,-1.1720958456205484e-6,-2.874780586875286e-6,-4.517664848718041e-6,-3.6132588751584928e-6,-3.6476599177574393e-6,-5.846014121735087e-6,-5.1066800759816515e-6,-8.593613267365644e-6,-8.7386832893599e-6,-8.521869011809558e-6,-2.590197484571366e-6,1.109176896285723e-6,4.783102806042467e-6,5.211408657556597e-6,3.961733975818317e-6,2.015329642849076e-6,3.0373346237909014e-6,4.7134208005060816e-6,4.357571981121521e-6,-1.1645839738762467e-6,-2.135295105890338e-6,-5.492094130893615e-6,-5.706805525765531e-6,-2.8912831645102316e-6,-1.4540202660161694e-6,-1.9267324988063915e-6,-1.8921006565994942e-6,-1.2117528638888402e-6,-1.0407957214887376e-7,1.0711669414339892e-6,2.3920566184405104e-6,2.0921105765688242e-6,-6.733638967731585e-7,-2.369957969951376e-6,-3.859991169472807e-6,-4.590452978576119e-6,-4.16353073179511e-6,-5.362858372558978e-6,-6.868752398219769e-6,-5.99843038393913e-6,-3.2141154221620684e-6,-2.5423060398225213e-6,-1.645191619800519e-6,-6.687886224685476e-7,-5.191599115806823e-6,-6.367851654490118e-6,-5.790003043540667e-6,-3.4766939175136306e-6,-2.2414514088080177e-6,-5.835004571352974e-7,9.62352866900103e-8,6.618182051301399e-8,-5.409164310760048e-7,7.690342466567265e-7,2.2827765763061776e-6,3.545429113057909e-6,5.286853589059258e-7,4.468175075206508e-6,4.2970569007959355e-6,3.4151071900774643e-6,3.882434018620245e-6,3.945439757416825e-6,5.6559411019513716e-6,5.721080907785046e-6,9.053820846982477e-6,9.654767422553767e-6,6.598191132532831e-6,8.24430435890037e-6,4.912080226018859e-6,4.538883200033473e-6,3.969189846362018e-6,2.926510816429125e-6,3.4786023046931224e-7,-4.1479201963035264e-7,3.6323076758337306e-7,1.9512586808319844e-6,2.8079569630045828e-6,3.295028690240965e-6,-1.4478356379627746e-6,-1.7503855297202782e-6,-1.9313412640694718e-6,1.2464657292665288e-6,3.3696593548536833e-6,4.896245588427345e-6,5.5819268978257414e-6,4.414690646584778e-6,2.513173690338426e-6,2.9877797576501996e-6,2.908355294422672e-6,2.095046142796543e-6,6.240577724280553e-7,1.20640416088634e-6,2.738954342934232e-6,2.428747350339309e-6,1.6251802147664423e-6,9.455977610134852e-7,1.1523664951555224e-7,3.5067298638787635e-6,2.6561968694758594e-6,8.361613091971616e-7,-6.881649209819955e-7,-1.272597955839819e-6,-5.4122363862236185e-6,-5.290521554976901e-6,-2.1107469114288316e-6,7.58024439974466e-7,9.48957366023509e-7,8.378866515735297e-7,-5.593535932838401e-7,2.3808767280811257e-6,4.862867242129945e-6,1.8579969955303628e-7,-1.4957144002525232e-6,1.187818022900592e-6,3.967850894617859e-6,3.677669378670277e-6,9.967434677243076e-7,3.864665781645578e-6,4.408452275936935e-6,4.572480798282151e-6,8.263180932440105e-6,8.710431141318113e-6,8.670390232802273e-6,6.170950688649794e-6,-6.872137583637585e-7,-2.085800078520404e-6,1.7093958042398057e-6,1.7590175310324682e-6,-8.160938052943664e-8,-3.1656567678834566e-6,-1.9186347458221123e-6,-2.621083643960931e-6,-2.897663803368342e-6,-5.901831600287872e-7,-1.3209738281794531e-6,1.4009419831234808e-6,-4.19209727089457e-8,-1.5323171143926806e-6,-1.3046513509415609e-6,-2.09341043243436e-7,-3.687706279418966e-8,-1.9781901540449898e-6,-3.237044213232062e-6,-4.166844223614457e-6,-3.763715042587959e-6,-2.834192400899764e-6,-2.1510701790232176e-6,-5.532108457358582e-8,3.174972275023054e-6,3.392157974587041e-6,3.1551799608913264e-6,1.282223505462262e-6,2.5483545818086124e-7,-5.638061314902504e-6,-5.583307190260391e-6,-5.871901479447283e-6,-5.40720173220706e-6,-2.864252595654194e-6,-4.995773834956432e-6,-6.9729841841108955e-6,-5.802525692976444e-6,-5.3335923501423435e-6,-7.502192075177542e-8,2.538809586424139e-6,3.309760476279866e-6,4.0497169057923776e-7,4.087844822495109e-7,-2.9578141566627008e-6,-7.145818886527358e-6,-6.644843450815728e-6,-4.577681655443832e-6,-6.199198807909519e-6,-8.432630912853065e-6,-7.505658985587994e-6,-5.662739749504329e-6,-5.760843022367773e-6,-5.283901652945514e-6,-4.837740487772283e-6,-5.363811362875828e-6,-3.818057016303964e-6,-2.955949066872631e-6,-3.5783415054879396e-7,1.1967188670756174e-6,-3.946951990379041e-6,-4.132260966672392e-6,-3.931616059723811e-6,-4.368912646842379e-6,-6.96915550835801e-6,-6.420991570878177e-6,-5.322395003038973e-6,-4.7062864391691065e-6,-2.985113581402796e-6,-7.08976422146582e-6,-5.8940996548184175e-6,-2.2989023778256968e-6,-2.366351043311512e-6,-2.849949673612006e-7,1.9771216070486593e-6,2.477900292440431e-6,4.095167393574799e-6,5.801025396489088e-6,5.498050211757311e-6,4.600287602099666e-6,4.82864674886364e-7,-2.0602673086318667e-6,-2.225660193247697e-6,-4.298084308425419e-6,-4.087224024551843e-6,-1.4334877332050605e-6,-4.473868928334603e-6,-2.511922063516995e-6,-6.265005005586491e-6,-8.226051707510817e-6,-6.942401751201749e-6,-7.642985870338668e-6,-5.225990632251355e-6,-3.7977711278857774e-6,-9.795389242452515e-7,-1.51130586516281e-6,-3.135254425612972e-6,-4.128986499187314e-6,1.8400524992485314e-8,3.947454824574773e-6,6.787210079134719e-6,6.059838583579134e-6,9.196785735986742e-6,6.634529650606613e-6,6.70388495415307e-6,4.50673735562384e-6,6.883001004273748e-6,6.467165336828931e-6,5.053198357541401e-6,2.4649241294856714e-6,4.320294400625608e-8,1.9202962531750795e-6,2.5326225287334696e-6,-8.027876287518553e-7,3.4533554361819316e-6,3.567464817032652e-6,-2.169849099195571e-6,-4.8339220301532665e-6,-5.0755822891894344e-6,2.5881760199343023e-6,2.1501095068471087e-6,4.145954217188313e-6,1.3846671135362893e-6,8.675610811923873e-7,2.6868925972568685e-6,6.552928579134626e-6,4.1268290130114656e-6,3.927130930583231e-6,3.4806426722907644e-6,2.945564972967046e-6,6.841315973211189e-7,-6.49187148210372e-7,5.794809858407155e-7,3.1606320981627765e-6
0.0001332682296489197,7.639294481314918e-5,4.547898277186559e-5,2.680638412082147e-5,1.5797117716471307e-5,1.2472459387331681e-5,6.47884011248912e-6,8.143124341327041e-6,4.663128755458824e-6,3.4297790882051973e-6,3.3689361777743587e-6,2.475559468025017e-6,2.9253145396901774e-6,1.3453015359653849e-6,2.7027608737010374e-7,-7.852724924003872e-7,2.9156400170194944e-7,4.6846442421118914e-7,1.9965009435606147e-6,2.8773838909119864e-6,2.6032624810207525e-7,8.351620668009346e-7,1.6899292905653925e-7,3.327919907126841e-7,1.8689595705189643e-6,2.7951403551331215e-6,4.19723024080063e-6,-1.6707459950177752e-6,-3.5987293990924096e-6,-3.1130668651808922e-6,4.339742135174191e-7,2.064026491378889e-6,3.1619154248454132e-6,3.737202168743137e-6,2.353704421216524e-6,1.8753855403112795e-6,1.5551763879773636e-8,-5.41517171734284e-7,-2.6675715791292975e-6,-5.804662174364584e-7,7.358232099393947e-8,4.5137573253832076e-7,2.621462574923894e-6,9.218217780626377e-7,2.790090359619443e-6,2.5250580167160384e-6,3.4802692400902164e-6,5.6006216782926985e-6,4.656967803430869e-6,3.918145364420473e-6,3.0988992917769627e-6,1.2521448449213422e-6,1.424412832636486e-6,-1.1889227490861478e-7,-3.3456129087755125e-6,-4.442321262607578e-6,-5.641138941691988e-6,-5.148732353050724e-6,-3.5695074398893434e-6,-4.7393805965855575e-6,-6.6578439185909294e-6,-6.834946140496324e-6,-6.833846916650188e-6,-6.021432283355303e-6,-4.616324351310154e-6,-4.980757148238431e-6,-1.1551286296182086e-6,1.1220283194155856e-6,3.2453616440087245e-6,5.0098507917679345e-6,4.772338229889094e-6,2.80199182556206e-6,2.6436784628791073e-6,1.4348971791513053e-6,-5.703502346142918e-7,-1.0094500326142e-6,1.338688911028097e-7,1.5648039281952173e-6,2.258164403979811e-6,-6.408790535553451e-7,-2.0138420425849295e-6,-1.5818841805517012e-6,1.0149940761454459e-7,-8.328629853337039e-7,-5.017366034643615e-6,-4.610358959044189e-6,-3.259077053694889e-6,6.533690098690739e-7,1.564451673042347e-6,-1.0824906427699315e-6,3.2091995809401416e-6,6.378371250557388e-6,7.562195796435434e-6,4.777978321131019e-6,4.9232542055436306e-6,2.791233008850249e-6,3.5132838400040434e-6,3.027779387696411e-6,1.0948169193015333e-6,2.4163502242828994e-6,-2.8441483611376958e-8,-1.343597107076479e-6,-1.6954976582368729e-6,1.1665356823425041e-6,2.926355425838385e-6,4.066921723175903e-6,7.174600708142577e-6,4.704731551088805e-6,4.9761575763573405e-6,4.5960602684046795e-6,2.8830779631729063e-6,6.899724223502719e-7,9.569730104677717e-7,1.7969425524042233e-6,1.8982494069459981e-6,1.1211750081286162e-6,1.4497016789286204e-6,3.3245074475824543e-6,1.320542228213089e-8,-1.3263363506455497e-6,-1.827290606925483e-6,-2.261761122795302e-6,-2.912360434172043e-6,-1.7709341919911834e-6,-1.3285727232781384e-6,-4.519052398066744e-6,-7.3352709078040896e-6,-6.791655747993278e-6,-6.050723549800573e-6,-2.8039316167969715e-6,-1.314537950672468e-6,-2.383253783762846e-6,2.3714627652572505e-7,-1.3712248507136257e-7,8.137545936340734e-7,6.605242631419555e-7,3.449420537422742e-7,-6.014895218218978e-7,-6.899432003048107e-7,6.899818189975663e-7,3.691795812410314e-7,2.8586671285193943e-7,1.1471677448050537e-7,-1.5022912177624995e-7,-4.2680920246145255e-6,-2.4379124451601656e-6,2.8860634975306173e-6,2.8348847304450536e-6,5.206205565463216e-6,6.0999623467211906e-6,6.099578238893961e-6,3.168688434409138e-6,5.9866222987666976e-6,7.014204223846793e-6,6.533785853440945e-6,5.423963989781768e-6,6.152671293457258e-6,2.85496390367567e-6,1.552189092959099e-6,-7.702128400614043e-7,-2.336749311243482e-6,-2.476403971719947e-6,-1.531203020133486e-6,-1.8636958570310054e-6,-2.6051487899409334e-6,-1.7398340811868478e-6,-2.0579018870763854e-6,-3.016963749449209e-7,3.343533426592872e-7,-1.6830278072796435e-6,-5.119242732259529e-6,-9.271701726196763e-6,-7.2714986950992305e-6,-7.076026888624869e-6,-4.415225101268898e-6,-3.927000717675472e-6,-4.781690408500663e-6,-3.145724338115325e-6,-2.1103075111104427e-6,-3.0658038928309855e-7,-2.9866013816550184e-6,-5.059369939149898e-6,-3.557580902636178e-6,-4.066307591466877e-6,-3.335294550022614e-7,1.6373367599343144e-6,5.937266388810603e-6,8.041884563956528e-6,2.249964381271088e-6,-2.3723683476200654e-6,-1.8798089213061787e-6,-6.933822311645567e-7,-5.926837532611695e-7,3.934460223131459e-7,2.6991178645784597e-6,4.492602058770994e-6,4.274609689176292e-6,5.8981949227190155e-6,7.538487273462699e-6,6.244801307327278e-6,7.501318637194859e-6,5.048330076709224e-6,6.99758059775392e-6,4.307916921964954e-6,4.049607037250438e-7,1.7539830175470452e-6,7.234616601650483e-7,-1.2963210436822124e-6,-2.6358282896644726e-6,-1.936802999256213e-6,-1.7591208831589623e-6,-1.7393262138517608e-7,-9.650970884221075e-7,-3.6310860333178503e-6,-6.4183265341131695e-6,-6.85075658016911e-6,-5.700168224614263e-6,-4.636802781596833e-6,-3.0016427790777344e-6,-2.251043484048181e-6,-1.438687951160323e-6,-1.5770676625413992e-6,9.805521958744137e-8,-2.2146679341206157e-7,1.1905813217716034e-7,7.477211368879492e-7,1.7917796589594184e-8,6.523275727747186e-7,3.860239400026336e-6,3.368866074984098e-6,-3.674878236405506e-7,3.5239467841265604e-6,4.199929394363416e-6,7.537806979085091e-6,1.0227568332666023e-5,1.1450465099567804e-5,1.205164047333748e-5,9.15805142454548e-6,1.8891982681017913e-6,-8.564402918207988e-7,-7.072617093608666e-7,-2.0263132321535494e-6,-5.219529834636186e-6,-1.9308093916148643e-6,5.434870891058448e-6,8.360779039762558e-6,8.358239276009397e-6,4.8352077196540725e-6,2.3995413494761143e-6,-5.922429164711862e-7,-4.775723861882658e-6,-7.469683724530798e-6,-7.089955624564052e-6,-6.812452154999472e-6,-5.762497579286974e-6,-4.951501691000523e-6,-6.075170843958271e-6,-7.990085397496855e-6,-8.301657859417438e-6,-9.489813864941837e-6,-1.1638176944470233e-5,-1.0201314303139726e-5,-3.2632199702424485e-6,8.687864007306051e-8,2.0912658442569694e-6,1.8504952350806262e-6,3.7334042046770683e-6,2.6552673563166836e-6,1.113168117790428e-6,3.1004734573175628e-6,2.6991708534019946e-6,1.137189048662069e-6,3.2691673134232997e-7,4.9877631365193216e-8,3.7793421862088172e-6,4.472915859299186e-6,1.873067578055701e-6,-1.1254454708212516e-6,-2.941662785419086e-6,-4.381417830153751e-6,-1.0901367068022273e-6,-4.948200756982812e-7,-5.057149212409794e-6,-5.880394386225966e-6,-7.827675214341395e-6,-8.584130730647114e-6,-8.393413015091585e-6,-8.344590246571863e-6,-3.6623472230070507e-6,-1.920021839674e-6,-9.000426739427735e-7,-1.5367114581324705e-6,-2.4813913665514853e-6,-2.538986640081737e-6,-1.972474083815276e-6,-4.39225798003096e-6,-7.117286380262564e-6,-9.73331419710181e-6,-1.116753829794707e-5,-1.0569789077048688e-5,-7.861663170331805e-6,-6.022779286819859e-6,-1.5081914730370298e-6,-2.255830663051709e-6,-8.813711147003838e-7,-1.0717189861832553e-6,-1.7608097543665768e-6,-3.1507584431454403e-6,-5.350205902927396e-6,-5.270976367485786e-6,-7.3420983800701166e-6,-7.447066404024963e-6,-5.715977234965444e-6,-4.350744372083074e-7,1.949668113249349e-6,2.876548410926356e-6,5.205699117706409e-6,3.5412799732553296e-6,2.620014977914476e-6,2.7049277995693445e-8,-1.4272766062125165e-6,-2.0387247657039929e-7,2.2470481421431513e-6,-4.906169879974698e-7,-1.0587057144952524e-6,-4.041338346548835e-7,-6.174775614782624e-7,-2.74128238885496e-7,-8.464483185887548e-7,-5.269173563263533e-6,-3.95343100180647e-6,-2.718879294298208e-6,3.755801066418722e-7,-1.6079567858062338e-6,-2.3521769699171367e-6,-2.946722904281868e-6,-5.521753333385132e-6,-6.640215383191339e-6,-6.332318792176084e-6,-2.746168478251318e-6,3.7566147295719515e-6,8.35398342970338e-6,1.1761169855704661e-5,1.1331566328065356e-5,8.773964907051128e-6,4.747396805671757e-6,1.501943200302956e-6,-2.8178750674662904e-6,1.1288332352681058e-7,-1.9910311689744217e-6,-4.2589063228988255e-6,-4.6406449047774665e-6,-2.388757683270645e-6,-9.854910940187773e-7,-6.558063925546822e-7,5.465281442450359e-7,-2.8239098783697945e-6,-1.7628566114176297e-6,-4.82487271851715e-8,-3.281745405463901e-6,-8.470604677764942e-6,-8.81285971458388e-6,-8.171480020060796e-6,-8.76600786584816e-6,-6.69907242276376e-6,-3.92129336211953e-6,-2.608533009614496e-7,-8.307717188884639e-7,-1.9990946121292305e-6,-5.127494331546167e-6,-5.77698109907523e-6,-6.191138820163951e-6,-6.599744448469376e-6,-7.462721746181648e-6,-3.3049865323000944e-6,-4.5422610294118635e-6,-5.160366491911328e-6,-4.180521845088129e-6,-4.46545881517746e-6,-5.509276311146495e-6,-2.2743991615622025e-6,-6.490883297849645e-7,8.391419458451126e-7,1.0378522390665729e-6,2.985614615832872e-6,5.489232448039641e-6,5.2453108155358885e-6,5.879387992304273e-6,4.479977560389322e-6,8.577585954724057e-9,-1.1805620374028e-6,-4.825929584326689e-6,-3.4138687655749246e-6,-1.965376407346342e-7,-1.9971501111884615e-6,-4.096162119970902e-6,-5.96366743960111e-6,-5.408779283976035e-6,-3.2625383971652095e-6,-3.4902198284474244e-6,-3.5160905120150666e-6,-4.244582958145535e-6,-7.96272861117925e-6,-9.720690510298829e-6,-1.085609554004259e-5,-1.0593063875860103e-5,-1.186298250043126e-5,-1.2267330504975538e-5,-9.05237184193397e-6,-4.260511183659034e-6,-3.7850183440768198e-6,-5.488952765838141e-6,-5.291801650876236e-6,-5.402620054676108e-6,-6.123232623584515e-6,-5.143652198611596e-6,-6.874310685626998e-6,-5.990674267836688e-6,-2.876771303078561e-6,9.694808808549145e-7,3.4414475301684287e-6,3.9938075064186745e-6,6.314779213722132e-6,6.390303646464686e-6,3.7347028203626598e-6,-6.243761678661063e-7,4.603605657960673e-8,1.522114165892287e-6,3.987556119642556e-6,3.7307718880958825e-6,3.800234068641007e-6,6.0198074339416505e-6,5.898914373678999e-6,9.392789599627582e-6,6.52931853297198e-6,5.235648313959003e-6,5.851675320352349e-6,4.113629886955804e-6,1.8672872103860311e-6,1.3187869479335328e-6,1.4543675777502641e-6,3.992135529557399e-7,4.1434173859664783e-7,6.911835667651694e-7,3.213789206048177e-7,-1.4572590130874533e-6,-3.465824310692885e-6,-5.9100326102216555e-6,-6.643596086060466e-6,-4.52770785601818e-6,-7.1452359981935235e-6,-8.438587493419552e-6,-5.456674875565735e-6,-6.076767346127833e-6,-3.4683217814158098e-6,-4.8439395808810535e-6,-3.775681904212878e-6,-3.4452029291719714e-6,-1.4989334677787698e-6,4.09675257245488e-7,-1.6590707763142744e-6,-6.942564541974828e-7,1.6058091222403778e-6,2.4551176943744284e-6,3.5044996543692004e-6,2.5522365914680536e-6,3.501873843919984e-6,6.0391549338970295e-6,6.033433736194656e-6,1.654060525635068e-6,-5.289345687092914e-7,-2.287529909436594e-6,-7.26710761435183e-7,-1.8129888200082064e-6,5.554190676963279e-7,-7.591158336229416e-8,1.9348383932733917e-6,3.3117523532420783e-6,3.553459889946704e-6,-8.827843238686799e-7,8.985860805043902e-7,4.225717406044582e-6,4.368935716905881e-6,6.502430579461469e-7,-3.767591805821926e-6,-4.595366209591646e-6,-2.4781225585642594e-6,-2.1548806007962726e-6,-1.4496747979571434e-7,1.5149582602874647e-6,3.997011318071609e-6,6.723036625261102e-6,2.778031120838297e-6,-1.8170685987839726e-6,-3.7443265258723396e-6,-6.164096445326217e-6,-5.3120674110406415e-6,-2.9205437125469855e-6,-9.68870449333156e-7,9.822592499077328e-7,2.739717128423514e-6
0.0001049041322759934,5.9245518831556113e-5,3.646845928080723e-5,2.0669778953168296e-5,1.0056744417080092e-5,7.235912999501653e-6,4.91706561234524e-6,1.8106524352412587e-6,-2.1025749905481175e-7,3.757086050750319e-7,-4.334792706948432e-7,4.129447332783587e-8,3.5066110501708193e-7,-5.217560046447129e-7,-3.157101517387459e-7,-1.7248854444544005e-6,7.400596024247316e-8,1.4641139278222334e-6,3.675819199268169e-8,-3.3617159804696067e-7,5.30005218007714e-7,-1.481247744969665e-7,-3.3724010276008412e-6,-2.5952771173688675e-6,-1.5183388491029206e-6,-4.2530339960406634e-7,1.0393271387447727e-6,-1.1120017030516446e-7,-6.134865002884785e-7,-3.842647381170973e-6,-3.561073293902671e-6,-1.915507940717387e-6,-9.073291774762453e-7,1.656253944904104e-6,1.4040532924575657e-7,-5.858435087633469e-7,-2.3736573973269577e-7,3.035759610226707e-6,2.1766721606938895e-6,2.5378021976578684e-6,1.8772510174854908e-6,-7.017475143789645e-7,-3.615097333848007e-7,4.98444429284577e-7,2.0495294477853124e-6,6.422001585910926e-7,-3.292500417697271e-8,-1.75665862848034e-6,1.982276563806203e-7,-1.722008078400757e-6,7.289739739574196e-7,-2.56708825597186e-7,-2.0219028973953512e-6,-3.03483775664466e-7,-3.8219045308534e-7,3.9208977157241277e-7,1.0957345457421582e-6,1.6647056051563765e-6,5.880938035647599e-6,4.913255380522568e-6,4.409051191758161e-6,2.3562548887567422e-6,-3.6995922244036867e-7,-4.2923344772387187e-7,-1.589388310660191e-6,-1.6613698723845113e-6,-2.6311877504930656e-6,-3.3054208334951803e-6,-4.679562082817117e-6,-6.685512949023273e-6,-5.3302141341380994e-6,-4.502490521649358e-6,-3.2815748032134936e-6,-4.353997491272795e-6,-4.6974066123902916e-6,-1.7930027075152669e-6,-9.831006232900008e-7,-2.2466393942126357e-7,2.315215903507305e-6,2.0378157468049396e-6,1.911313764768719e-6,3.7162035389698265e-6,4.529484198039441e-6,5.676542901572457e-6,4.157845256132851e-6,1.1538082794245383e-6,-2.225678575515894e-6,-1.4923125089108875e-6,-4.789174984230726e-7,8.243416894208706e-7,1.418971495115848e-6,1.7714794071953525e-6,-1.0804705891404743e-6,-4.341960691947958e-6,-4.547157695240775e-6,-2.762852499622341e-6,-3.2248236927147895e-6,-3.6915044568496636e-6,-2.3894670552526307e-6,-2.1781464284643077e-6,-2.5671821374447294e-7,-2.9148173297308156e-7,4.206314006644534e-8,-3.025006621044463e-7,-4.284972858268806e-6,-3.467392888027848e-6,-5.464497104985638e-6,-6.055701080752104e-6,-6.187851194560097e-6,-7.220221488961881e-6,-6.323933631861012e-6,-6.370824437830332e-6,-5.393937038315242e-6,-3.325025184099061e-6,-1.9947236029141243e-6,3.1266993209895814e-7,2.906425568241996e-7,-7.824509381476205e-7,-4.4197145863955797e-7,2.4009349346261344e-7,1.3654678356441681e-6,1.3213021655713232e-6,-1.4472547150124917e-6,-1.457587665767078e-6,1.898225838897817e-7,2.578558328193576e-6,1.92568628247858e-6,2.7077549872168527e-6,2.646582363053155e-6,7.26658466673499e-7,1.0844342498533097e-6,8.413148535869663e-7,1.4072427599821225e-6,2.451171786971526e-6,3.974877220957908e-6,4.224459177696846e-6,1.665169591162459e-6,-5.721590716218464e-7,9.316420297255028e-7,2.2015824593364803e-6,4.188509691345786e-6,3.2592197171510212e-6,2.3193356133136363e-6,1.185489128888592e-6,1.1894880519649225e-6,2.543133771362022e-6,2.685218757421276e-6,1.5672010175483964e-6,1.543348325314711e-6,-5.93670190152579e-7,-1.33662947738635e-6,-9.183257706177021e-8,-4.7531045417262245e-7,-3.487943248183885e-6,-5.4639159035154425e-6,-6.018674106255871e-6,-5.753659168793482e-6,-6.503466079271312e-6,-6.495320041356106e-6,-6.5697575844828745e-6,-6.952826435362322e-6,-3.7772895779813986e-6,-3.753877898319359e-6,-3.7481894929154833e-7,1.091554313697926e-9,1.8130190989132392e-6,4.118460609587547e-6,6.781099629397397e-6,3.6872015471203984e-6,-1.504884031955346e-6,-4.244063499045254e-6,-3.7305992074706967e-6,-4.951807657126675e-6,-2.6246585092350044e-6,-4.2972208615314745e-6,-4.211367841847458e-6,-1.6278682338999697e-6,7.903647792565004e-9,4.121744728607174e-6,4.193675504014227e-6,3.9945084341803345e-6,5.655549224801009e-6,6.857666464200469e-6,8.029724732001395e-6,6.086869660442141e-6,2.9595228438365464e-6,6.401589367264136e-8,-1.0307123767716226e-6,-1.993931753407996e-6,-1.4379481295200291e-6,-1.8909542863478643e-6,-1.955076004451787e-6,-1.8492356095295946e-7,1.3988889763587567e-6,9.310299815186211e-7,6.996978203861075e-7,-4.978708515762244e-8,-6.604687109071557e-7,9.372616050110582e-7,2.50529938664842e-6,2.5253167511658496e-6,4.054897495090179e-6,3.963243787744057e-6,2.4739069590113105e-6,1.7441594991907547e-6,9.819560581153237e-7,2.441855331552816e-6,2.621080084405589e-6,1.348950418238846e-6,-8.360619344656104e-7,-7.798726542546164e-7,-2.516052493593411e-6,-2.2254181979466535e-6,-3.319612873140384e-6,-3.115952901957912e-6,-2.9424886366478007e-6,-2.8995092670504203e-6,-3.0985719280081697e-6,-3.917076458928618e-6,-4.378165258394059e-6,-4.4998834941054755e-6,-4.963614069183066e-6,-4.649055681056736e-6,-4.727084026201509e-6,-5.491823233966311e-6,-4.188614100351597e-6,7.357115333868686e-7,2.0568300129396716e-6,-1.1546883886765607e-6,-2.692451748426004e-6,-3.3231004530257962e-6,-2.3681989946452803e-6,-1.029391358118274e-6,-7.641580490917428e-7,-2.878369367997974e-6,-6.0852453701441885e-6,-5.424601263552091e-6,-5.647734323335794e-6,-5.251869836912622e-6,-8.410763372056355e-7,1.4167190511413926e-6,2.8509797201342145e-6,6.532829533432552e-7,-3.096700833213782e-7,-9.922609666938886e-7,-3.763441627821862e-6,5.0548950268851e-7,-9.780121123626416e-7,-1.5370496451607055e-6,2.9869165459368576e-7,2.4968232549135943e-6,5.072974671189581e-7,-3.1266571493012155e-6,-3.7250303207373276e-6,-2.6774511049103883e-6,-4.848591945243052e-6,-2.5637798338759328e-6,-2.885472060692785e-6,-3.1032808524693503e-6,-1.0851003007740314e-6,1.6501467150059695e-6,2.134855965054326e-6,1.8959714884184091e-6,7.176162950648399e-7,3.5461878696899396e-7,-7.52279787610812e-7,-2.6448528963217244e-6,-2.7377082379582993e-7,-1.9845896189363617e-6,-7.004051874449866e-6,-5.839418209903686e-6,-5.563792370809864e-6,-2.4845792012275517e-6,-9.301460661256303e-7,8.599575246006342e-7,2.042384637543352e-6,4.147370282810081e-6,2.9954953307438e-6,2.7665746072490097e-6,5.127295653899113e-6,6.056681510883574e-6,5.690599592051018e-6,4.05919290268574e-6,3.7384170949108463e-6,1.3716099683060926e-6,1.089507650828057e-6,-1.0745046447805939e-7,1.4342674196574107e-6,9.169245400585779e-7,-2.980272394758731e-6,-3.2738657613348574e-6,-1.7684394034439077e-7,8.114073419492708e-7,-5.040564197354303e-7,-6.421712667786748e-7,-3.7449028869000043e-6,-4.678968297636258e-6,-2.9508433690492646e-6,-3.92894698688969e-6,-3.4394075623678225e-6,-1.7640840616452827e-6,-1.2347552151237914e-6,-1.2906485902228464e-6,-2.391010943542642e-6,-2.0646554479030787e-6,-3.422238023220075e-6,-5.855802018507434e-6,-4.966247924901829e-6,-3.3180647552154435e-6,-1.0299474083449293e-6,-4.120793992134211e-6,-2.0329718692099466e-6,-4.871624406376774e-7,-2.324229277828195e-6,-1.0081881331008035e-6,-1.2805593850949562e-6,-1.1735109519037538e-6,7.282595927639772e-8,3.0397960559817615e-6,4.166404733283017e-7,-9.197116663019242e-8,1.1127133856340854e-6,4.401749002441032e-6,4.126765256423356e-6,3.300587825677886e-6,2.431465983904093e-6,2.6159398190374513e-7,-2.5648701785874362e-6,-2.073447163213175e-6,-1.3400602150653288e-6,-6.393617959608534e-7,3.2236933110409715e-6,2.3723485902146174e-6,2.6199817483643552e-6,3.889314801550288e-6,2.6945340742569342e-6,1.3046462556052882e-6,3.611157154840121e-6,3.5791906965379384e-6,5.271615039434244e-6,4.1945059367360926e-6,3.435036844601745e-6,3.954030493272424e-6,1.0824945113944466e-6,7.361723464042826e-7,6.501780302022397e-7,2.0825673492794093e-6,-5.209035877163881e-7,7.270631817311278e-7,8.427467803353031e-7,1.0388667409949312e-6,1.6224052050235387e-6,7.308026946583718e-7,-2.8774159140674968e-6,-2.25640054023951e-6,-3.830601846723325e-6,-5.056162582574875e-6,-3.0825400542499564e-6,-1.5399468394493131e-6,2.8420627815044977e-6,3.5435324331535216e-6,3.7254463707030414e-6,4.692891537034305e-6,1.116719687665413e-6,-1.3617747975849993e-6,5.249384666375813e-7,2.5212153445279153e-6,4.094461827952422e-6,4.041096488516344e-6,1.6738803020085731e-6,-2.3832008028869197e-7,1.3073050674948193e-6,2.3859290305400694e-7,2.099316107389315e-7,1.2754573343988203e-6,1.988713534929005e-6,9.288308389788683e-7,1.7263435169911594e-6,3.0279575977550328e-6,5.031887251368207e-6,3.3086536380988275e-6,4.278695544474554e-6,3.116449335971691e-6,2.957385457103849e-6,2.9597484173276734e-6,2.4871633322654212e-6,1.4889829287252385e-6,-2.194845630715525e-7,2.9914280158922387e-7,2.78653323147834e-7,-1.1409344189229985e-6,-6.642113454917163e-7,1.133039340939158e-6,2.131476519718971e-6,3.848184330668456e-6,1.650223259767758e-6,1.8132023590447873e-6,7.555925188756403e-7,-1.0890953770098343e-7,-1.7052726127535373e-7,2.639321059418007e-6,4.000618659873711e-6,6.2087097053465876e-6,2.5073019202506894e-6,1.1206410733961735e-6,2.033777221905978e-6,1.504691158265923e-6,4.51718478621727e-6,6.141313057990984e-6,5.380045279594803e-6,3.384282441585979e-6,1.5961075721979272e-6,9.229400097483107e-7,5.928899050718422e-7,7.888558383098119e-8,-2.8120527928787374e-6,-3.7893401379499984e-6,-2.850892118390185e-6,-4.071505283028328e-6,-2.6248358297145207e-6,-3.1646202155510736e-6,-1.5495368427819035e-6,-2.7660464716470468e-6,-3.605735569566266e-6,-2.719343367066634e-6,-2.964192249684702e-6,-1.5096953446639817e-6,-6.809015228120293e-7,-9.03461218030918e-7,-2.3979962909506484e-6,-4.965727731119448e-6,-4.596442380508137e-6,-4.323368816130492e-6,-6.730973919005108e-7,1.2349904892129503e-7,-2.3256487289265888e-7,-3.0515700558826816e-6,-1.180978430748756e-6,-2.2194859346691375e-6,1.700552284801317e-6,1.1429789051143881e-6,1.6871361099931255e-6,5.0535598868640775e-6,7.920560087799479e-6,8.295083206307776e-6,6.091584677114895e-6,4.01822248834752e-6,1.8997934878736313e-6,1.0152152034419645e-6,3.3466143712892948e-6,3.503623074075046e-6,1.8211051268567287e-6,1.3548700489819476e-6,-1.943303252016819e-6,-2.7594983601216504e-6,-4.355030392777635e-6,-4.473045661050679e-6,-1.4740847370634728e-6,-1.8389140663628835e-7,1.6314792199748804e-6,2.197673943546447e-6,3.6353034971193626e-6,3.16743777790468e-6,3.2067626350454764e-6,1.6127097439115658e-6,-5.698639996680938e-7,-2.1838724477397673e-6,1.3638415773375866e-6,4.176797534298915e-7,3.2032473217232324e-6,4.776220749598081e-6,3.5496431120525224e-6,4.10695680735173e-6,2.1059832784004716e-6,5.0057054171004656e-6,4.018960896791153e-6,2.946292140079928e-6,1.1706384621884016e-6,-1.083969154900671e-6,1.4300004631185841e-6,2.453140357194266e-6,1.1164541504475529e-6,-1.0647553487137747e-6,-9.013154364928154e-7,-4.750562229773323e-6,-3.272471962981418e-6,-2.501033187219661e-6,-1.9317282895166135e-6,-1.3466666299945028e-6,-1.3540454998145328e-6,-1.1718868297463522e-6,-3.559347325223261e-6,-2.1213481654018668e-6,-3.2172808277013434e-6,-4.837600815386531e-6,-5.556720895710731e-6,-7.541095844937477e-6,-8.960550850593621e-6,-9.353695247081646e-6,-7.5704970283686105e-6,-3.1575359655311843e-6
9.560337972005233e-5,5.1921984562186783e-5,2.9019436268801932e-5,1.7104849876721825e-5,8.625205979934428e-6,6.008950753249845e-6,5.73956720238818e-6,5.0032111013872314e-6,3.961808230105639e-6,4.339965282702428e-6,2.5030053894929494e-6,2.129754190295412e-6,1.1176025176441008e-6,1.4509472087488806e-6,1.456551626342265e-6,2.5681003624588063e-6,3.175037259050102e-6,4.56531909324017e-6,4.764169247531857e-6,2.9896763608113802e-6,2.494866111083885e-6,1.082772652233338e-7,8.532591896701635e-7,2.6417637039158353e-7,9.224157450685025e-7,8.545391922577138e-7,2.3667007034471913e-6,3.4096277223727393e-6,9.753104044327606e-7,-1.025552001707995e-6,-2.4981504797296093e-6,-4.524146180078519e-6,-5.095388255892656e-6,-2.4138220527187414e-6,1.184524835970325e-6,1.3164939663217719e-6,1.381803685063353e-6,-1.630003095938058e-6,-4.8032849816585375e-6,-6.981011595205714e-6,-5.666090111537706e-6,-5.537966190187799e-6,-5.253657968114919e-6,-5.05914137918293e-6,-4.788691747027835e-6,-3.374617400744782e-6,-2.9669411420965985e-6,-1.3049104944145173e-6,-4.99555161502506e-7,4.1054461104454194e-7,1.7355626657129486e-6,-1.2425886295981382e-6,-3.859741986226394e-6,-3.7487300255309996e-6,-7.2171645065484825e-6,-8.155870570803757e-6,-4.228216261611594e-6,-3.8080153697025227e-6,-1.892977898417128e-6,-2.3505037377849794e-6,-3.824688619904353e-6,-2.938930873837208e-6,-2.2758478821998893e-6,-2.711040249231984e-6,-1.5879711041513484e-6,-1.2921275808586413e-6,-1.4273109633037834e-6,-1.895509162865683e-6,-2.9816512926683557e-6,-2.6112026422535078e-6,-2.5774213623580924e-6,-1.400539772277235e-6,-1.2650827203574904e-6,3.93695034710194e-7,4.83453049208126e-7,1.5084837928782547e-6,2.4376009408530488e-6,4.689253305806807e-7,-2.9406409694317125e-6,-5.184521594318704e-6,-6.239350448435612e-6,-6.053647573613595e-6,-2.7418531555357504e-6,-6.068614895685953e-7,8.154386891250698e-7,-2.0763198366495314e-6,-2.503428263000541e-6,-6.638118226148384e-7,-1.8051918062681795e-6,-6.824113198505998e-7,-1.820011270789934e-6,-2.072275502017193e-6,-3.572973744313536e-6,-3.4476203366833247e-6,-2.510309400506745e-6,4.956090486143707e-7,1.092856800382299e-6,-2.2073384715187746e-6,-1.0663304045844866e-6,-7.512039805699301e-7,1.669972632137348e-6,2.7334200538308627e-7,-7.872812998090486e-7,-1.6859726253950089e-6,-1.5937858562013262e-6,-1.445667110120569e-6,1.5615503344154975e-6,2.657766297728423e-6,2.079190226252077e-6,1.3192038198574106e-6,-2.8145721484419246e-7,-5.023768867193499e-7,-7.977038523984287e-7,-1.7343747236818634e-6,-3.586514362233682e-6,-3.06741957589383e-6,-3.1318551692635708e-6,-4.195093159500567e-6,-3.3225533023029345e-6,-3.4659570552260904e-7,-1.6835313671186272e-6,-8.427502407263756e-8,1.2346972076501807e-6,7.949510114578767e-7,2.9218235904205035e-6,2.775206402734636e-6,-8.6116151552215e-7,-3.2779794131558278e-6,-3.853862177719995e-6,-3.913611343199239e-6,-8.654257077674692e-7,3.1145274997899604e-7,-1.1868782512880175e-6,-1.5903345499502195e-6,-1.4769611283171188e-6,-2.0373010618718683e-6,-1.6846072365829314e-6,-1.6630888933282709e-6,-2.4456081268332542e-6,-2.265871525987967e-6,1.6357533848138343e-6,3.672224627495257e-6,2.4783487642816502e-6,1.8815796089998132e-6,8.529132423831333e-7,-6.244727891639933e-7,-8.799600789348619e-7,4.900076422280492e-7,1.7377476123038424e-6,4.881737994059678e-6,2.960862547481437e-6,3.6552037638493563e-6,3.1142682389637017e-6,2.2626383329082767e-6,1.2443444457158443e-6,1.005606675475226e-6,1.938807279486915e-6,5.022516908175545e-6,6.896603253345855e-6,5.389968775670579e-6,4.764412966353168e-6,9.491394618788749e-7,-9.981416504427021e-7,-1.406498469798255e-6,6.91635172144119e-7,3.3631163857284298e-6,3.966774702076484e-6,3.2206422916696464e-6,3.6888282159911028e-6,4.6900096566344085e-6,4.016214698892975e-6,3.14986780101383e-6,3.5557891462728633e-6,7.267104949519756e-7,-1.67485595876777e-7,1.4680004130912459e-6,7.1054418847263e-7,1.2499066297275853e-6,1.0447095068209934e-6,-1.7954232191454424e-6,-9.686988401189634e-7,4.2850673860567413e-7,9.963672572738007e-7,9.210852995527743e-7,7.275287701655171e-7,7.427480714954269e-7,1.8750211536179605e-6,3.2089391379325882e-6,2.1225576565165795e-6,2.3970599980929774e-6,2.2715089350693166e-6,1.7275818337564943e-6,3.4292751704768595e-7,-2.3782606372995646e-6,-2.4495921869698595e-6,-3.3291887453714853e-6,-1.5351394509941821e-6,-1.5870869680960848e-6,-2.1604614955948214e-6,-5.015000748307026e-6,-2.8395927202324057e-6,-5.020919603591445e-7,2.738167008954594e-7,2.3726072774030993e-7,-2.726517453655059e-7,1.3007239647817513e-6,1.5053147596678585e-6,1.706725628113592e-6,1.202795951270708e-6,-2.1084356034703096e-6,-3.331731788338716e-6,-2.2834501493336197e-6,-3.114268439614957e-6,-3.097505008423416e-6,1.215178016944175e-7,-8.062157177545989e-7,-2.1596066029421662e-6,-4.095453737166217e-6,-3.224771481115259e-6,-2.257612883097887e-6,-1.000503503420647e-6,-4.832747171662136e-7,-1.1356815618249062e-6,-3.959762274259712e-6,-2.370171886145261e-6,-4.930470038437608e-7,-1.2821710927119692e-6,1.1308812807306444e-7,-1.266116495014746e-6,-2.2868582341800288e-6,-2.2748740578542971e-7,2.8504234204547924e-6,2.3948539735314894e-6,3.0449267491571104e-6,3.350378553695501e-6,4.081539979752257e-6,4.888122430468608e-6,3.427487503982779e-8,-1.434655136410069e-6,-7.78314834243086e-7,9.71971204422787e-7,6.653877290664518e-7,2.509636721905525e-6,9.915889785815699e-7,-4.052871370896707e-7,-2.704239638255169e-6,-3.242940158131371e-6,2.53572047821743e-7,-1.3932813393518012e-6,-4.22512612077868e-7,-5.538197458533301e-8,3.7077938141665463e-7,7.032315563716328e-8,1.0251899856502673e-6,1.6361382790995653e-6,1.7006406877921772e-6,1.01495922769356e-6,-2.0618896788471203e-6,-6.483225632205899e-7,1.039138004954538e-6,1.1532524956544841e-8,-5.669585060985125e-7,-2.490874078951579e-6,-2.607516154548779e-6,1.4157878828670294e-6,4.478381665112482e-6,4.703205252369581e-6,3.979619027256002e-6,8.563103619572005e-7,-9.13173855482852e-7,-1.4504794664800157e-6,-1.8656460796280903e-6,1.045220935387814e-6,2.055719683515365e-6,1.4684162606348617e-6,-8.739554679237129e-7,-1.015118884764226e-6,-9.785140073614841e-7,-1.9111502201381687e-6,-2.6342346731322252e-6,-1.5167928279842791e-6,-9.9897507539635e-7,-1.0660858269873157e-6,1.0536938054019502e-6,2.0132867899258156e-6,1.2979273967297512e-6,-7.036535244696033e-7,4.978458293023705e-7,2.182958772190181e-6,4.753399636139374e-6,5.009264385789596e-6,4.034113019954147e-6,6.445135440058602e-6,4.289017389329044e-6,3.418345792421611e-6,5.082991456492938e-7,-2.18128833113387e-6,-3.5843315248869707e-6,-2.8160404521915696e-6,-3.330034706213786e-6,5.697350608406005e-7,3.205261036739618e-6,2.5293739505016256e-6,1.933572524841519e-6,-9.102704054106099e-7,-3.947539717565042e-6,-2.6980338978804622e-6,-2.3305747016820146e-6,-1.9704222367779985e-7,3.451495219393371e-7,4.84108249770301e-7,1.0822434488071776e-6,9.035560885245485e-7,-5.316005956922813e-7,1.7224385684078478e-6,1.443376489259879e-6,2.105671879736402e-6,1.8364348230808015e-7,-5.84073110313854e-7,-4.5647829342325455e-7,-1.0435241482150286e-6,-4.154802965323713e-6,-2.5189759905109352e-6,-7.841063070967767e-7,-2.674887865851964e-6,-3.026890500348713e-6,-4.3099546084829797e-7,-1.237247826951085e-6,-2.7743193319631525e-6,4.9054005356765065e-8,1.2925459909983644e-7,2.6995120123761156e-7,-4.855919756735048e-7,-2.4380202399334337e-6,-8.51188255691803e-9,-3.42232991265019e-7,1.4758375531035367e-6,1.0476878679966466e-6,3.4501879328511236e-6,-1.0607252700210067e-6,-2.066574899876657e-6,-2.2832925572182137e-6,-1.960872694140833e-6,-1.9730544872962404e-6,-2.8894684131609864e-6,-3.0813416071766486e-6,-1.4554726830548907e-6,-5.71321061367009e-7,-5.87214521523338e-7,-1.6718840035849655e-6,-1.9311566286528037e-6,-1.3042557437795585e-6,-1.943189219250207e-6,-1.7442108217575434e-6,-8.19225750563089e-7,-1.8502053790413841e-6,5.807197012127313e-7,-2.3599049905300984e-6,-2.4830156367579663e-6,2.7188201092884104e-7,-7.232484852407491e-7,-3.5439494151034903e-6,-4.390408490215525e-6,-3.7890446604580164e-6,-5.7383176147838565e-6,-6.7604544137704735e-6,-7.00700478531665e-6,-6.970941888929817e-6,-5.711027792559765e-6,-4.772625569462004e-6,-4.489322556250373e-6,-3.638012168223327e-6,-2.9537789718979127e-7,-6.265754529987418e-7,-2.0791393018379073e-6,-1.025056074332185e-6,-1.3296567564224653e-6,6.830830456710074e-7,2.502832316437277e-6,4.966178142542243e-6,3.4600567779079265e-6,1.05297037335121e-6,-4.839013471220411e-7,1.3315666846054163e-7,1.0618403654084214e-6,2.619865024073344e-6,1.5963078565404021e-6,2.3656694094213145e-7,-7.225943470393517e-7,-1.0579657245811948e-7,4.150841801474673e-6,6.910246659319831e-6,8.087560176571962e-6,8.518989385657115e-6,8.168906330575962e-6,6.031549417095187e-6,6.325477122500352e-6,4.217257726056238e-6,5.0649743836028254e-6,4.707417553271562e-6,3.887605663660656e-6,2.0198844287457775e-6,5.179408317011074e-7,1.5254447745963712e-6,-7.663586720287216e-7,4.247133278035336e-7,3.4735474400870843e-6,5.641234772464263e-6,6.980747769083867e-6,4.063970696330001e-6,2.6380379272151426e-6,2.6838797371756995e-6,4.991160652164652e-6,7.441340818039351e-6,7.706949934436954e-6,5.392861878971982e-6,3.674818487424326e-6,3.2759677405879132e-6,2.595476988345469e-6,1.7033129771576843e-6,9.960200313557043e-7,-2.626728292331086e-7,4.862832836726253e-7,9.81541246398914e-7,9.055889024505028e-7,2.5720827998771364e-6,1.8127577558166545e-6,5.426757582336257e-7,-2.522915840587165e-6,-1.948123800901935e-6,-2.011376977441545e-6,-1.8634303498666948e-6,-2.4980301997236906e-6,-9.186682269111791e-7,-3.39338064980916e-8,-1.6763526578745248e-7,1.829105264037736e-6,-8.971975557395315e-7,-2.5186398278850534e-6,-6.4140991552562805e-6,-7.830245091377579e-6,-3.938492701070837e-6,-1.1747728254920217e-6,1.196212957740667e-7,-1.4231296598643021e-6,-3.408927348059205e-6,-4.612389042375242e-6,-2.1092168322482752e-6,-1.506445466024302e-6,-1.0687716493809321e-6,-9.410566393017714e-7,-1.1639137727894638e-7,-8.451068867577446e-7,-1.9642397686044033e-6,4.314794896831213e-7,8.308757793428003e-7,8.498893734069538e-7,-3.377209558446666e-7,-6.69231672735525e-7,8.009411716122948e-7,2.831967612390926e-6,4.626615526420151e-6,2.163537254719408e-6,2.1276651930632647e-6,2.57021110522268e-6,2.4089954110567734e-6,2.198077448903197e-6,3.2771321118957196e-6,3.4917049293076423e-6,6.630499838213081e-6,6.356858030422575e-6,5.868896512020181e-6,5.566790309889956e-6,2.8665280159750375e-6,2.3568036868248596e-7,-1.1866724563084697e-6,-2.813366966733406e-6,-3.525283737480183e-6,1.0048787370499592e-6,1.5000895811505172e-6,2.4117275666368404e-6,4.7148863049982095e-6,5.97627399743811e-6,5.493181975933706e-6,2.344097822108175e-6,2.8051939201138262e-6,2.354438553994711e-6,4.4189289396872616e-6,9.264055230849447e-7,-7.771600753778976e-7,-1.5499690510782833e-6,-5.875389574047207e-7,-9.024280591513428e-7,-3.370607070208122e-6,-2.085061564348517e-6,9.168381242501286e-7,3.7852399213917685e-6,1.4403497598142112e-6,-4.40005328272587e-9,-1.5257614445759533e-7,-6.467862277561304e-7
7.860063352985187e-5,4.211612268218196e-5,2.2929317765289532e-5,1.3358935255932193e-5,8.273409305969765e-6,4.4742044478496766e-6,2.1831282009451834e-6,2.0138723513728907e-6,-1.0796090782367569e-7,1.0440172016902422e-6,2.7056876448453248e-6,1.612469354804709e-6,2.2240142931053246e-6,-7.518194676578614e-7,-2.9281346530638257e-7,-1.939876161567714e-6,-1.3469044396677632e-6,-1.2916478011245813e-6,-5.045510155032338e-7,-1.2412595673468243e-6,-1.7889410667769389e-6,-5.069645088307242e-7,8.679321684128223e-7,6.190497646951938e-7,1.578909775842258e-7,-1.2376008895395362e-8,-6.33904956576364e-7,1.3278093968726903e-7,1.7552231039435235e-6,1.5978100229516863e-6,1.9099165068836765e-6,2.2047199442770884e-6,2.341066876456507e-6,1.6097002826756407e-6,5.972514645112679e-7,-6.720576329977091e-7,-3.744416664983802e-7,-1.89757204584304e-6,-1.032268205039342e-6,1.0592542170224803e-6,4.6382908284088165e-6,4.231369656951005e-6,2.563308211905751e-6,3.162394217014438e-7,8.749604752748145e-8,-1.1437853592309794e-6,-2.6337732657882895e-6,-3.57936382554678e-6,-1.0147734765110297e-6,-5.2017681319792456e-9,-8.139104801715697e-7,-1.032451572148547e-6,-4.966973197799914e-7,-2.063370244527859e-6,-1.0485732334188322e-6,-1.246761146049826e-6,-1.35139383198306e-6,-5.409319832680173e-7,-9.002415923311722e-7,-3.786823462473559e-6,-3.212249975245049e-6,-1.0842347870036452e-6,-8.822483823262649e-8,2.961216177895621e-7,2.0514169485545063e-7,1.6417657975886462e-6,5.239970048942773e-7,6.53083950423509e-7,1.280304340166714e-6,6.179552521085288e-7,7.009666015178149e-7,9.007443137739655e-7,3.0744361684312444e-6,2.067922988451659e-6,-8.627047470985186e-8,-1.1488693722432634e-6,-3.0202151725141806e-7,-9.906253537410544e-7,-2.5783510678073357e-6,-1.8966235725304257e-6,-7.410459125364943e-7,4.926254489373914e-7,-5.116196782285569e-7,-3.253259348861883e-7,-7.514475884312174e-7,-1.037963686654662e-6,2.9680730419740234e-7,-1.3133457881613935e-6,-1.1050985487788132e-7,2.8200352708568225e-7,-5.01670639260677e-9,1.28604873086605e-6,2.244422766687482e-6,3.337204384154821e-6,5.7039932037039995e-6,4.8173382592953794e-6,3.7439222167095103e-6,1.5495342337150986e-6,1.8102225718707084e-6,8.187111100587944e-8,-8.389190673834754e-8,1.8303659123812232e-6,1.8435595906995395e-6,1.2765265608405876e-6,8.49106867636084e-7,4.607153300175681e-7,3.5044294203158235e-7,-2.208123429176999e-7,1.6259565454686174e-6,-1.086188205663332e-6,-1.6161959088342888e-6,-3.3629398731410176e-6,-2.5847287112324445e-6,-2.134593522735552e-6,4.531162660599735e-7,-9.393110892708236e-7,1.0662997553596048e-6,3.2397976460963864e-6,4.992987625111365e-6,4.280477908972897e-6,2.545710551038853e-6,9.110466477566054e-7,-7.10791164453339e-7,-2.228584190390169e-6,-3.603338275006804e-6,-3.1812936899088594e-6,-2.5137247210459684e-6,-5.073150160458493e-7,1.9373994668012032e-6,3.7272842078501838e-6,5.260409535501667e-6,3.339606117819494e-6,3.0138727585616723e-6,2.2240561631062077e-6,2.920700297750413e-6,2.2704991929269274e-6,-1.0641705160215349e-6,-1.0036657099082089e-6,-7.483749773013589e-7,-7.910860406274203e-7,-2.723994226450964e-7,1.2121634530435744e-7,-1.542878285134544e-6,-1.4665053735593515e-6,-2.911908821376241e-7,-8.713522320870055e-7,2.249166286718126e-6,1.767964013675951e-7,-2.071520158508385e-7,4.2330187697306675e-7,1.994476526459145e-6,4.957917185898459e-7,2.412158971381967e-6,1.6151431535897297e-6,9.033831491159923e-7,-1.7333632524346146e-7,7.727483878569899e-7,1.5338766044407749e-6,2.3363149202071693e-6,2.6709896100749727e-6,3.972009286875351e-6,4.3024161106296545e-6,2.9930952001161466e-6,3.0304601619561586e-6,2.571090695093808e-6,1.9327616831617765e-6,1.776873828485425e-6,-1.0435911581493176e-7,1.8566654473851394e-6,2.460524709809607e-6,4.6841276813943045e-6,3.2914423435193103e-6,5.055952296758142e-7,-2.7520072416017195e-6,-2.483653660693972e-6,-3.6067556161095746e-6,-3.2187837682991945e-6,-2.4923789456654496e-6,-1.1288276948509445e-6,-5.77617149411779e-7,-7.058545210292914e-7,4.519112140430856e-7,3.5223155526275674e-6,3.286947211116413e-6,2.581246497314102e-6,2.997881785537797e-6,4.836430978313628e-6,2.188521932353718e-6,1.7684996655411103e-6,2.532109689306941e-6,2.73527295511633e-6,2.8616036137594126e-6,2.7319030124163675e-6,1.3137355376724697e-6,1.7077555226917686e-6,8.561940179092671e-7,-7.66991368255948e-7,-4.635128442577385e-7,-3.1795790320750326e-7,-2.738955078571802e-7,2.590684324991374e-7,-6.5651019721174e-7,-4.752476211419569e-7,-1.6802384794394345e-6,-1.530400195444925e-6,-2.7495597313657006e-6,-6.265967528717212e-7,-4.3409233863430613e-7,-2.391463804602033e-6,-2.8049934600741626e-6,-3.529189492216061e-6,-2.8550612581378655e-6,-1.1512357805423265e-6,-6.009075853647709e-8,1.4756827903375616e-6,-8.413313149802544e-7,-1.9249448942447968e-6,-2.872200362366412e-6,-8.292066218474599e-7,-8.117181516632726e-7,-9.318895989961102e-7,-4.179310566655971e-7,1.7006636190144173e-6,1.6178988036717617e-6,3.754958905615578e-7,-2.3560586786754683e-7,-1.6235283097525303e-7,-2.1851139089402545e-6,-2.595682080659824e-6,-4.4401191137651454e-6,-3.7916330049499027e-6,-2.9292167234186846e-6,-2.085974337076503e-6,-4.5501076875462343e-7,-7.441519712223887e-7,-2.0602433501106514e-6,-1.4000041549597927e-6,-2.1226614091944717e-6,-1.4903014123098457e-6,-2.027392747412304e-6,-2.1961902299595765e-7,-7.272335736493249e-7,-2.491560054162218e-6,-3.890009553117045e-6,-4.932711920304575e-6,-5.667799422026227e-6,-4.705813679514378e-6,-1.2384298709484207e-6,-5.845437683437225e-7,-5.493134354045437e-7,1.2217090547034517e-6,1.4208486445604598e-6,1.5149576263540474e-6,-5.4666773164320884e-8,1.0463082488347869e-6,9.777993696795492e-7,-4.6923035217336973e-7,2.046875069916369e-6,1.8533457553026647e-6,2.87693095665025e-6,3.3394224316900167e-6,2.770404839929223e-6,4.075079108711065e-6,3.2451078875956475e-6,1.5042803015400368e-6,-1.8062827727789657e-6,-8.190501027876015e-7,-2.91192269099427e-6,-2.597569526656637e-6,-1.1949682306458482e-6,-1.0285404779291377e-6,3.477088525422856e-7,-1.5239551174121406e-7,6.446396996537717e-7,9.061328305626971e-7,2.0537870989426939e-7,-7.269273136179992e-7,-6.856950316549653e-7,2.2400562994937473e-6,3.2515192484147087e-6,5.673014338122681e-6,4.299081487153075e-6,4.173202004245173e-6,2.3791790870354806e-6,2.41820418074455e-6,3.0851892254834118e-6,3.636665819701358e-6,4.8849258136134254e-6,2.991515340030123e-6,1.4169445856057973e-6,2.4431509725198963e-6,2.029645534116289e-6,7.344639313566716e-7,1.7658775730478533e-6,1.310851277121206e-6,3.2292422825972143e-6,4.883225188297324e-6,3.7096598339168112e-6,1.9372007783578425e-6,6.471940333815675e-7,1.0811652659404768e-6,-8.152399527785563e-7,-6.283501154612193e-7,-1.3174845957441251e-8,-4.831820478940772e-7,-6.017078680664029e-7,-3.249955726051092e-6,-3.133762156315704e-6,-4.761983951798354e-7,8.041984581584689e-7,-1.2856194966171306e-6,-2.773350246270334e-6,-3.976090039263263e-6,-4.550907227772728e-6,-2.821902825159448e-6,-1.3565376953485692e-6,-2.0455273112356325e-6,-9.744348296617989e-7,-9.855240334264374e-7,-8.036096789871463e-7,1.8883995469031413e-6,4.437936886369273e-6,3.6383941634543306e-6,6.594930705551795e-7,-4.859472370911607e-7,-1.7584046364617563e-6,-1.1170574126460851e-6,1.2162521380837253e-6,2.3855764117801484e-6,3.1103449388761863e-7,-5.859372906812595e-7,-1.3342615336614154e-6,-1.3605937327387568e-6,-2.0936722290818004e-6,-1.79008548734724e-6,-2.042878931061193e-7,1.5231818301498126e-6,-1.2262461827346243e-6,-1.6878268577642514e-6,2.431418841160915e-7,-2.1563688106410454e-7,-1.2297601442714958e-6,-1.2559624750618146e-6,-2.191640526780554e-6,-3.3117405006545082e-6,-3.8643413500497825e-6,-2.880204139170147e-6,-2.964284846937918e-6,-8.878898539442941e-7,2.2055315414226926e-6,9.257142063065763e-7,-4.7560032446014626e-7,-6.285338087255044e-7,-3.156336232362451e-7,-5.806378331626823e-7,-6.357947752179753e-7,-1.827727635715726e-6,-1.7977926099436501e-6,-2.1641067757359842e-6,-3.0593934127738587e-6,-1.989242411950689e-6,-4.2894099082387455e-6,-5.879498088530994e-6,-4.368714552353229e-6,-3.637027791369571e-6,-2.2652895216147182e-6,-1.8435163237191374e-6,-1.3403050967907442e-6,-5.63763295098026e-7,-5.847103351845738e-7,-3.6034641488699167e-6,-4.43690921011166e-6,-3.7730136194233815e-6,-4.461740897096238e-6,-2.893863213420566e-6,-2.396233608714219e-6,1.5145324280460265e-6,1.2078400430426458e-6,-8.034869031301472e-7,-2.918901799307015e-7,-1.5287756376092802e-6,-1.8870478083755508e-6,2.923269736888769e-7,-1.1709441490760157e-6,-2.3761665417277473e-6,-3.0083458654295794e-6,-1.1587961264300134e-6,1.2585964547281275e-6,2.863109466632503e-6,2.781257642017887e-6,2.4439246911807144e-6,2.4693145635153745e-6,2.225418458186351e-6,2.2943559864652077e-6,2.7114402037027174e-6,-5.309637666849256e-7,-1.996862025925254e-6,-1.0743000791425705e-6,2.470290006802986e-7,4.824580715397963e-7,1.6998390193245414e-7,-6.295734135007096e-7,-1.8931681199025248e-6,-7.338601362305059e-7,5.561770821712003e-7,-1.9517523196059356e-6,-2.768301176823278e-6,-4.332280607262027e-6,-2.2533470739733815e-6,7.592481760724069e-7,1.435817967717243e-6,8.750967000815472e-8,1.154328888763511e-6,8.15571019008115e-7,2.452962954900179e-6,3.844916793489203e-6,3.5819485054132462e-6,2.33458777077632e-6,3.212523512472552e-6,1.473953979513002e-6,2.0478693525379296e-6,2.7738535572246092e-6,4.0131658477702785e-6,3.0597259783889797e-6,2.258760707423669e-6,2.2397348156367283e-6,1.2113953156841633e-6,-9.900045584630166e-8,1.2911159699503657e-6,1.5126686135129376e-6,2.006618915893654e-6,1.931324489469364e-6,2.1039255201264435e-6,2.819074403668822e-6,3.742899634244843e-6,1.759678455491977e-6,2.6066079450515874e-6,2.653867905605102e-6,1.7267530376504367e-6,2.687370480488666e-6,5.0457205007423245e-6,4.34965341132025e-6,2.2599875249524598e-6,2.854738779494886e-6,3.0099714500775365e-6,2.2492871169282694e-6,2.8284519403276474e-6,2.802073903690837e-6,3.6076640678110755e-6,4.704301561316427e-6,3.501768906526177e-6,1.526964371820148e-6,-8.5531615799137e-8,-8.658401732378247e-7,6.881892239543549e-7,3.490355313299779e-6,3.3777527712798414e-6,3.741964812068688e-6,4.558702227157629e-6,2.5581801217077034e-6,2.5258292536825596e-7,-3.8083648159301815e-7,-3.38222568903967e-7,2.6417029310843517e-7,-1.1164802795204011e-6,-5.983636818787501e-7,-9.15734297155737e-7,-5.017872127257863e-7,7.580753506561201e-7,2.042998882670263e-6,2.1032191927282677e-6,-4.3976339405982243e-7,-3.2596278884774814e-6,-2.7246461585897523e-6,-3.289127656147179e-6,-3.4002861736703067e-6,-3.692355322346905e-6,-2.988919261193902e-6,-4.629507789442976e-6,-4.207254662795203e-6,-2.3680139266099102e-6,-3.37360095401399e-6,-2.729024479404678e-6,-1.5815907703091664e-6,-2.0250476530519943e-6,-5.886823889103446e-7,1.1161146618907449e-6,2.5363581674893923e-6,1.8880255889309396e-6,-7.970420375204204e-7,-2.051339406813377e-6,-2.173593814437684e-6,-1.436345719732692e-6,-3.319513410195256e-6,-2.404319938495673e-6,-1.663685881009885e-6,-9.229403006778141e-7,6.954279464499232e-7,1.6802914867910518e-6,1.8053735225031674e-6,6.091114486879818e-7
6.497705714096223e-5,3.2020750499888955e-5,1.6529654274417844e-5,7.879015376575485e-6,2.496549018166714e-6,1.8714781336762084e-6,4.614508083530682e-7,6.919986576442956e-7,-4.2157927067982526e-8,4.189963945798172e-7,1.0153134312181349e-6,3.8420567691371573e-7,5.288187569721339e-7,1.7766874804106946e-7,1.4506505813584276e-6,2.002594932356934e-6,2.387667255815138e-7,1.248988610919878e-6,1.982749168798288e-6,4.6030642719008286e-7,8.011279146170741e-7,8.399207802888588e-7,2.052819394482965e-8,1.885263011198418e-6,1.0551041635015911e-6,2.006456105652812e-6,2.9792163391487215e-6,2.0714130347065634e-6,3.2463978285188383e-6,1.5163186989013113e-6,-4.664688851822255e-7,6.912292668893928e-7,1.3759524565869957e-6,5.560224970942174e-7,-2.3457533897645712e-7,-4.759916722204867e-7,-1.004517941067494e-6,-1.2914898820566777e-6,-7.007427451909017e-7,2.390954014889288e-7,8.996362706564134e-7,4.021595505641877e-6,2.6045222199432716e-6,4.2083622421805115e-6,4.007740566827173e-6,3.2290950161721076e-6,3.058989143807884e-6,1.8507767058630864e-6,4.926659268250744e-7,-6.426192050656725e-7,-4.783791233869811e-7,1.2886452990192986e-7,-1.1265268753262772e-6,-1.9586800009867437e-6,-1.2618548076483173e-6,-1.5596707017696374e-8,1.029437620730942e-6,1.0287502247791298e-6,-5.644290205165635e-7,-7.130003920430538e-7,-8.23342311838881e-8,1.9015896261305233e-6,5.155749385739859e-7,-4.3104731106361215e-7,-5.341118743222078e-7,-8.852792354917636e-7,5.897458805847721e-7,8.214460058130862e-7,-1.2930409456871057e-7,-4.455576454140353e-7,-1.2929311388486572e-6,-1.029177528020265e-6,-1.942948192522242e-6,-1.0030967249695492e-6,4.092356879717646e-7,9.901566095146948e-7,-8.969038417287664e-7,-2.3576229371813444e-6,-1.2969653458198858e-6,-1.2496462211352347e-6,6.213790525201537e-7,9.527902872887445e-7,-1.0937576159793336e-7,-8.912266265252797e-7,-2.33711775704205e-7,-6.464588403605899e-7,-8.775030070647867e-7,7.010553395434047e-7,1.3654066346227914e-6,8.581121819764713e-7,-4.139493594988922e-7,6.058197522861434e-7,3.050140135776925e-7,3.3276535388786286e-7,7.876514691852117e-7,-4.238850536108308e-7,-1.467366055509574e-7,-7.903585957212888e-7,1.3228312431713884e-7,2.76853716151157e-7,1.4304397143449957e-7,-6.948769392871317e-7,-7.881311157705826e-7,-1.4269328752870112e-6,-3.5576700277251585e-6,-2.855323965151868e-6,-2.0818104859336674e-6,-9.412461550619621e-7,5.923239118978873e-8,7.96787161752655e-7,1.6388839074505038e-8,-1.365000300954387e-7,1.680739031246419e-6,1.4862670610287167e-6,1.2366979444224409e-6,5.330131085007583e-7,-1.0488713073351324e-6,3.8554196401979153e-7,1.3006601438646614e-6,1.5199298228716236e-6,2.0436944195718986e-6,6.119443777900202e-7,-2.354639803740094e-7,-4.74854659974368e-7,-1.7800545960830204e-6,-2.2279304949566426e-6,-1.3618333888869058e-6,8.095705817351022e-7,8.496425664954552e-8,3.592341350882063e-8,-2.932955562057175e-7,-4.826270063454015e-7,-7.645670502656329e-7,8.656666233998691e-7,1.8774699760000258e-6,2.9867440617235667e-6,2.0924362657360227e-6,1.2697133654263767e-6,8.710172280269492e-7,1.2635887763430518e-7,-2.9306153705196314e-6,-1.102224043665526e-6,-6.233186119597328e-7,-1.4110559518415242e-6,-1.2421185882651559e-6,-3.658426442224055e-8,-7.502641392497655e-7,-7.832093361221061e-7,-8.977855218155167e-8,-1.3994226132231668e-6,-1.5763646268131079e-6,-3.6103538508284256e-6,-4.125724578946695e-6,-3.2613670375665104e-6,-1.4915855946244792e-6,2.6597674205902847e-8,4.0496083601899e-7,2.3833991752613692e-7,-1.3108908787955121e-6,-2.9703188360222946e-6,-2.2716978948725947e-6,-9.815365394261992e-7,-9.71129561881469e-8,-1.4920104908180134e-6,-2.4959320217515614e-6,-2.760255231736075e-6,-3.0340919017092826e-6,-3.0673628309723016e-6,-2.5247922412551285e-6,-1.6666934512767163e-6,-1.4289502676246469e-6,-1.4576503548106657e-6,-3.7252240794766853e-6,-5.1164834806583964e-6,-4.08893450008424e-6,-4.0956849507350826e-6,-2.3694923240416076e-6,-7.999457726464567e-7,-2.226785508310545e-8,-2.434076464224842e-7,-6.255085639430116e-8,-4.335692800360875e-7,-4.7532649628814574e-7,1.2721880767600643e-6,7.644599275586048e-7,-1.4718308166873424e-7,-4.283868553763457e-7,-6.326358749387572e-8,2.8431735709357606e-7,4.490598589677445e-7,1.3148658009439584e-6,9.158915646754388e-7,5.46190108836538e-7,1.3294370757904736e-7,9.795896894383077e-7,9.869394820626943e-7,2.76621522314648e-7,6.200042970753898e-7,4.2094037249052814e-7,4.448011473226174e-7,1.5641314661226593e-6,2.1333193050692866e-7,-1.0978133793827209e-6,-7.705674205536028e-7,-2.3641167855046107e-7,-7.448493800956182e-8,1.5074560416798001e-6,4.5173753753539074e-7,6.242549311849535e-7,-4.520364889110984e-7,-5.8619247157809954e-8,1.3369287156236255e-7,3.957573823187162e-7,-1.0121428163760093e-6,-2.442643670942079e-6,-4.98207348605936e-7,1.7094881088280596e-7,-4.185176998845531e-7,-6.115263174143607e-7,-1.123203715487997e-6,-2.212612841405767e-6,-1.0730225241421678e-6,-9.062192618965933e-7,-1.1358754616325632e-6,7.118785724018467e-7,3.3163545796950196e-6,2.5114382586205985e-6,2.2114899308953033e-6,1.8414474114256914e-6,1.059749846381168e-6,1.2054968207925988e-7,-1.9970381812326207e-6,-1.2727600963874356e-6,-7.924757267499371e-7,1.341698660280089e-6,2.430094435440595e-6,2.240923293663132e-6,2.3209732539490095e-6,2.4617052516303663e-6,2.696996044364718e-6,2.1203354168905298e-6,1.5744771718353591e-6,-3.277188870247605e-7,-2.9010603925279937e-6,-1.666676628314014e-6,-4.5874293174441595e-7,5.201926605090561e-7,8.346900088316339e-7,3.2140323393722727e-7,4.813577653944876e-7,5.929803073290194e-7,1.5597171750891822e-6,1.8856822500700166e-6,1.0441596715688555e-6,2.5481503718035777e-7,5.796791089706693e-7,1.826212910514599e-6,1.4658409962095192e-6,5.023848907105968e-7,1.1819982730387594e-7,-1.4349376892414404e-6,-1.0917172694385013e-6,-6.064590942881122e-7,-2.8004984168900093e-9,-2.5985480245461477e-6,-3.2656021629025654e-6,-2.005132681418622e-6,-1.5696933628278892e-6,-2.309732760327332e-6,-3.932841791862951e-6,-4.222156771098412e-6,-4.137252976985363e-6,-3.7012341372718945e-6,-9.169461763573725e-7,3.238297142848728e-7,-1.0351922764053552e-6,-5.121521159267549e-7,-1.1615477206270503e-6,-9.234630269397945e-7,-8.282163864036253e-7,2.5397615711956234e-6,4.943438261235473e-6,4.394218497594323e-6,5.4914761428858405e-6,4.558932897094354e-6,2.0874629129821437e-6,-8.691784991568735e-7,-1.559823531367909e-6,-1.3822137323770005e-6,-1.4942762398818961e-6,-6.949326958265409e-7,-3.79137507424427e-7,-1.3339473062715468e-6,-2.4373418675988467e-6,-2.8804227166093777e-6,-1.3112985740810458e-6,5.420383978046088e-7,-6.153669731596362e-7,-8.218639064828571e-8,2.0328582199505914e-6,1.648832184420042e-6,8.214939352314786e-7,7.26775496328936e-7,1.090055118940231e-6,-6.315349981233805e-7,-2.2939009519457474e-7,4.1206605912769197e-7,-2.733934642101868e-7,-1.0971949938984855e-6,-1.7448264833834618e-6,-2.836108498769412e-6,-3.507900582774574e-6,-7.684112647049026e-7,-7.415375106711386e-7,6.591795862123316e-7,1.4797263887590402e-6,7.603333664439004e-7,1.4988050316795124e-6,2.5988252551021965e-6,3.4657240043500727e-6,2.9217952308043475e-6,1.871530179512481e-6,-2.8257256995780213e-8,-9.59343461199349e-7,2.622171244956969e-6,3.4718343906175874e-6,3.1234366202594706e-6,4.086468361181867e-6,2.229881882575096e-6,1.232673823901524e-6,9.682821454738292e-7,2.2688802283575985e-6,6.360308060177987e-7,7.955374857386391e-7,6.61235989473405e-7,1.981058426701486e-6,2.650607336589115e-6,2.3833308970827533e-6,8.196289728607214e-7,7.192420028806751e-7,-1.1007777539443744e-6,-1.55127853369403e-6,-2.4279056795705568e-6,-1.9140002526716017e-6,4.8492039278578156e-8,2.6680448124867136e-6,3.024892711085819e-6,3.8924131235090275e-6,2.4668323580816227e-6,2.03294479449535e-6,1.986921672705905e-6,1.9333608369335715e-7,-5.545493465584374e-7,-9.449237967417983e-8,2.4728954121920404e-7,9.501303432994833e-7,3.970341513347938e-7,5.2979674942321524e-8,4.1800138057321455e-7,1.2809925620653528e-6,1.5099494763834445e-6,1.7475007508711837e-6,1.6892029489086978e-6,1.5157391076498856e-6,1.8095354093198443e-6,-3.18633830795242e-8,-2.823650319316697e-7,-8.880961382240262e-7,-4.367559395847723e-7,-6.841077455827052e-7,-5.488575360706128e-7,2.9022996162810997e-7,1.277105485871168e-6,3.3209810111967013e-6,3.2606328131066394e-6,3.3510335694244464e-6,2.4115070189278966e-6,1.6049543606257248e-6,1.5719670158261426e-6,9.826499983451263e-7,1.9128825748423336e-6,1.1904679088875384e-6,1.1860521962288958e-6,8.022057932267691e-7,-1.8671548418826952e-6,-3.0898166199150923e-6,-2.540814452206971e-6,-2.1448000915888817e-6,-2.3403676755073975e-6,-3.3476109148547434e-6,-1.7464818196016311e-6,-2.2478887421637668e-6,-2.0042551598222637e-6,-4.955253856841828e-7,1.8933085051408087e-7,1.0285576080793561e-7,9.370771426040537e-7,9.038250739837475e-7,-3.373842810835483e-7,-6.647009145291238e-7,-1.6012627868833346e-6,-1.3601027605883094e-6,-7.855141065293141e-7,-1.782694911815561e-6,-3.1430827918111378e-6,-3.1295867137808984e-6,-3.5665125494103872e-6,-2.18249091321323e-6,-8.404995881486795e-7,-4.3252214664000445e-7,-3.8794765878257353e-7,6.251623740398297e-7,1.0280520625695008e-6,7.034604908871954e-7,1.5069932672809403e-6,1.3195950627372517e-6,-4.7267214080632056e-7,-6.170591651292215e-7,1.3440647729230768e-7,8.526935556855525e-7,1.0078362883505455e-6,1.6689284520684378e-6,2.162327242375712e-6,1.52365551741686e-6,1.0095040381841662e-6,9.958562076703141e-8,-6.799034619251227e-7,-1.8295249239906223e-6,1.3546576857268666e-6,3.021029982435104e-6,1.8668764850539266e-6,2.22141965789802e-7,-6.159108986004726e-7,1.2359799360403598e-6,9.888698300587716e-7,1.3826932399353915e-6,7.253211582418044e-7,2.9592434853257147e-6,3.412170205046431e-6,2.823031327968142e-6,2.8744210817988072e-6,-1.6588685459904577e-7,6.400269400034633e-7,1.8834593461730338e-6,1.1534439204044977e-6,5.093268508865751e-7,-2.1536236274469597e-7,5.167657766200023e-7,-1.2409142431590567e-7,-7.592250912550139e-7,-1.4724734944589916e-6,-2.461845332006282e-6,-2.2093658745732148e-6,-1.6624543087141576e-6,-1.1463076579705317e-6,-9.380678632528718e-7,-2.157141703475184e-6,-2.3491842784202887e-6,-2.194655500459116e-6,-1.4291771241129284e-6,2.4842225465597685e-7,1.4406586020745457e-6,2.8358666421905923e-6,1.8749811415396588e-6,3.7226051947689554e-7,-9.1929839529709e-7,-1.0188289596667e-6,-4.5622856967107943e-7,-8.843026645884733e-7,-1.155099678000029e-6,-1.568153056350333e-6,-1.9997837142890342e-6,-2.349787871777287e-6,-1.9538829129030975e-6,-1.6964226771624223e-6,-2.222232042547347e-6,-2.9495964776488543e-6,-3.3957287843715613e-6,-3.535070766675417e-6,-8.882662495518308e-7,3.980455768551479e-8,1.0694479405851862e-6,8.567073046441828e-7,-2.6585089741603867e-6,-3.740825828389333e-6,-5.1570570957887554e-6,-4.8376548704365534e-6,-3.844421285920019e-6,-4.374984258942905e-6,-3.029339817362224e-6,-2.092842613076412e-6,-2.3493270234844664e-6,-2.4306805467055147e-6,-1.9376945258201727e-6,-2.3080763115805997e-6,-1.148800415817041e-6,-1.0043227459288941e-6,-4.471881712690079e-7,-2.905145619384745e-6,-3.4246164845426553e-6,-4.6005593683690205e-6
5.283372709297867e-5,2.5018125513901593e-5,1.273270102057726e-5,5.399593828180258e-6,3.1469773785046614e-6,1.0794905097617968e-6,1.5857285830901268e-6,4.682710215145343e-7,1.3078030871624771e-7,6.197703729955537e-7,-5.6610839577442115e-8,-5.735668811985623e-7,-2.1655565677442236e-7,9.031793212436301e-7,1.6482070730349116e-6,6.791430847818619e-7,9.53731439857068e-7,1.9510198949694097e-6,1.1413110054040233e-6,6.707823111122648e-7,2.520030673629568e-7,-4.159631473435589e-7,4.010939847043213e-8,-5.87162369883165e-7,-1.4141052822372408e-6,-1.2864264072047497e-6,-1.1729180761945795e-6,-9.06823934214816e-7,-9.123524939585614e-7,7.956977913316178e-7,7.577178056039855e-7,1.1008821938331797e-6,5.733997556845086e-7,4.122557920804653e-7,-4.220438939875654e-7,-7.278528908969471e-7,-5.642115788339833e-7,1.5110825264061525e-7,2.518202658417241e-7,-4.2083820857694073e-7,-9.322002934290952e-8,1.1967897975094228e-6,1.297952068124125e-6,6.246282062273709e-7,1.0355549975086126e-6,6.562144311338726e-7,-2.1929891484801147e-7,-6.415067066796991e-7,-3.7529066624717655e-7,-1.0366225136518223e-6,-1.755266745008085e-7,1.9301033305512683e-7,-1.435455273902434e-6,-2.057595181229423e-6,-1.337576324338748e-6,-6.272653133599675e-7,-3.192431720539924e-7,1.1770502888307013e-6,2.667309993073878e-6,2.085531656862784e-6,1.3232646181978822e-6,-1.4635959641329288e-7,-3.5221315633892696e-7,8.051988974392539e-7,6.946273296229341e-7,-4.5717589918909054e-7,-2.1259356157655043e-6,-1.7868183644988434e-6,-2.0075343077860117e-6,-1.2770826070772658e-6,-1.578891910412883e-6,-9.239327139607719e-7,-2.419205067161104e-6,-8.302556879238029e-7,-2.435987669428307e-7,3.2682446783125824e-7,-3.4277214850752393e-7,-7.108507605228757e-7,-8.179771392523863e-7,2.7722331441291236e-7,4.4961059458219814e-7,6.212335613299895e-7,7.036466636143772e-7,1.1835632639032618e-6,1.0617610381663489e-6,1.0736614561367388e-6,1.2625837378346023e-6,1.1222028567529672e-6,1.1539703448741508e-6,1.0018390636441328e-6,1.0107160958070847e-6,4.0436409595543324e-7,9.308150005062819e-7,-1.6619371809957136e-6,-1.69669367584609e-6,-1.8287763915758947e-6,-1.4823884725544314e-6,-2.33911834081337e-6,-2.3589521166453452e-6,-2.0539342339354733e-6,-4.401641167535108e-7,-4.0840321198650426e-7,-7.900822283744728e-7,4.09774795655059e-7,5.36024273552933e-7,-9.229666800368699e-7,-2.1502854319843804e-6,-9.440677856389493e-7,-8.058194727909514e-7,2.818897338301776e-7,-1.497758039703759e-6,-2.130700589991978e-6,-1.549611372674863e-6,1.0089894848219449e-6,1.6407062525709022e-6,1.3408892302067619e-6,2.6835564510412536e-6,1.3700275149366944e-6,4.6490502306878685e-7,-3.9462659655951573e-7,3.0024955178830076e-7,-4.563853288517387e-8,-1.4930400642398626e-6,-3.1743892809401766e-6,-2.510019021799159e-6,-2.522440276762567e-6,-1.8423498858275363e-6,-2.7127979527432022e-6,-3.1455722290697345e-6,-2.0861551665882604e-6,-3.0216698593043666e-7,-4.3820212731222305e-7,-9.934301971649659e-7,-1.2877439937792396e-6,-1.7610985704926217e-6,-2.200201574653217e-6,-9.237701446743111e-7,-1.201503268790208e-6,1.1279515138418205e-6,2.7380692059119526e-6,3.5395169234051103e-6,1.4574879111682626e-6,2.1455842138235283e-6,2.3627755123954452e-7,2.108004815815937e-8,-1.1870141018581963e-7,-9.173622276274411e-8,-1.008082957696513e-6,-8.773716944339832e-7,-8.378187340083406e-7,-1.7378854484748709e-6,-1.898651972462359e-6,-8.140888302380313e-7,-7.324101449693356e-7,-4.928223553536449e-7,-7.756195255533817e-8,-2.1001570038290272e-7,4.99894849067776e-8,3.834117915039395e-7,-2.9418904786556105e-7,1.127596623733612e-7,-1.2202722744434897e-7,-1.251572649797996e-6,-1.6059272047117418e-6,-2.8720152216911093e-6,-2.0726619533914614e-6,-2.7429573870924803e-6,-1.714726490358452e-6,-1.565505003975507e-6,5.95702506408516e-8,6.868544545696778e-7,2.387528549838214e-6,2.7889780100049555e-6,2.430789463223842e-6,2.452246058710941e-6,2.1999982784082834e-6,1.3252770099910012e-6,8.52122490290993e-7,-1.6821879947144424e-7,-1.6994257676823517e-7,-1.5076747938784019e-6,-1.0964711116884103e-6,-1.7375791369411575e-7,1.112977101074909e-6,1.0948264615599881e-6,1.3680773225641656e-6,1.863610484432168e-6,1.5559828641071087e-6,9.781151384249768e-7,2.9653084284984716e-6,2.7293645804105182e-6,2.7924830954523865e-6,-2.3609633469268593e-7,-1.4129779746842493e-6,-1.446928194021182e-6,-1.2181480665522076e-6,-2.0368262417849337e-7,-1.3368901669956923e-6,-9.654907867873262e-7,-9.089537828426973e-7,-1.538108477592186e-8,-8.447486582499713e-8,-1.1035754170377099e-6,-1.0305922899299784e-6,-4.389926392552207e-7,-7.229948368450857e-7,-4.984112663991315e-7,-4.405863087066158e-7,-9.700189322210206e-7,-1.6742012110173172e-6,-2.6237991919207514e-6,-2.4994010983403867e-6,-2.6731148682589194e-6,-2.2733169679367538e-6,-1.244855723209213e-6,-4.5311737892388826e-7,-2.273903929949e-7,3.231483072092654e-7,-2.289185140637107e-7,-1.9056903010003784e-7,2.2958919440043186e-7,7.92204043456772e-9,-5.275038667044334e-7,-8.501583446346536e-7,-2.573013676663986e-7,1.647167271867747e-6,6.405392439917209e-7,1.4856913956204945e-6,2.2910146882997883e-6,2.1753303754294325e-6,1.6942950511485463e-6,2.609512309292069e-7,3.193471917730866e-7,8.209463281883799e-7,1.6596640445378504e-6,2.1131020424109695e-6,8.161293206382734e-7,5.060997552549271e-7,1.2496056753811322e-6,2.6994831168333877e-7,-9.413113016224678e-7,-3.0412986386075027e-7,-1.3989615566122028e-6,-6.449650647488623e-7,1.6010944644013274e-7,5.638849763300066e-7,1.1956540318925295e-6,-8.336267671055265e-8,-1.0418372497764725e-7,-1.361848821219996e-7,3.281497288665893e-7,-6.935679984571414e-7,-2.3013763370081443e-7,-3.311879000962584e-7,-8.869672271452701e-7,-8.472391612276473e-7,9.84178611671563e-7,2.4033915277141297e-6,2.4684517337793845e-6,2.934962847575081e-6,2.562106617115093e-6,2.3774871183070776e-6,1.1445252537279709e-6,3.804301065880472e-7,3.6453396623222026e-7,6.280159018369856e-7,9.166164907586489e-7,1.5866592879564955e-7,-4.533543787543471e-7,-1.6927230590210426e-6,-1.8523521991605961e-6,-6.779635081750777e-7,1.3877893687349858e-6,1.9629518956118726e-6,3.0781710579860797e-6,2.814427083333267e-6,2.8132443164391504e-6,4.4309334571439324e-7,2.916892084173337e-7,-4.37883893650208e-7,-3.962376558416471e-7,-1.5655976830466923e-6,-9.60211901962708e-7,-1.701761622016635e-6,-1.713199342925856e-6,-7.697649163165909e-7,9.919849807133236e-7,6.844428516799414e-7,3.1487812731968353e-7,-6.701006519556049e-7,-4.4781281641042614e-7,9.492526242950634e-7,9.027416454894452e-7,-1.7572041728027464e-7,7.137125923757315e-7,5.439455705764768e-7,-4.849784215813214e-7,-8.547155359134832e-7,-8.005134775502703e-7,-1.673158734052609e-6,-1.4221276458158256e-6,-1.8286656761072467e-8,-1.2650059897676753e-6,-9.607628809207002e-7,-9.944455817799723e-7,-2.535226095406605e-6,-2.429314386018438e-6,-9.664617106442736e-7,-4.7459317552040634e-7,6.864592679049904e-7,-8.705298772304348e-8,5.241272483700372e-7,3.310071284852542e-7,2.8557874560038277e-7,-1.5088901997525337e-6,-1.1804279825091414e-6,3.1985865744979906e-7,3.4126227503100894e-7,-1.6578564316649303e-6,-2.074464895645862e-6,-1.0924776637183164e-6,-4.908535835366229e-7,-1.0994790940408916e-6,-8.494642190362239e-7,-7.601521264701854e-7,-6.111515649390039e-7,-8.560516065372355e-7,-5.769006180030153e-7,-1.456157801957953e-6,-4.22787850891894e-7,6.769209218278741e-7,3.612872199774812e-7,1.0406082574985666e-6,4.458974587509736e-7,-1.094068243398294e-6,-1.4250853877538167e-6,-1.126444058508307e-6,-1.5564530807210367e-6,-1.5833529676365176e-6,-1.9253922605543374e-6,-2.7425758175529855e-6,-1.4652425884915665e-6,-4.5855117004702324e-7,-5.317928041312827e-8,-8.414053293350597e-7,9.159740863373741e-7,1.0925869806353373e-6,3.378485549694753e-8,-1.1588339158467144e-6,-6.170254046711417e-7,-1.8652357432529805e-6,-5.417589199541929e-7,-1.097490114485297e-6,-6.650561475566329e-7,-6.887344384614826e-7,3.771064387644109e-7,-4.0123220634568644e-7,-2.330434981031983e-7,3.936762654843255e-7,4.869736055520122e-7,-1.602320597344848e-6,-1.3647025903055791e-6,-2.6643311851191708e-6,-2.6292659309159444e-6,4.3909513358769373e-7,2.7065494678726496e-6,2.469969867317561e-6,1.2419420704841243e-6,1.1205669749105646e-6,-1.090127838028821e-7,2.607838423933842e-7,5.226277517646502e-7,2.3776708873329963e-6,3.64803961739707e-7,1.0334185274467657e-6,6.662118452704838e-7,-4.62005874723569e-7,7.837343321128108e-7,1.6396363157209195e-6,1.8791315742809557e-8,8.933499619656645e-7,2.7972032552694474e-7,-1.480020707055024e-6,-1.7096744087764307e-6,-1.5331829925290247e-6,-2.197761036869253e-6,-1.2010765492597329e-6,1.526764254333201e-7,1.653207352933695e-8,9.742002322581876e-7,1.0789416156072485e-6,1.1119478542869958e-6,-6.45224038586839e-7,-2.355576633929334e-6,-3.8219304462815244e-6,-3.109488729252857e-6,-7.718447390772752e-7,3.2378937460003986e-7,1.0051555979717618e-6,1.7565280268232297e-6,5.560111928644629e-7,2.3706819747902653e-6,2.7043248075216567e-6,1.3064092578149904e-6,6.441005160844017e-7,8.987195133179859e-7,8.278344503456575e-7,-9.918482799998835e-8,-1.1877174329788488e-6,-1.0066001533339246e-6,6.303565315526987e-7,1.00620293565385e-6,1.9541188785730577e-6,2.1384871600519485e-6,1.8752035198186485e-6,1.940647634669988e-6,1.1610332121961406e-6,4.2349132759386066e-7,-3.7173561982450945e-7,-1.3215222111265041e-6,-1.894089558339689e-6,-8.256509166381184e-7,-6.516448687343588e-7,-2.0952499900624277e-6,4.514241683967955e-7,1.727140291489976e-6,1.3713609782008195e-6,1.1435884273030773e-6,2.57199964962169e-6,3.4789498718990166e-6,9.47536652399405e-7,1.241932149205007e-6,1.6315142534703164e-6,6.580085747258081e-7,1.6860577833967105e-6,1.7066958599097522e-6,-8.718247480134573e-7,-1.3269574360574419e-6,-2.09723036065239e-6,-1.3101826742400979e-6,-5.547956534482573e-7,1.143154378558197e-6,-8.666160769588375e-8,2.7029646561236503e-7,-5.533877444291473e-7,-8.056825066271925e-7,-5.726076903542732e-7,4.461324801141336e-7,9.094994191811176e-7,3.237783054110848e-6,2.104430564965326e-6,1.5049628123794532e-6,4.6845131932953145e-7,-3.131493661493457e-7,2.984384960906707e-7,9.798967836902688e-7,1.2295236847136797e-6,3.7948496031311526e-7,8.491022492737017e-7,3.5259972478725616e-7,-1.1818809915218602e-6,-1.0491194945571787e-6,5.126799901977886e-7,1.8401872268888454e-7,2.084191146931868e-7,5.229424168486221e-7,8.047581934656467e-7,-1.3786451577520842e-6,-2.057192825668993e-6,-3.0778505773360764e-6,-3.991624325795993e-6,-4.129773572549924e-6,-1.3956513022926456e-6,-3.8924007072540484e-7,-1.8489807509609456e-6,-2.78257941100865e-7,-1.2646513612785245e-6,-2.2740197775733594e-6,-3.629971180965829e-6,-3.841043144923964e-6,-3.233355841660621e-6,-1.141584030605886e-6,-1.5420090345743052e-6,-1.481578994394534e-6,-1.4215085833398393e-7,7.522732764298128e-7,5.491038087840582e-7,9.501725229871302e-7,2.3443234070691014e-6,1.1940944946504938e-6,8.561385899395807e-8,1.2496740264392045e-6,2.3721366895453705e-7,1.1479059636276162e-6,5.480818409931842e-7,1.7032961890219728e-6,3.199812840560655e-7,-8.578390039362682e-7,-8.940516425608003e-7,-8.673060156843378e-7,-4.910693962192011e-7
4.504726381655138e-5,2.1721199150715488e-5,1.0324472567540929e-5,5.4839586233708334e-6,2.965265866358392e-6,2.0962325825938245e-6,2.515861389093087e-6,1.0667394710687706e-6,-6.530569310992629e-7,-1.2474110126412745e-6,-1.3240573695243979e-6,-1.0833019125297122e-6,1.4752338762712174e-7,2.4120842515922534e-7,-6.708312596061669e-8,9.130516727875521e-8,3.2505017548265866e-7,6.21987237705202e-7,1.7692376915488602e-7,9.148460094072197e-7,6.702023790633754e-7,1.2631460180349055e-6,1.6933899950544667e-6,8.201400183481922e-7,3.883812668749805e-7,1.684538679863861e-6,1.9447678990357805e-6,4.557040314427463e-7,4.894399742392816e-7,1.8016967136102866e-7,-1.0375326399431925e-6,-1.063327976446882e-6,-1.3788590896343474e-6,-1.3974813030165493e-6,7.811677837690088e-7,2.79602287689326e-7,-3.296604740592226e-8,-3.902538543142826e-7,-5.848655078998486e-7,8.117254042500774e-8,8.624222734469308e-7,5.030680741808458e-7,6.229054240680473e-7,1.009119788359396e-6,1.5256318570851358e-6,1.3167234775044117e-6,1.633444282985946e-6,2.985060958569316e-6,1.821313128443436e-6,2.443315966565413e-6,2.272723839246338e-6,5.97783125736099e-7,-4.6730887736916774e-7,-1.7098603272773863e-6,-1.8940765943689134e-6,-1.9185082952954795e-6,-1.2814732467732397e-6,-1.2580417046961556e-6,-5.281825237879976e-7,6.286517792610281e-7,8.339927996056851e-7,3.9485479975486545e-7,3.628281462247004e-7,2.0527215790667582e-7,1.1133047637973816e-6,1.8450015494979884e-6,-1.481049504368977e-7,-8.051269414798407e-8,-3.99212555268448e-8,5.071796655695274e-7,3.937579333609938e-7,-5.2596073441323624e-8,-5.750872127296459e-7,5.614223844164599e-8,-8.183887753426783e-7,-4.949960338412102e-7,5.523614818531813e-7,1.4356775975807474e-6,6.696110338152617e-7,3.76969664478179e-7,1.7461869000731996e-6,1.7007070896327485e-6,8.825566570591355e-7,1.0404978002615393e-6,5.188050459162836e-7,4.560703070584788e-7,6.829697526629607e-7,8.462297399243471e-7,-4.138284562986801e-8,-8.410644731271531e-7,-6.106928791229086e-7,-1.1264924984821397e-6,-5.005431155087102e-7,2.8509606478480143e-7,-3.428957245353886e-8,-5.614985666254854e-7,-9.641727356531985e-7,1.0291533605562041e-7,-1.1846094579180221e-7,4.5764582516862125e-7,6.86267931274954e-7,-2.1397851001642827e-7,-1.3291628697782789e-6,-1.4876865126888844e-6,-4.052659979007767e-7,6.419350558628366e-7,1.371539040925532e-6,2.768333449110707e-7,-1.0511684839058357e-7,6.087758305422706e-7,-2.8668003859634326e-8,5.860940846400445e-7,-2.490097150974591e-7,-1.0517643924665625e-6,-1.5894882045665026e-6,-1.09455259879817e-6,-4.899523762939756e-7,4.3012302659731515e-7,2.5308406871869594e-7,-1.0017378441131836e-6,-1.4884256219849052e-6,-1.358562562425318e-6,4.973022269547807e-8,3.760745169882681e-8,-8.864768166571087e-7,-2.0465702604674416e-6,-2.2953055216515846e-6,-1.4533280942419035e-6,-1.0330223029650597e-6,-4.430150056678536e-7,2.9959544409200827e-7,4.1034927210318637e-7,1.420256621367472e-7,8.262164622724755e-7,2.0401968546502873e-7,2.7602952750006877e-7,-3.0662355285312385e-7,-7.54320095037109e-7,-1.7103103668161664e-7,-2.5595913331992223e-7,-6.997575426630427e-7,-6.011237434741343e-7,-7.180492656091075e-7,-1.457191626772749e-7,-4.265510459774632e-7,-1.0646090189416078e-6,-3.627423157866716e-7,-1.4003298847829119e-7,2.125465224549809e-7,8.320590716031349e-7,-1.534069513190931e-7,-1.4309757472992673e-6,-8.162098160766902e-7,-2.0463817051258187e-7,-3.4751835768523806e-7,3.9543134222448844e-7,-2.969390055165882e-9,-7.710787024889876e-8,-5.967023433051874e-7,-1.217503886401572e-6,-1.7976158844892333e-6,-2.016522504384614e-6,-1.912081196300364e-6,-1.3512530890920355e-6,-1.6813801546578944e-6,-1.946689690120883e-6,-6.355189310783885e-7,7.79986187624631e-7,-2.3546585979012677e-8,-6.200937446417138e-8,-5.8028939531664575e-8,-1.23054868852214e-6,-9.89583874521535e-7,-1.83794908549305e-7,-5.577653932448344e-7,-1.1293408935579139e-6,-1.0761620468107595e-6,-1.065688915401384e-6,1.1823102236491125e-6,1.7633093735517775e-6,2.387659364377981e-6,9.95886651777342e-7,3.9071775258080006e-7,3.9348432293459345e-7,2.5597842342224147e-7,-1.9003175709482312e-7,-9.561786504057543e-7,-1.6157082908209382e-7,6.303739409622064e-7,9.464928788581031e-7,6.064472044561073e-7,1.5084667306670252e-6,2.0165586784368104e-6,1.3344099066469204e-6,5.899069699080888e-7,-3.3912154069712205e-7,-3.260803536622804e-7,-6.318504242005331e-7,-1.3574337008847469e-6,-1.2558663004456321e-6,-1.4143009400790167e-6,-2.0416198297497765e-6,-8.544765767073688e-7,-7.099133590970151e-7,3.296206146895171e-8,-4.4567867482106854e-7,-3.1720247212940655e-7,-5.337318328027484e-7,-2.1574960414007233e-6,-2.158955988953937e-6,-1.6829876431596543e-6,-2.1745960680066518e-6,-1.2695493476641656e-6,-6.624630689974891e-7,-3.3260888308503766e-8,5.99216561657888e-7,8.647654239908264e-7,1.0498288041149963e-6,-1.1270840803816696e-7,-1.208914788162827e-7,-4.5894290493606024e-7,-2.65602473078042e-7,-2.238307389683926e-7,-9.415362354210952e-8,1.4836589039597058e-7,8.522305993822563e-7,1.8943524940076344e-6,2.237022102414236e-6,2.201250830146012e-6,1.1080674180577295e-6,8.04654252155052e-7,-1.0832949884745221e-7,-4.6387000223777596e-7,-1.8348039645990412e-6,-1.374855739075675e-6,-1.3262415847901312e-6,-1.5244007068160578e-6,-8.884529684862141e-7,-6.388828980350987e-8,-3.997349135728281e-7,5.059702958771894e-7,-1.2120959668060347e-7,-1.7392550840752446e-6,-8.530642138360521e-7,-5.725771495918658e-7,-1.1859790381906075e-6,-1.166705266704396e-6,2.3927965890700447e-8,-8.22384857899848e-7,2.1585786466511532e-7,-1.0020274723508722e-6,-8.188226255672267e-7,-4.0438210862073586e-7,3.594631944208341e-7,3.4027407123550424e-7,6.108181141670125e-7,3.718043909702105e-7,6.323283844447272e-8,-1.8872452920743572e-7,-6.937006884922903e-8,-8.343822607077629e-7,-1.3516775655039085e-8,-9.997415539341126e-7,-1.5243003695024599e-6,-6.131012192721294e-7,-5.395657977156656e-7,1.4599456863000986e-6,2.237568969696149e-6,2.474708434580507e-6,1.6936456830479901e-6,1.1531951537673338e-6,4.421500061206088e-7,7.500047700414164e-7,1.405766086258682e-6,1.667760001140373e-6,4.4757759939403614e-9,-1.5451064170420426e-8,-4.516811355066937e-7,-5.701754555881533e-7,4.871164369895186e-7,5.612278402533948e-7,1.770170384752513e-7,-3.289263081843852e-7,-8.259755572623028e-7,-1.4551980299613701e-6,-1.448844146579907e-7,-4.94177855853139e-7,-7.97087430795715e-7,-1.5797493666177191e-6,-1.2811814885985932e-6,-5.427989112645646e-7,-4.2448970162616126e-7,-1.1075122838029817e-6,2.0901140340627144e-7,-6.9943066754935e-7,-4.5787245220557734e-7,-6.287336377479796e-7,-7.769503883834338e-7,-1.4748919239515834e-6,-2.446606329870888e-6,-2.169779870646618e-6,-1.923529497890604e-6,-7.917936612593446e-7,-1.5276180012609875e-6,-1.4192187676782723e-6,-2.179784568538969e-7,1.4829537381686875e-7,7.027658899532569e-7,8.75455811118839e-7,8.511198688132877e-8,8.299333527334895e-7,1.1912000435701328e-6,-1.1614050441469476e-6,-1.5120962516851945e-6,-1.8397846817183265e-6,-1.6407880983801364e-6,-1.2616458986495237e-6,-2.132994069778247e-6,-1.6811733677302654e-6,-7.722365424966041e-7,7.242481829230103e-8,4.2658790764434425e-7,-5.152110993138894e-7,3.97134520887585e-7,8.768723320943196e-7,1.2024455151016661e-6,1.2334054222948226e-6,2.1228027232784727e-6,9.317771273799776e-7,4.0705693814007476e-8,-9.275443211699285e-7,-1.7469116667427644e-6,-1.2517242800059898e-6,-1.351666323781892e-6,-1.0721229000171913e-6,-1.2723704941635824e-6,-1.4283217755275574e-6,-1.878271999681798e-7,-1.2574532610436002e-6,-1.3042487174768573e-6,-1.9151973297022024e-6,-1.8005384132900127e-6,-1.6231653907072992e-6,-7.134739720944636e-7,6.518230631764288e-8,-2.6411140644923014e-7,-1.0136498444969757e-6,-5.22994222785046e-7,-6.092465205624816e-8,-1.4489879436392693e-6,-2.025793320346199e-6,-3.1945266886241586e-6,-3.8092629350920115e-6,-3.3010044029572378e-6,-3.2301736115605873e-6,-2.6557593088897774e-6,-2.0119425343263555e-6,-2.9843016535925503e-6,-2.1970082488693067e-6,-6.035403021787908e-7,5.208468685323622e-7,1.1965118579585472e-6,1.1624460019775423e-6,1.0847276458769175e-6,9.338676137611483e-7,2.1007802293062223e-6,1.7310747640530054e-6,1.9077397067453253e-6,9.05156425529232e-7,6.30931077898331e-7,1.241326760314326e-6,1.4210981129860588e-6,1.0590748614746094e-6,3.160356483091199e-7,-8.052145389959864e-7,-1.5755919302038067e-6,-8.75314077539764e-7,-1.6040213972948128e-7,-2.859433571478371e-7,-3.3950870375872924e-7,-9.911344054138013e-7,-2.032585340646414e-6,-2.2468847230465256e-6,-2.398377876137663e-7,4.203234401482719e-7,1.0249458306085412e-6,9.429803820174278e-8,8.989250551886625e-7,5.217318322566661e-7,-2.7603757888072197e-7,4.0936857472042247e-7,8.762535164573271e-7,-1.5114792019893688e-7,-7.009321689519246e-7,-4.6888859051482936e-7,1.96875591361411e-7,4.378100579061219e-7,1.6754216784983515e-7,-1.2714937757232143e-6,-2.3907298673797057e-6,-1.4550599687453857e-6,3.5786333961894317e-7,1.1001780710326987e-6,7.271115903860425e-7,1.3187608029523048e-6,6.834650580592996e-8,-1.0909672569035886e-7,1.2779189370351856e-7,5.396171112201117e-7,-1.1476732637884302e-9,5.582510820697761e-7,7.019428710618911e-8,9.79753936252258e-7,-7.761771429272439e-8,-5.310728829598024e-7,8.864012161220285e-7,8.043371809678576e-7,5.465994886149674e-7,1.892156871604907e-8,1.0248777082299906e-6,2.813807213069195e-7,1.7807659288964873e-7,-1.5781159026361956e-7,-1.3077821203193396e-6,-2.160492921193682e-6,-2.1368994859646663e-6,-2.0969169367190825e-6,-1.2297448222232963e-6,-7.283324584349927e-7,-3.738708254137534e-7,-6.79895413400395e-7,1.8996841352999467e-7,-2.9157323304613284e-7,-4.1980824834524475e-7,6.369375437436515e-8,-2.4749525424427075e-7,1.2510356612839628e-6,1.1048310196756625e-6,9.687378559692034e-7,7.346124441280698e-8,-2.6237371289929616e-7,1.1933411338765466e-6,1.486034432167375e-6,1.3717705937893044e-6,5.904457131500743e-7,4.4329508192201824e-7,2.2589876015642863e-6,2.2659499820276967e-6,2.1751149851639045e-6,2.0120500036139623e-6,-6.361609978404489e-7,-1.0373706792689212e-6,5.170246995524309e-8,4.853864401528344e-7,6.715393438378465e-7,1.4694827166507035e-6,6.967016230553057e-7,9.48777873779906e-8,-1.0296450885333683e-6,7.18714313921362e-7,2.0333637873793347e-6,1.7714472082229321e-6,4.891008229111861e-7,1.5068191373603645e-7,3.303159976376253e-7,1.7674930567996885e-6,1.250806624004587e-6,7.263398493482886e-8,-3.959716310349728e-7,-6.577367288628152e-7,5.481374548392795e-7,9.071607354885016e-7,1.739793138989144e-6,9.214904867311132e-7,7.453088955985161e-7,2.1941086161955873e-6,2.5213364914000624e-6,2.991461913818162e-6,3.25143592824131e-6,1.5922193386063613e-7,2.1439891927561233e-7,1.4611833812982929e-6,9.650971628845427e-7,1.4937181649005273e-6,1.5348981782171982e-6,9.142650193712088e-8,-1.3855933630961534e-7,-1.1503948578908516e-6,-1.4009495034758835e-6,2.7727587545571303e-8,-6.731097088583306e-7,-1.3987626082537094e-6,-1.1246687572145931e-6,-7.646628741558382e-7,1.3100571873787537e-7,7.616832650121092e-7,1.298789269815838e-6,1.1871478730856653e-6,1.6458155710271119e-6,2.0085871160074378e-6,6.771372100452912e-7
3.5423881896219e-5,1.6303092591010145e-5,7.727046422631976e-6,2.7328399928679794e-6,9.441955065991387e-7,1.3975967366833026e-7,6.775922503359897e-7,6.548815160458531e-7,8.506733636758145e-7,1.070504925176651e-6,3.4787592499630445e-7,-8.594930657856375e-8,5.816774758811429e-7,8.769740259301994e-7,3.022354314174814e-7,7.293882139286208e-7,3.400123316230176e-7,-5.082916299974397e-8,1.9213822877341197e-7,-3.7335309288089424e-7,-1.0989411764019434e-6,-1.4215822284115386e-6,-1.2224651532249123e-6,-1.1357460420202002e-6,-1.3870532301062156e-6,-7.08988033303715e-7,-5.997930904243504e-7,-5.26213483125464e-7,-5.089769359730394e-7,1.489413473296244e-7,-1.939729844554462e-7,3.223431183246308e-7,1.1477936452331261e-7,-1.9101160355268053e-7,-3.0555249189908774e-7,4.39865612791983e-8,-3.4887412223674735e-7,-6.186204969348835e-7,2.779219271820754e-7,1.151700749673293e-6,5.709368726789144e-7,5.590060202992813e-7,8.928223334111933e-7,3.8560715506558404e-7,1.3261365024429817e-6,1.6373158608423763e-6,1.6499694354911032e-6,1.0944993064834852e-6,6.437457993632034e-7,-7.801583863949376e-8,-4.28688680043761e-7,-1.8437610195519652e-7,2.1474813130868783e-7,-4.248506272797925e-7,-1.2979175083422014e-6,-1.6974671170456795e-6,-2.053126714918806e-6,-7.809594637363571e-9,1.9780058961267045e-7,1.231281905753556e-6,1.2105033368355854e-6,2.938304316685072e-7,-4.654644554155851e-7,-1.195469605865648e-6,-9.155736119346507e-7,-1.088920971097284e-6,-6.359168526728876e-8,1.053612040533515e-6,3.583849597953215e-7,-8.279050977502027e-8,-1.2895411947333762e-6,-5.398360547972993e-7,4.0527390485647414e-7,8.33801454039759e-7,1.5936166600033883e-6,1.5533718539200731e-6,1.599446788465026e-6,1.0020123662986772e-6,1.0351343966874594e-6,6.607649916369605e-7,6.729507033723509e-9,-8.211924386384325e-7,-8.788373239078052e-7,-4.4216999024240427e-7,-2.2812871151236676e-7,1.6150601748012903e-7,1.5574720800633195e-7,3.9673499731234584e-7,2.788846129915072e-7,6.741817161233195e-7,1.1197441987555278e-6,-2.532782231562154e-7,-1.3223503637565823e-7,-1.3589179074214516e-7,-3.4834715250999325e-7,-1.4234501117704296e-6,2.876959983665816e-7,-2.5356728207228095e-8,1.2005017038269912e-7,2.1426147127642762e-7,-4.5426773385254865e-7,-1.2364614986343002e-6,-1.1349795573358905e-6,-2.164329324576778e-7,-5.388254975660566e-8,-3.455729680130266e-7,2.025683882819724e-7,1.317399467260468e-6,9.249472751410202e-7,8.26826268033154e-7,-1.5434895631553253e-7,1.5234646285023782e-7,3.5515136526898614e-7,1.0202907268894321e-7,-4.29129834536658e-7,-4.259541564352227e-7,2.7028321465537276e-7,5.774270247667936e-7,1.132171587672727e-6,1.273515530615318e-6,9.578002977811597e-7,1.2788058604757437e-6,7.958624009454745e-7,1.0203820659714374e-6,1.0334570184629845e-6,9.700695713531427e-7,8.673005418298445e-7,4.341115670668761e-7,-4.561036250061682e-7,-1.067668041301511e-6,-1.3853428290390143e-6,3.408622972216493e-7,-2.202738997949699e-7,-7.651935766333684e-7,-1.0108113425110594e-6,-3.7456916039432176e-7,-1.3424530800794643e-6,-1.3455089353761997e-6,-3.0798805237375013e-7,-5.419090624689366e-7,-7.628049208614474e-7,-1.0477053310574198e-6,-8.38273122869725e-7,-3.516546371426951e-7,-1.3517246852334822e-7,6.246336617159102e-8,-5.043216956690486e-7,-1.1952363185639542e-6,-2.2663875571568172e-6,-9.410002679776124e-7,1.1330095055178661e-8,1.9847070319684838e-7,-4.557067488813701e-7,6.336481868597919e-8,5.4859052593461483e-8,-1.4618502950687847e-7,2.3916113947846163e-7,-2.4496472760174066e-7,7.866565918601817e-7,7.943487933249156e-7,2.215480396205936e-7,7.546551834763617e-8,6.253024679807118e-7,1.0376323445267362e-6,1.0186196370401429e-6,3.200391203290546e-7,1.0125440730558416e-6,1.8392555128577218e-7,3.662192935893773e-7,-8.24067430939586e-8,3.1353119473751536e-7,-1.4251689521613347e-7,-1.0774906853479197e-6,-1.1658315726018176e-6,-1.4481302023621881e-6,-2.519560133330016e-7,6.654869724848637e-7,-7.238458720381306e-7,-6.553489952603857e-7,-7.648080638949248e-7,-7.303613977606887e-7,-1.1666107741786078e-6,-8.002829527403628e-7,1.1318577277633332e-6,1.4288601769227515e-6,8.625459838212857e-7,4.6040627425853813e-7,3.4537376532367387e-7,1.1253446455473232e-6,3.5241983184120096e-7,-8.370366612554128e-9,-9.285540467237132e-7,-7.95605260219404e-7,-7.101165447049296e-7,-5.616490395425704e-7,-4.2952019060816987e-7,2.3703790023656835e-7,8.847394555980308e-7,1.0220760257954468e-6,1.6645214179890498e-7,-3.4157072975376245e-7,1.7759970472435138e-7,3.1558938882037755e-7,6.128601911981131e-7,-1.2312374017683464e-7,-5.539235028931188e-7,-3.726463686468829e-7,-1.0606274167336427e-6,-1.0986959100140982e-6,-1.519817440999676e-6,-1.0785678378467291e-6,-1.3200651816979758e-6,-4.0852744167604717e-7,-7.769248019620338e-7,-1.327192926507495e-6,-1.5687432706172068e-6,-1.9320347815959416e-6,-1.7256325715635555e-6,-2.7849421376601005e-7,1.6439034774148657e-7,1.010865458157434e-7,-7.360190822404148e-7,-1.0603573709187317e-6,5.204695298226351e-8,1.0827258768785113e-6,1.2116120766771865e-6,7.232524899867724e-8,7.480748804742304e-7,1.4257902916085961e-6,7.143686258076343e-7,-3.167899768688278e-7,-5.001044115126469e-7,-9.157871941732817e-7,9.794438228547361e-8,7.053078890133762e-8,2.968026918451703e-7,-1.3076848626889745e-7,4.1826010779454714e-7,-3.208564232785398e-7,-1.1483281322092678e-6,-1.9795548675980408e-6,-6.089387661118148e-7,5.614413568713871e-7,1.803123020775229e-6,1.488393931982142e-6,4.832606863434418e-7,-5.6750348189295e-7,-1.0226110228799913e-6,-5.059230343346982e-7,9.705844365381454e-7,1.5423638706704408e-6,1.562000651266832e-6,1.6880145816343134e-6,1.368593255298943e-6,3.8734887742820855e-7,1.7272149272046363e-7,5.59973177358422e-7,-2.580433401257317e-7,-3.160995951139175e-7,-7.441816969954598e-7,-6.436336209197912e-7,-2.0215677539524446e-6,1.3444243958175153e-7,6.246220741875617e-7,1.4435370140890581e-6,3.76501454527129e-7,-7.750404863768189e-8,-1.1180471095395448e-6,-6.413141076829345e-8,1.3812632929788527e-6,1.4120312748695699e-6,5.829425934493531e-7,-5.0674690466243134e-8,-1.824109078675284e-6,-1.4142429059834453e-6,-8.771363269870442e-8,1.3485603639484864e-7,-1.6239590166880057e-7,-1.270855455337216e-6,-1.8511223770730233e-6,-1.9488132674775574e-6,-1.0777992196758348e-6,-4.847001418580654e-7,1.914439616692845e-7,-4.641434253759845e-8,-1.6249466800086473e-7,5.953987522932017e-8,-2.399410923387823e-7,-1.1041445135470272e-6,-1.0813128573602305e-6,-1.3704276875680927e-6,-1.4439811498642694e-6,-8.252050846773704e-7,-2.0132872044160926e-7,8.310640398433029e-7,6.538716677514787e-7,1.1770330958652687e-6,1.7580500211377178e-7,4.2945281269622255e-7,2.412669193927009e-7,4.041822302890259e-8,3.395906033151364e-8,2.564777083666871e-7,2.696966410776226e-7,6.60017656260539e-7,4.7571371259740065e-8,5.7935508387067414e-8,-4.6976415141225143e-7,-4.4555072422443657e-7,-2.0988870606852166e-7,-1.192578708548349e-7,-7.188533651880342e-7,-5.570498705234186e-7,-7.664454119495302e-7,-2.786610088628803e-7,-1.6529609456665493e-7,-1.2526925046567443e-7,7.097359007135729e-7,2.1913664939575778e-7,-1.196168575292121e-6,-2.008800719530447e-6,-1.3305095237349065e-6,-8.345936893751705e-7,-1.2429737415520551e-6,-1.5587157702255528e-6,-1.1649480885039833e-6,-1.500498518813107e-6,-9.43697862515816e-7,2.805672737282766e-7,2.007768627630793e-6,1.2883443529274833e-6,1.1123141744787709e-6,1.084876830826681e-6,7.216400283592338e-7,3.053496441746995e-7,-7.407180982342917e-8,-3.290606659228896e-7,-4.0608394530204434e-7,-1.4143443860745327e-7,-1.396025306213908e-7,-3.5263723560920054e-7,6.633567517576543e-7,4.2552562748325595e-7,5.199828188674482e-7,6.145462262398701e-7,5.707204077869669e-7,5.513289686070883e-7,1.9404850704480064e-7,-6.142906588204518e-7,-1.1466870286878404e-6,-1.2006006798646862e-6,-8.226886626136775e-7,-8.860151167034293e-7,-9.562579835684364e-7,-6.058051314155442e-7,-5.545348944394188e-7,-1.6451782451495692e-7,-4.567094100876902e-7,3.865064510243538e-7,-4.5468129310320765e-7,-4.0151121215891577e-7,-7.236384457752084e-7,-4.7004962176742927e-7,-1.2143116158768558e-6,-1.1832446107314513e-6,-1.5688651455478046e-6,-2.2328457087972293e-6,-1.4799623598413656e-6,-9.016671860161395e-7,8.211325814438715e-8,-6.338892477485965e-7,5.557963488933739e-7,7.341531427309417e-7,1.264478521395234e-6,1.1321322137439888e-6,1.1283064689996545e-6,4.2420914217440517e-7,4.905192059847283e-7,9.877761273904811e-8,-7.3075278137740155e-9,6.394858749890937e-7,9.920007478905758e-7,-1.1954143401029657e-7,-3.775596734091842e-7,-3.257598025004986e-7,-2.1783563104697473e-7,2.3857373033758305e-7,5.762678550039892e-7,5.124751217232208e-7,5.726783296982605e-7,-2.56662669222809e-8,-4.819449020017687e-7,-1.0794695360176293e-6,-8.7269880202566e-7,-1.1831565207120712e-6,-4.509873690929148e-7,-1.449624919868939e-7,-9.14739419371859e-7,-1.412665508479205e-6,-1.2130459912901725e-6,-1.4149406943525891e-6,-9.791290217472184e-7,2.171252629175614e-7,6.911787831547195e-7,-1.3778709336126644e-7,-4.306791228381157e-8,3.398513822191339e-8,6.494979655509562e-7,3.1818918991438857e-7,2.6258811808653095e-7,-7.702510900304354e-7,-1.2444273936005124e-7,-6.301946110619592e-7,-8.808326830888556e-7,-6.873862772780417e-7,-6.580337674304784e-7,2.5742635828757205e-7,1.0159556392448777e-6,1.158471348051644e-6,1.9034212834578659e-6,8.41397324840119e-7,1.2446598656687299e-6,1.4135408295699834e-6,-6.185503230747448e-7,-1.1979048656363042e-6,-3.3912700570801105e-7,5.320435316421348e-7,8.247856660703034e-8,-3.569765829352466e-7,-1.5699974031450736e-7,-1.390975665555858e-6,5.579634272683353e-8,7.108279595228232e-7,1.9475427910372308e-7,-1.4209466590738602e-6,-8.619929885305371e-7,-4.1302498085006124e-7,-3.5766330824028813e-7,-7.097738434158519e-8,-2.9927368590361843e-7,-8.631116420583435e-9,2.7942548573823706e-7,-1.1349134273693953e-6,-1.0986856781758228e-6,-4.862367033253679e-8,5.290291553084837e-7,-1.78510604308688e-7,9.98795935957164e-7,7.407175627455561e-7,8.253070901123907e-8,-9.07841982130769e-7,-2.973279568586718e-7,-3.5386568870073935e-7,-7.536209274468929e-7,-9.701085441858568e-8,9.82790296313262e-7,5.466652102340337e-7,-1.864624375596899e-7,-5.545339578912291e-7,-2.303028407376774e-6,-2.4953410770413474e-6,-1.8887744125547062e-6,-1.7886316281640085e-6,-6.829944879206026e-7,2.494815035571319e-7,-4.6631416928287754e-7,-9.447852321206928e-7,-6.71634274820405e-7,-7.484110195115094e-7,-8.994545990655663e-7,-3.319951629777875e-7,-1.2087069808378655e-7,1.159777838273503e-7,1.443440889333012e-7,1.2639380606132793e-6,4.876738552145261e-7,1.4525285570549256e-6,8.405529333193019e-7,1.0824129018012505e-6,2.3027912885000302e-7,5.3037684616986e-7,1.026292889473252e-6,2.2991007110293657e-6,2.323845217130085e-6,1.9543392826524988e-7,-2.361936562059613e-6,-2.4769599842958947e-6,-1.4146055347034477e-6,-1.9169066738650196e-7,2.9763396372037577e-7,-2.8975550488291386e-8,-1.1126278822843561e-7,-5.400555059372874e-7,4.289444337758e-8,2.482977694520932e-7,1.0076987929001008e-6,3.434262609041442e-7,6.342810673072336e-7,-8.437749853830357e-7,-1.2235007891501633e-6,-1.09763361424576e-6
3.0201746811101544e-5,1.3344727044644555e-5,6.5369325679727616e-6,3.7884994620980345e-6,3.146935516386378e-6,1.245418835778725e-6,2.5810327852527795e-7,-6.387111553892648e-8,8.143199236302273e-7,1.1733267235402926e-6,3.8804641368812956e-7,3.0215832360352337e-7,-1.5136959585795382e-7,1.1484244468567345e-7,5.833482285472844e-7,2.040478442243951e-7,2.1702834167801887e-7,6.137633146304344e-7,1.5162296609954862e-7,4.595224696918047e-7,6.250261240677791e-7,2.496676895796684e-7,4.784815912972142e-7,-3.4722494274436995e-7,-1.8836695996846517e-7,2.0980322338693397e-7,-3.4138413402255804e-7,-1.242162006145423e-6,-1.2593636462270027e-6,-1.3315293294505009e-6,-1.2052337559539644e-6,-2.067113804479463e-6,-2.2608569534270925e-6,-1.4754964133452992e-6,-5.587498326243469e-7,-1.7011127152385045e-7,1.6141614108127077e-8,6.488822425754324e-7,3.857788541355272e-7,9.080766493026512e-8,-5.2947787918815e-7,-4.3432988493202757e-7,-7.751331858733188e-8,-3.2395456057879377e-7,2.7953705166572935e-8,4.087944052822581e-7,-2.0097934407742553e-7,2.0045768782833923e-7,3.8393616370463653e-7,-7.666827093660066e-7,-9.775623908779252e-7,-1.7944395351463116e-7,1.1718996494761748e-7,-6.38145205778495e-8,-3.8499350178260265e-7,-2.596595265472986e-7,-6.576314237334508e-7,-7.852155708432445e-7,-3.831801062771618e-7,1.42227457080967e-7,-1.3830743051207172e-7,3.3550097809737026e-7,7.496607594075805e-7,-2.6894583480061097e-8,-2.8918448246364355e-7,-4.96790047764345e-7,-5.877072223333721e-7,-6.890336371007516e-7,-3.7430148778447724e-7,-1.1100365522075281e-6,-7.85316179288389e-7,-2.9745323899653615e-8,1.7674729797250344e-7,1.746166144469317e-7,-1.2124763154794912e-7,-7.844182272152843e-7,-5.58226324228371e-7,2.489933971307658e-7,-3.8541257923824034e-7,-1.8321392275193001e-6,-1.5906794166311975e-6,-1.0823056600927285e-6,1.1397222326430425e-7,7.285303477981695e-7,6.708063757650783e-7,1.315252940932587e-6,4.961661435249492e-7,2.300193873160358e-7,-9.450471258436819e-8,-8.679391333648719e-8,-1.8156471953982205e-7,-5.956985175462754e-8,-4.694785115796445e-8,9.783394204887794e-7,9.162925603632124e-7,1.1494682172782789e-6,1.8468842162697234e-6,1.5119526138353096e-6,1.0599610520652401e-6,8.693483750751638e-8,-3.7683902944569536e-8,-1.396798375356905e-7,-5.850601049387172e-7,-1.1125246309078865e-6,-8.269778613528711e-7,-3.719712961377307e-7,-5.872214264492135e-7,-3.5275094218456933e-7,-9.334475619929114e-7,-6.044685847562182e-8,7.090925319830645e-7,9.899302331409257e-7,5.520556512387744e-7,-1.048667913357485e-7,-5.471242093606233e-7,1.5753499247855375e-7,-5.172435720356885e-7,-4.2262558636604094e-7,-5.549100580531967e-7,4.7376473396086425e-8,5.280472088285552e-7,6.859612228761596e-7,2.554317385205525e-7,-9.100603240256791e-7,-1.0536205531028837e-6,-1.2438571823348043e-6,-1.3600023194210088e-6,-1.557769240178377e-6,-9.461547884600451e-7,-4.666426883811671e-8,6.080174518387787e-7,9.747654666492155e-8,4.494471634313417e-7,6.420571838753703e-7,8.781517123317043e-7,1.229913905653062e-6,1.9610995107212023e-6,2.2529755897462294e-6,1.5339627393288058e-6,6.406460529336532e-7,2.3543195930029618e-7,-2.931877500652829e-8,-3.224363596953861e-7,1.2537181166924697e-7,7.711647863811299e-7,1.0494861787263724e-6,1.6203404536240896e-7,-1.7889602428241133e-8,1.8311454559580263e-7,5.298016660720955e-7,-1.308425458422593e-6,-9.829965801373443e-7,-4.643499579096493e-7,-5.565494554469874e-7,3.1684969068069174e-7,1.0479511380581695e-6,1.5071053184882569e-6,9.56786419532355e-7,8.189623219854093e-7,5.505491029356287e-7,4.338223114287384e-7,-3.3644350041699716e-8,-2.1757952619994646e-7,-3.818426282585823e-7,-1.9206175730752445e-7,1.8530188726959334e-7,7.470020417395348e-7,-2.610723060031059e-7,-5.085403477603035e-7,-2.063460400116826e-7,-9.397319954794545e-7,-3.22098514612357e-7,1.1915219451675955e-8,4.6377849649187403e-7,6.008002424731539e-7,-7.31030454930767e-8,-3.5908116074581323e-7,2.6530580542982053e-7,2.1844048352561057e-7,-5.290328402663403e-8,1.0831032107871752e-7,9.578375263019193e-7,1.0140887083383603e-6,1.1354310492483783e-6,1.1736388937613969e-6,8.944578753361228e-7,1.086573122827796e-6,-1.0695904045802592e-7,-6.279432039359689e-7,-7.26467905631913e-7,-5.663803138914279e-7,-4.361773934326111e-7,-1.1007034501238255e-6,-7.333790494548183e-7,5.211062671968067e-8,-1.688063950394457e-7,-1.0537595042475964e-6,-1.183472565393013e-6,-2.3693708016015032e-7,-9.858095676848575e-7,-5.673249552343445e-7,-7.201849326919153e-7,1.9849011277817378e-7,-1.266309394049748e-7,4.815180547910142e-7,1.9261709497623595e-7,8.691360243864977e-7,7.988557647083998e-7,1.2417924501385702e-6,7.596779137069533e-7,1.036473097727438e-6,7.81973382592347e-7,-4.578891224908315e-8,-8.610655852309813e-7,-3.6614965182951904e-7,-7.144651084483813e-7,-1.0656333201325915e-6,-8.122926650367039e-7,-8.744986302120885e-7,-6.182527179300852e-7,-3.509539727501735e-7,2.321065295031222e-7,7.382021171217671e-7,9.175555140255607e-7,-3.558442322848611e-7,-1.0540877391259761e-6,-4.927225028313791e-7,-7.527661669327067e-7,-2.346962305426111e-7,8.763175077741142e-7,1.330303195250678e-6,6.582316030250787e-7,4.990795794246884e-7,9.967142184137837e-7,1.3162396435032296e-6,1.33340138970322e-7,-1.4381286410748089e-7,1.0306174806850421e-6,1.1796561286319052e-6,1.3595096568701065e-6,9.189469128973954e-7,1.2098065718815202e-6,1.6375743561163198e-6,1.2463424968818314e-6,1.540342076586164e-7,4.625475927524578e-7,1.7638434048694844e-8,7.306385676891806e-7,6.179450650990179e-7,1.2510385965478605e-6,9.524492596075614e-7,3.444476349619182e-7,-9.572297396058777e-10,-5.405035278760909e-7,-1.5533817785653514e-7,4.919414613090183e-7,-3.5352372030789266e-7,-5.0671457401187634e-8,1.8001839495999495e-7,3.106076451968094e-7,-1.7231621986132307e-7,-2.6273948885620396e-7,-7.23633207778365e-7,-6.732994490581898e-7,-1.318850384560163e-6,-1.3387886679721866e-6,-1.7793225425913104e-6,-8.303621029991235e-7,-2.9117356450626724e-7,2.489250816344972e-7,-4.003633462081813e-7,1.946153969028373e-7,-1.414925901856599e-7,4.904789470298328e-7,8.08614933199729e-7,-1.568262314784441e-9,-5.66688886575194e-7,-3.7146984246149875e-8,-1.4906580922304957e-7,-1.0813709649003611e-6,-1.911764527385433e-6,-1.3781480546015647e-6,-2.515083298294846e-7,-6.000086541670538e-7,-8.96054805778227e-7,-7.66835539954187e-7,-1.3582173482259814e-6,-1.2994881200422448e-6,-3.516959289859999e-7,-8.660327024790504e-8,-7.94610971099487e-7,-6.688998730679906e-7,-3.5905040195618553e-7,1.049223005225835e-8,-1.8333685349520904e-9,3.0569603671345957e-7,-2.644360473001126e-7,-9.238016242023876e-8,-1.0851369663098432e-6,-8.745036361219876e-7,-5.074945828730068e-7,-9.880539578729082e-7,-9.623521540773267e-7,2.0582511413668938e-7,1.0552112310233518e-8,-7.736045996097674e-10,-1.71807554768259e-7,2.33341544129194e-7,-5.765487727274182e-8,-7.135226360623887e-7,-4.945985073771418e-7,1.1663527484647426e-7,1.2133059511442521e-8,1.8318956087393313e-7,-3.4027574954615835e-8,-3.78134464009888e-7,1.6836277357044618e-7,5.349379392827562e-7,-3.39243103034941e-7,-1.2091698398407922e-8,6.276194099014053e-7,-1.3845561670641975e-7,-6.335254652712731e-7,-1.4051146530545695e-6,-1.1102156213166107e-6,-1.1114029313920013e-6,-4.784397551265682e-7,-1.0448973403326032e-6,-1.2191671325448875e-6,-1.0316888165025962e-6,-7.066704109340641e-7,-8.495210963797062e-7,-4.692310546830607e-7,-4.982789582546683e-7,-8.798777347601963e-8,3.1513556915275617e-7,8.1998277003768e-7,1.045231547518176e-6,9.522241875652658e-7,1.3203339057689758e-6,1.6742336724956932e-6,1.045822797519005e-6,5.378784959046963e-7,3.9942027686034895e-7,-5.037327543634427e-7,-4.1171802864839396e-7,4.9846606884983315e-8,3.7553872722154737e-7,2.491456996941111e-7,6.785985473504725e-7,1.482601125247875e-6,2.0549115901086205e-6,1.7580639428976724e-6,4.956030425335179e-7,9.023178023513531e-7,4.4098649344283355e-7,1.5436052779630758e-7,4.1354136167197183e-7,9.791918086397725e-7,1.8987682243829913e-6,1.2612966588311808e-6,-9.35348242923808e-9,-4.2246336836119007e-7,-1.433734844499973e-6,-1.1410505189232842e-6,-7.887938390784474e-7,-4.0373572825209416e-7,-8.837983993706257e-8,3.3884980846272953e-7,7.366752203507039e-8,5.477272316261674e-7,4.608266277304392e-7,-2.660480110822109e-7,-4.4169012527798865e-7,-2.646985604325786e-7,-9.011696321685371e-7,-1.4869346408454231e-6,-1.4193220844365372e-6,-1.1581307792248527e-6,-7.603782790453018e-7,-2.6314064308438565e-8,-4.598776615778848e-7,-7.572350621252636e-7,-7.195375662596867e-7,-1.075821563486405e-6,-2.0760665050520475e-6,-1.9447537677961564e-6,-8.178541785889032e-7,3.8480381193223254e-8,-2.3786696902689715e-7,-8.163731558104844e-7,-9.9025403834653e-7,-5.613396585812844e-7,1.587186170284978e-7,-1.6250063959788058e-7,4.690758949088187e-7,5.53086359299548e-7,6.156644811033509e-7,4.3737688651693425e-7,4.3603973870157217e-7,6.63119881802182e-8,1.5013270597180426e-7,-1.581284503335013e-7,3.8618744981129986e-7,1.2951767705475805e-6,-3.2663784377221726e-7,-4.777142757956589e-7,-2.0284600158397736e-8,-5.330666686422371e-7,1.6686295207652073e-7,1.048958758044868e-6,6.192137958393415e-7,1.1630904629532738e-6,9.085787334606421e-8,-2.5664425071207684e-7,-2.1987347730318754e-7,-3.343621360608954e-7,-3.008348078313973e-7,-3.962861527963566e-7,-1.2101310191227787e-6,-5.800613881515831e-7,-7.907649665499701e-7,-1.0153792109130408e-6,-1.1142874784222546e-6,-4.15894897667089e-7,-1.0675293949233564e-7,6.529099686622343e-8,-2.152582444048617e-8,5.918788021652813e-7,2.4725280307276966e-7,-8.20888317028748e-7,2.714331170355834e-7,1.0290665834103775e-6,4.1309239400732943e-7,-3.807962973875557e-7,-9.915824924117986e-7,-1.3087604503355715e-6,-1.0829775639319858e-6,-1.173266987604691e-6,-1.3724412664849365e-6,-3.003446690315825e-7,3.200330961551176e-7,6.288489809814792e-8,-4.995423925636485e-7,-3.884832222134152e-7,-2.6547597712277545e-7,-1.3256438193162226e-7,-6.138368155241828e-7,-8.240195811791626e-7,3.779769484053306e-7,1.654418651255888e-7,6.487597390303274e-9,-3.4490887471187066e-7,-5.974046577314295e-7,-2.0054265890946364e-7,7.657944831455478e-7,6.690425122139258e-7,1.1193315223791675e-6,2.763525621183067e-7,-6.595911111412183e-8,-1.0377839530994653e-6,-6.843983801245351e-7,-6.894260433715891e-7,-1.8898699103655216e-7,-4.848977448178217e-7,1.6769511839904357e-7,2.1751964188487846e-7,-7.368147720780157e-7,-3.562087278457939e-7,3.0030051916584676e-7,-9.502014223259235e-8,1.2222968779383392e-6,1.216111498364153e-6,6.691971626763564e-7,1.168271813246153e-6,8.376107340159991e-7,5.445869053776565e-7,1.0067985017251316e-6,6.187900233391829e-7,9.43336782436153e-7,1.2292773371846855e-6,7.808185186660229e-7,3.8390105774378197e-7,8.379157078539482e-7,-1.5531403640426236e-7,-6.755839398293982e-8,-1.144909266590042e-6,-1.7750641005957083e-6,-1.0243599678213404e-6,-7.858578839512802e-7,-3.791893300125039e-7,-4.549970744803123e-7,1.4034953574014326e-7,-2.9863769157303994e-7,-3.8415664675289483e-8,5.3465829136777205e-8,-1.1762546443330515e-6,-6.43418348452065e-7,-2.9497258670026703e-7,2.551931021281889e-7,3.3059390974659746e-8
2.6655986086998763e-5,1.2112261977080514e-5,6.3518816751896674e-6,3.1878352756428937e-6,1.1496086709414054e-6,7.429232283046205e-8,-3.648408854862634e-7,-4.031465390419388e-7,-4.931550256731835e-7,-9.173544291180311e-7,-3.899482062121724e-7,1.6780997950590294e-7,1.6590420782875263e-6,1.3512663294637732e-6,1.3708111636584786e-6,1.4618644746080754e-6,9.178791684799882e-7,8.23678729820737e-7,6.911690239360789e-7,1.9475294787647628e-7,-6.286934305462049e-7,-1.1741770274725202e-6,-4.754444463322026e-7,-2.394711368217948e-7,-5.091925446282824e-7,-8.513205075932996e-7,3.61508625663688e-7,1.2008764192729736e-6,1.359699189760197e-6,1.2254390229809982e-6,7.919192311011236e-7,-3.680843197840825e-7,-4.6630797569228104e-7,5.456806626987898e-8,8.823173924047333e-7,6.207824563663297e-7,8.512798073116665e-7,4.7246589694331225e-7,4.735540261158941e-7,1.1328831688401027e-6,1.5502743544669427e-6,1.3745961768273115e-6,1.7352053421085094e-6,1.379436984683994e-6,8.642445993348386e-7,1.3962320635736855e-6,6.361924699972916e-7,-1.8398355484539856e-7,1.412486237495825e-7,3.986191486133385e-7,-1.0909441728083152e-7,1.1873628566936081e-7,2.191955335917279e-7,-7.991434307201216e-8,1.92766596249017e-7,-3.4017820311715536e-7,-4.825762978054472e-7,-3.979351821353627e-7,-3.712053584127021e-8,4.362227973005972e-7,3.7299736055372447e-7,2.684188781400862e-7,3.441594543323758e-7,-1.5345246246110472e-7,6.445031403460466e-8,-4.079027211848896e-7,-7.890353026299422e-7,-1.2046405325037954e-6,-5.711745497993484e-7,-6.561277361471552e-8,-8.19274005189333e-7,-5.6796869292043285e-8,4.625012717736221e-7,6.782422970842471e-8,1.388865737360735e-7,6.350220804795228e-7,2.5279553400163734e-8,-3.7489049058420516e-7,-5.420823208408584e-7,-5.9333278484835606e-8,4.1257380763845364e-8,4.1174174130120616e-7,3.8356110178509583e-7,3.637578521755772e-7,7.548804408567001e-7,9.683826032739953e-7,1.7428758316767524e-6,1.2555191176174827e-6,5.49897162728285e-7,5.606671096853733e-7,1.4370467616404533e-6,1.666092885137377e-6,1.0537614990724482e-6,3.679765344202767e-7,9.881159732884854e-7,7.142049298396364e-7,-3.8059687375230496e-7,-3.487076331231924e-7,4.570131143119094e-8,-4.887274275528383e-7,-5.517022479022652e-7,-2.6336201834663705e-8,3.9334707141247283e-7,9.653102212176728e-8,1.0023691256493827e-7,1.7280011067649495e-7,-5.479915540846247e-7,-1.2960754369278041e-6,-2.16323843693456e-7,8.031160124139457e-7,7.634944204931469e-7,-6.980333990648867e-8,-3.251176414803619e-7,1.4793283603477533e-7,4.412837112288909e-7,5.372586138792104e-7,7.255593481402186e-7,3.980001703670197e-7,-2.0249771931954332e-7,4.593610736508566e-7,3.272832768812833e-7,5.409242843091967e-7,-3.565963501925653e-8,2.614605281731586e-7,6.346372963575857e-7,5.406002591474899e-7,6.374584562529358e-7,2.3651782782754408e-7,6.077956977900364e-7,2.971863933704269e-7,-2.4538906886908467e-7,3.0393478318877504e-7,4.4632476063294166e-7,1.018796874154382e-6,7.036763794597928e-7,1.436425316584274e-6,1.4917063534027806e-6,1.1299114715069219e-6,1.0093616547380298e-6,7.924573609937401e-7,1.7420064711812806e-7,-5.56662999938545e-7,-7.433612217971223e-8,7.936044116908218e-7,1.2702146218643437e-6,1.4402470300478577e-6,1.2996080477795772e-6,1.2967676570315839e-6,1.0191588098575125e-6,1.2001698044192952e-6,3.875418072382051e-7,4.973560644423026e-7,1.9177371237183687e-7,4.3216740137822116e-7,5.742571387639772e-7,3.901924865893592e-7,2.8136035139684123e-8,9.365198648537451e-8,-3.072611249322377e-7,-2.036763336781111e-7,-5.405114484616667e-7,2.3257738414657336e-7,2.1529131572326489e-7,2.9538914630710754e-7,1.3098242870819985e-7,1.0853042621981043e-6,1.414282436334222e-6,1.6871512030136028e-6,1.345616538546865e-6,1.2318037365551257e-6,-3.217209584304331e-8,-3.3377874287418915e-7,-4.3527765369299823e-7,1.0642979834877467e-6,8.43794089770633e-7,5.815527914155779e-7,-3.7413141737032267e-8,3.127479122882836e-7,1.5577614054713774e-7,4.953081677735226e-7,8.074549846883443e-7,1.2215052238156316e-6,1.0703869029339333e-6,1.0201458475801726e-6,4.316926777238755e-7,4.028449747456517e-7,-2.3434084943852354e-8,-1.796699311740949e-7,-2.040659948749139e-7,-4.794806044007726e-7,1.963461259835826e-7,4.7293552711689025e-7,7.975511239462671e-7,7.929774472262879e-7,7.004324673564073e-7,1.7562944201108e-7,2.387634484560518e-7,-1.7604450945766977e-7,-4.392491244028371e-7,-3.329812142304254e-7,1.709538546697209e-7,5.583911580780348e-8,-1.0752399586861897e-7,-3.64728338355797e-8,-4.816638521235347e-7,-9.809785957905295e-7,-1.3571042051797976e-6,-6.911117308580256e-7,-5.426193854128026e-7,-2.210683801935017e-7,-3.2998581723170435e-7,-4.1368665119048524e-7,-7.819381996043727e-7,-8.804218551048486e-7,-3.7395938475491095e-7,-8.881340433007841e-7,-1.274795796433941e-6,-7.997546304007983e-7,-6.046888874816131e-7,-1.1653502119553737e-8,-1.908969124821712e-8,-1.1826557000496547e-8,5.885274532200013e-7,-2.054404288564019e-7,-7.413879968479852e-7,-1.0886848203158686e-6,-8.906362299864635e-7,7.869893776792284e-8,-8.139672698754314e-8,2.9491730511564886e-7,4.784778908202737e-7,-2.0340462862874415e-7,-4.6178462166794867e-7,-6.606495269943633e-7,-9.182810560135567e-7,-1.1262807739748802e-6,-1.272887771101393e-6,-3.52656165131732e-7,1.4658865892517297e-7,-2.1303615521368088e-7,3.3588948805813446e-9,4.7300744995608043e-7,-4.2511730197810645e-8,-4.2257046776343864e-7,-2.0068953459087916e-7,-6.582224287571541e-7,-1.3004600961888983e-6,-1.5957936830005814e-6,-1.091334067398926e-6,-1.5626379922432616e-6,-1.6757694481954821e-6,-1.5315616010559739e-6,-1.1329543376478833e-6,-1.3344276914080866e-6,-3.9641002976072996e-7,-5.584137748131186e-7,-5.635492303481901e-8,2.231728352381769e-7,-5.461344910291445e-7,-7.09261248257515e-7,-1.1870465631503465e-6,-1.8272423373346263e-6,-1.6978637771002706e-6,-4.722417083621968e-7,-7.94842497673424e-7,-8.273061722894327e-7,-3.335138530330724e-7,5.507697112902713e-7,1.4885641944958183e-7,1.1727820935198473e-7,-7.792829550783869e-7,3.8817364470922095e-8,3.38764762398844e-7,-7.229602280677379e-8,2.821898255819378e-7,4.7359870393111866e-7,2.431614379718794e-7,2.0946350401693285e-7,5.389595631653758e-7,2.61141941815707e-7,6.218840275821315e-7,2.3510044376616007e-7,4.2641271790955353e-7,1.1920483466548564e-6,2.925695731684403e-7,-4.536815159795898e-7,-9.747198553934438e-8,-6.576738474980672e-7,-8.687629045215131e-7,-5.333285479367492e-7,-6.061263686387615e-7,3.158838001144387e-7,4.832979141591533e-7,3.3250104377079344e-7,-2.522587887456384e-7,-1.6915614813647423e-7,-1.471362642200319e-7,-3.327567739922963e-7,-5.938110712651216e-7,-2.0476849271885644e-7,2.0823952962776052e-7,4.136772409152854e-7,3.623831563081637e-7,5.772413613808056e-7,-2.8135550713816224e-8,-1.1548414667142199e-7,-2.5316043560082404e-7,1.7980694873468423e-7,1.0636964330562857e-6,8.301336055101565e-7,7.518672393585778e-7,6.042069290161816e-7,1.0312097855365454e-6,1.515670851694999e-6,9.395504610347074e-7,7.419757950332609e-7,7.790424266567791e-7,4.625923282148182e-7,2.2511306536179694e-8,-9.719730476258508e-8,7.582437913231918e-7,4.408088078644854e-7,-4.2421479145069625e-7,-4.512299744794919e-7,-4.869686470781234e-7,-4.320987751327245e-7,7.588375074165506e-8,4.576285040800931e-7,3.9070242293528856e-7,-4.280173033452749e-7,-5.3597700808526305e-8,3.9353707219980595e-7,4.0773562545453194e-7,-5.626142172595311e-7,-1.5871735282420688e-6,-1.6402829993091431e-6,-1.282636204851955e-6,-1.3929411911759392e-6,-1.030098619752498e-6,-1.1270096419487213e-6,-1.182921554502729e-6,-1.5664915209566328e-6,-6.972641438261269e-7,5.398504691804788e-7,3.5529685137929667e-7,2.2259136933679968e-7,-5.28893429881696e-7,-6.945795325945117e-7,-7.397999730952384e-7,-6.06460667978707e-7,-5.370776163913425e-7,-2.2118890348227634e-7,-6.931000786525128e-8,-4.65858793355017e-8,4.415068997696144e-7,3.80673171069106e-7,-4.5529009142767387e-8,2.606074822071694e-7,5.398050722666972e-7,2.9450120429240564e-7,9.312395605718894e-8,4.6509654232192764e-7,6.320579578660556e-7,-8.155564041818879e-8,-5.136303916392647e-7,-8.620591478337293e-8,5.768656180983075e-7,7.039835731100251e-7,2.1939285037622262e-7,1.5448119134878593e-7,-8.104327038459779e-7,-9.493845864507227e-7,-8.050190154568466e-7,-1.6590000425580843e-7,-1.258266458713393e-7,5.1637554182475645e-8,-7.993577428782955e-8,3.1611619947169595e-7,-2.5790268621339783e-7,-3.3898518040366036e-7,2.2334594470642614e-7,2.990184113372006e-7,-4.855353758368977e-7,-7.030130838543533e-7,-1.2709427647862038e-6,-2.34481507617782e-6,-2.38107557357556e-6,-7.307328019945866e-7,-8.46007549087584e-7,-8.153991538092343e-7,-1.0958623405137235e-6,-6.506944855469311e-7,-4.6224469571943784e-7,-2.1027753636521282e-7,-1.959905576861601e-7,9.1722500920031e-9,7.331898676234065e-8,-8.223787775002023e-7,-1.5346860717095865e-6,-1.381625669702934e-6,-1.3690255502278793e-6,-8.172531388611162e-7,-2.900218186192236e-7,-1.138863365753592e-6,-8.675151609465197e-7,-8.138944362381625e-7,-8.273621772958288e-7,-1.9515936062463943e-7,-3.9849711669368435e-7,-1.1743813669055e-6,-1.1469143065109023e-6,-3.1837403010346493e-7,-1.4918851401333778e-6,-1.276245937185324e-6,-8.966968371919458e-7,-8.081579114602212e-7,-1.0989514474581437e-6,-1.0180527097877736e-6,-1.8513488940792938e-6,-1.8567240790589085e-6,-1.6418288868672074e-6,-1.3143341894775958e-6,-2.796166611294059e-7,2.223983190727993e-7,-4.6776245183978626e-7,-1.2822541802046514e-6,-6.981201223611788e-7,-7.001982148005266e-7,-3.716950733984051e-7,3.2862049519494234e-7,-5.769913278314872e-7,-1.9354559013004404e-7,-3.5714988752407104e-7,-7.561730895568757e-7,-6.019816718851205e-7,-1.0551097613279748e-6,-1.0171552329698246e-7,-5.04469799607637e-7,-6.966609336551092e-7,-6.288397337631211e-7,4.570118100502941e-7,1.0779102317264354e-6,3.7802490272451084e-7,-1.3827428739781908e-7,-3.3311775705592506e-7,-5.159913454344919e-7,-1.8130658397084668e-7,-3.238106044494193e-7,9.498597494274505e-8,-7.73575898524058e-8,-1.1487055621425517e-7,-3.9096691302527577e-7,-5.322540529274639e-7,2.3157527187341192e-7,-9.851551908581517e-7,-8.339588029110811e-7,-6.214384190413304e-7,1.3443625517093728e-7,-2.736877344429959e-7,-1.9667253468959134e-7,-2.914754314510346e-7,-3.2247891845650513e-7,-6.573382650218785e-7,-3.5872669021302063e-7,-4.042472460411623e-7,2.2877502058166872e-7,7.764235585943738e-7,4.076445213226566e-7,1.1441193322921379e-6,6.260735538414829e-7,1.4661612256402698e-6,7.974409866850715e-7,-1.51900270251952e-7,2.2982598360135188e-8,3.835642122365103e-7,6.880589953299179e-7,6.803957190365152e-7,7.359896686156147e-7,3.544057216919895e-7,-2.8551240267362587e-7,-8.17930120214678e-7,-1.0149437840751114e-7,4.6624682460958743e-7,-9.25256753145086e-8,-8.580113717478194e-7,6.347684272733988e-7,-1.1817596641693586e-7,1.8397054807576e-7,3.668865932491958e-7,-8.128565045745852e-8,-1.498431933695372e-7,-2.8124477893218376e-7,-7.076495323201612e-7,-5.812755776151891e-7,-1.0141666691909035e-6,-6.390177535881415e-7,1.2409405244318253e-8,6.87504187331597e-7,-7.872689617468408e-9,-3.070370956617345e-7,-7.898023515866062e-7
2.198469072506807e-5,1.0257841252277792e-5,4.507451731422766e-6,1.7263465824426398e-6,1.2430312050109701e-6,1.790687298473376e-7,2.975751727709445e-7,-3.583221043370635e-8,-2.769250030847162e-7,-6.210399856656828e-7,-6.80549040175932e-7,-6.836763432884643e-7,-4.407214646700621e-7,9.476640061424586e-9,4.372580932630616e-7,5.183891874224693e-7,-1.6180418708475647e-7,1.520074726091715e-7,1.0129099279957983e-7,8.824733535367506e-7,5.448750169663693e-7,7.032862852917296e-7,6.625914693544978e-7,6.028303311594197e-7,5.954467405807311e-7,2.8024605959040026e-7,-7.157623541682324e-8,-3.5081720733761854e-7,-3.615883736486899e-7,-2.508663640226057e-7,-5.094892507837146e-8,6.849405651026586e-7,4.063117728002474e-7,3.672859121527987e-8,5.006563762003112e-7,-4.351024278532608e-7,-3.318191339940164e-7,-5.648905918047256e-7,-5.565760040413325e-7,-5.843157105862144e-7,-7.23737141387974e-7,-7.222582321646209e-7,-4.801745649490467e-7,-5.02949182426455e-7,-2.8138603498542926e-7,-3.390029577657465e-7,-1.923757458661041e-7,-1.0805158524919705e-8,7.044946248251943e-8,2.061671231420315e-7,5.942279318773198e-7,1.0179495785813938e-6,1.7146477497279017e-6,1.6493843758883277e-6,1.0888152463435929e-6,7.973337028757711e-7,1.3573080194169544e-6,7.523299429021473e-7,-2.128666937829807e-8,-5.873397425923408e-8,-3.088231722706744e-7,-6.430583940322697e-8,-4.91599891897578e-7,-7.507548781448305e-7,-1.0951249075582647e-6,-6.795944858692037e-7,-3.296617018622216e-7,1.2603084973043522e-7,2.453773738967636e-7,-1.307959928026976e-7,-2.629422098315089e-7,-2.1953266329291827e-7,-3.211934249896331e-7,-1.3692681012862668e-7,-5.030616641526351e-7,-2.848728874704725e-7,-4.0885603057286037e-7,-2.1350155468652928e-7,3.5846771533605174e-8,1.4354393621669068e-7,1.8896134392773573e-7,3.437241152175793e-7,2.8691600569770696e-7,1.5008063254891985e-7,-1.688937287856922e-7,-3.508904362049459e-7,1.991711864381208e-9,5.780169717736468e-7,4.3369476922548377e-7,1.0761878104997855e-8,-1.3313724855308584e-7,-6.222456869553458e-7,-5.114915160206723e-7,1.8758445533558543e-7,-2.473402450713843e-7,-2.5430508476979467e-7,-2.3840743897253655e-7,3.8918220652228497e-7,2.011113003632815e-7,5.747402454646763e-7,1.2198918346511982e-7,-4.167361607892013e-8,-2.0080881829031843e-7,-5.409776625958783e-7,-5.638255166871256e-7,-3.9043985892489694e-7,-9.866880458991662e-8,7.185145577604218e-9,-3.325391051407444e-7,-1.1070994735084283e-7,1.9880322603601966e-7,5.859091384239373e-7,9.250379052339097e-7,8.26302985348094e-7,4.873222938557616e-7,1.4129113893060714e-7,-1.1604741597715681e-7,4.2603314717369635e-8,2.6593551685560084e-7,-4.5071552137063647e-8,-1.9615270695993034e-8,-1.8724280247154097e-7,-4.917841498205086e-7,-1.5279123875332603e-7,-4.2792486344692714e-7,-1.101740687756406e-6,-6.313569619418994e-7,2.020361115119306e-7,2.27386828496734e-8,1.957727986595322e-7,-4.313512763276173e-7,-2.137115033051777e-7,-1.905805086907192e-7,7.131579967844981e-7,1.07127547046882e-6,7.741489332240027e-7,-2.662673972189535e-7,-5.1942869532557446e-8,-1.4819530091844282e-7,1.0264115606301976e-7,-3.163782037141435e-8,-1.4721962089977106e-7,-5.521319516997869e-7,-8.076091321522808e-7,-5.151938199922529e-7,-2.5469967023990427e-9,5.634901002593429e-8,2.932469527594169e-7,7.719652978921214e-7,7.931631162885348e-7,1.264613006006088e-7,-2.992883742633123e-8,6.093566844463221e-8,-9.871080523745659e-8,-3.935969302546073e-7,-5.143241361166383e-7,-4.4123888616494546e-7,1.242912672255303e-7,-1.679115049679824e-7,-3.5996270828918973e-7,-3.098482971417307e-7,-3.443593889638046e-8,-2.403892334430798e-7,-1.0660625666481034e-7,1.8901590895329796e-7,-4.884225471859423e-8,-4.6503401875572686e-7,-5.697956395572654e-7,-2.43887223699229e-7,-1.5235275119132763e-7,-1.6836470074069306e-8,-1.3161940956609061e-8,5.264613710823526e-7,7.982903396908682e-7,2.0801724154816947e-7,-5.141284840841302e-7,-5.819844370558964e-7,-8.760530683425904e-7,-1.7307305344264087e-6,-1.1678441658966094e-6,9.085598129974659e-8,3.7687929591782167e-7,2.1716037417403414e-7,4.5255351636849746e-7,2.073778602958679e-7,3.4986495839437475e-7,8.742060948942692e-7,1.319894653202309e-6,1.2512064110061237e-6,5.400681961240949e-7,-1.084423602396109e-7,-3.0999088427587425e-7,2.370879060661872e-7,5.984601811940227e-7,3.364495508008342e-7,-1.3136154815958652e-7,-4.229503024590034e-7,-9.072999059204225e-7,-5.808263406898539e-7,-2.428924437580804e-7,6.998818152319956e-7,1.2037364177660086e-6,5.352615257909756e-7,-1.6396181333161542e-7,2.6182353922674873e-7,3.96941784894754e-7,3.794767819156113e-7,4.794395919041149e-7,1.8916620203509007e-7,-1.7529933272527482e-7,-5.350968831192831e-8,-3.542480741980377e-7,-4.790973072173368e-7,-1.597178602384134e-7,2.8667780819485195e-7,4.316317690736007e-7,9.26188259252018e-8,-6.490012181195558e-7,-1.0582802478509432e-6,-1.16782242465392e-6,-1.1135471898394435e-6,-6.568156399274031e-7,-6.407719034092062e-7,-5.82422450217142e-7,-8.46472192600625e-7,-8.758203022323499e-7,-2.145899169946722e-7,-1.8367124989304678e-7,-6.494023351756657e-8,5.046527040779961e-7,2.642841286206175e-7,-1.0906784726639921e-8,1.613688863363322e-7,6.258302851344163e-8,-3.8231884567710966e-7,-1.6073211594348235e-8,4.366617231463884e-7,5.530284917104032e-8,-7.584649740895027e-8,-6.107713580396188e-7,-1.921303631452078e-7,1.950020555786293e-8,1.2787618487843122e-7,2.110276346659067e-8,1.5793508815728104e-7,2.3267304458392872e-7,-8.715778925717896e-8,-1.6083506422976983e-7,2.5284790443248995e-7,2.66104048532237e-7,3.807745620873129e-7,8.793084138136336e-7,1.0281339328373145e-6,2.342985020809373e-7,8.19849148667958e-8,3.0829260530131687e-7,-2.6044717014245425e-8,2.60994874182256e-7,6.397617539348125e-7,3.594715491363857e-7,4.847156383372289e-7,3.3900892001759895e-8,1.588514098180339e-8,1.5356885837223597e-8,-9.74781770773038e-7,-1.135120290386021e-6,-7.841709252108388e-7,-4.5725272325874355e-7,-8.612909945378373e-8,5.641103664153333e-7,5.59323249026543e-7,2.2993912789345354e-7,2.6997153321496386e-7,3.373023075663263e-7,6.032394445229997e-7,6.720554131147293e-7,-4.4998216379216816e-8,-6.512391591898614e-7,-8.7127207797284e-7,-7.809731519735587e-7,-6.753844909363191e-7,-2.913605998365213e-7,-1.875966198027261e-7,-1.2160250001952707e-7,-6.148570217529926e-7,-9.849796976083314e-8,4.4103116358537675e-7,8.360047444643109e-7,5.006001333891377e-7,4.1445922289228203e-7,-3.3208989843996337e-7,1.704230646789265e-8,2.2225881847158393e-7,7.443367175148181e-7,6.657716162239399e-7,-1.9931574397279485e-8,1.6168351013243157e-7,1.8867659019774684e-7,-6.598489655939669e-8,-1.1355199527182085e-7,-3.351733275134746e-7,-1.327875145778493e-7,-2.040582936967173e-7,-4.408101031731579e-8,4.691654670181363e-7,7.5054023296608e-7,7.392227322421688e-7,7.996307094900115e-7,5.425643432759641e-7,5.894070090670772e-7,1.3612484858020655e-7,-2.174003973746996e-7,-2.869151871327587e-7,-1.0065881364327326e-8,-2.1813445100786463e-7,-2.2269034119632835e-7,3.530679262077104e-8,3.519129325713422e-7,-2.392232728079936e-7,-7.149010597049386e-8,-4.1142260678593063e-7,-4.6588523525468997e-7,-1.1432940801359484e-7,4.440197057011499e-7,4.774838158766642e-7,5.876981654842386e-7,1.5289548917831784e-8,-4.047643042274956e-7,2.6295462899027253e-9,-2.9748013384129874e-7,-5.078973318189659e-8,1.497642216106388e-7,3.322579498241569e-7,5.538615021516317e-7,2.3791072736694082e-7,3.66482164835704e-7,3.252892602036387e-7,-1.592441178529536e-7,-7.725920430959557e-9,1.6434363565450668e-7,3.530252506375616e-7,1.520168383472327e-7,-7.594966468333533e-8,-3.8589988077993615e-7,-5.312555682226057e-7,2.0320574032721005e-8,-4.6764561328650634e-8,2.758047011101805e-7,4.4222424126477877e-7,5.955083933867779e-7,7.14314901311884e-7,1.169175233362427e-7,-1.9049993468935008e-7,1.03944710848771e-7,6.700145229021911e-7,1.2405077869961697e-6,1.1615844116435258e-6,1.1638294012800283e-6,1.305822517789044e-6,5.464633015564788e-7,4.572709258395941e-8,3.110735075872625e-7,4.0253425392576727e-7,-1.3472898705200657e-8,-9.479885389712912e-8,-7.85403039417069e-7,-1.2213942925133192e-6,-1.02977621397951e-6,-7.986092350855766e-7,-4.3699939262651716e-7,3.151571925726418e-7,1.5973746570367536e-7,2.2444449707750245e-7,9.67931141145533e-8,8.630731550137361e-8,2.979879497009343e-7,3.2046039577122244e-7,3.1647396213529535e-7,2.0159304605700164e-7,-2.2554781561812425e-7,-3.674743353779821e-7,-6.120187985002966e-8,-4.5737829490733095e-8,-2.0652831799186708e-7,8.587284837292023e-7,1.287834790737986e-6,1.6451575595143701e-6,2.074353058868168e-6,1.3814655165523547e-6,8.66520679379499e-7,-2.1616923532152528e-7,-6.507678550575961e-7,-3.587545409687993e-7,-8.498626930541786e-8,-3.1236736680503145e-7,-5.387769479674852e-7,-7.154305203837004e-7,-8.807169252379797e-7,-2.561297167713716e-7,-1.4694642541846682e-8,1.5493740326224957e-7,7.005997519457218e-7,6.49223678986225e-7,-3.2220306878929824e-8,1.399477591175639e-7,1.5564540504591236e-7,8.244002822158831e-7,6.29046860947675e-7,9.252671963335684e-7,8.116303296547456e-7,3.6891193334679727e-7,4.5220886991151145e-8,-2.0502668784660022e-7,-1.4414621477143733e-7,4.407945770674648e-7,2.0099442906605568e-7,8.638353926968814e-8,1.233161017423055e-7,-3.9030007488942954e-7,-1.334110852737854e-7,-3.3131195676979156e-7,-1.2119900111276915e-7,4.1122296444051976e-7,1.0337786582581755e-6,2.7760078177724397e-7,-3.8997817986361845e-7,-8.145494833347082e-7,-1.1099810496260047e-6,-8.075545594772497e-7,-6.641331806546735e-7,-4.0147841367048474e-7,-1.7436324725168833e-7,8.500766305509804e-8,1.1243915572092966e-7,4.1439018656628137e-7,6.107178683110775e-8,-2.850136126682329e-7,-2.2981160017906327e-7,-6.533797068681114e-8,-5.45385717106808e-7,-5.218075182203611e-7,5.711967187329686e-8,1.253107001332139e-7,-5.298051891974393e-7,1.5065421788722317e-7,7.769289342434799e-7,2.7232913745552463e-7,-4.714702062464497e-7,-4.79577535074361e-7,-4.779475201805314e-7,-1.5485637312164343e-7,-1.6247279140273638e-7,-7.763356735677575e-7,-3.3741023638901466e-7,-2.4454164298425844e-7,2.639801551373174e-8,3.9726876324300133e-7,4.5524645881231504e-7,5.582969596244704e-7,9.95297502617096e-7,1.0195695539559937e-6,8.566344291327573e-7,3.900427786349921e-7,8.663124078868465e-8,-6.260796941346456e-7,-9.424850413417612e-7,-5.372805708447917e-7,-3.628244109011606e-7,2.4282216001337306e-7,7.016971618579818e-7,3.665560981198739e-7,-4.4077472299038245e-7,-2.927639797038093e-7,1.1137228605642865e-7,6.07414675271951e-7,5.435741060009143e-7,-7.280448444866657e-8,-6.533651516226675e-7,-9.628125264441166e-7,-6.762115578998431e-7,-6.526764404685842e-7,-2.1853893701933348e-7,-3.7391532113165187e-7,-5.155317947135673e-7,-5.520977175005407e-7,-1.023509123708771e-7,-3.5040268237484835e-7,-2.44851932581669e-8,5.768519039839787e-7,5.169038306139682e-7,1.9792954024369246e-8,-2.0203670005711135e-7,-4.4164230003704505e-7,3.822034534871065e-8,2.573296646818152e-7,-1.6364278911083578e-7,-2.94639724457459e-7,-1.695663702225912e-7,-3.640491468057562e-8,-1.3291338927082028e-7,2.180548773870359e-7
1.8311013304157324e-5,7.64049752056256e-6,3.826142945003203e-6,1.5888198798748626e-6,9.195395611856321e-7,3.047446875207748e-7,2.609531085687791e-7,4.0543956049787374e-7,6.343180338541601e-7,-3.03724185060953e-8,2.2666218561068342e-7,-9.450051332877469e-8,-3.9255013329026465e-7,-1.2211798789323975e-7,-1.3833405838611764e-7,-1.7074112759844666e-7,5.060372446543646e-7,5.360168835460628e-7,5.22986222615127e-7,5.69005449384552e-7,4.609232317254551e-8,-2.1284226138891779e-7,-3.0563813567982593e-7,-5.203862292227139e-7,-1.5529272591920822e-7,-2.811148915003801e-7,-3.4622230180667714e-7,-3.3548612967340187e-7,-3.735262676352508e-8,5.5767603406171233e-8,4.6602496194201756e-7,3.9955364933984344e-7,7.034909361528746e-7,5.795867389525265e-7,7.15695721285747e-7,6.8856260291896e-7,7.180779172534146e-7,3.81841218567551e-8,5.413735668004191e-7,2.723024002883199e-7,3.028891101175744e-7,6.446640396694422e-7,-8.277967851321381e-8,-4.0547842542339636e-7,-4.095105860639808e-7,-7.689592205538121e-7,-5.543349095433912e-7,-7.422377634693564e-7,-5.767618790519842e-7,-8.022990418583647e-8,3.5448508287820304e-8,3.6369800342148133e-7,1.968752509272032e-7,2.3260776113468466e-7,2.2469903530746689e-7,3.738279505650484e-8,4.189505439790721e-7,5.623618047200157e-7,4.284547510390862e-7,5.33057935717019e-7,2.6501395668097443e-7,-2.334466099788376e-7,3.065181720548397e-7,1.4471893472098662e-7,3.3302229518771157e-7,5.951049922279711e-7,7.943056098189109e-7,2.3423084717146398e-7,3.6957627755621895e-7,2.4524580206470153e-7,1.894383987917163e-7,-1.9506485576898687e-8,1.464361993467053e-7,5.16957651052976e-7,1.1901034255702758e-6,1.047976173030892e-6,4.671718732790435e-7,1.2596063936542988e-8,-9.550657563137988e-8,8.324580482113563e-9,2.0432709552860243e-8,-6.798795268518494e-7,-2.3111056182030936e-7,-4.2439388635918096e-8,4.95241893886471e-7,4.481247303550878e-7,5.621267014753477e-7,5.926678000538208e-7,5.114290644997532e-7,3.2026459566416317e-7,1.3063033917696957e-7,-1.0052834557875879e-7,2.575129055271447e-7,1.0515700822874691e-7,5.106090649278658e-7,7.24593504073462e-7,6.070264259645755e-7,1.5645033139143866e-7,7.796121502137483e-8,-5.534088884680028e-8,5.739228990342534e-7,3.169103840763598e-7,-5.348320219036092e-7,1.5063001281912452e-7,3.693345175101835e-7,4.049219084128509e-7,4.060218759336652e-7,-9.251750095799239e-8,1.1911404261284536e-8,5.4105752905647464e-8,-5.654978353848597e-7,-5.539083677425983e-7,-3.108676601403777e-7,-3.0050864322239113e-7,-4.2180743012245316e-7,-6.077648910932391e-7,-7.252190210853332e-7,-1.6190228778650458e-7,-6.777167833660677e-7,-2.7887853127092527e-7,5.298508201742992e-8,-2.2362782862266878e-7,-2.663014142056346e-9,1.8407716364102654e-7,-1.3057181941914e-7,3.2176842048150815e-7,3.292310467680727e-7,1.5084861110768568e-8,3.094876628701629e-7,2.5650570485935656e-8,1.1089514960728177e-7,1.4347114851439346e-7,1.0130844014379197e-7,5.336697712676537e-7,-6.892522681696164e-8,-3.5775571641963226e-7,-3.3801850417745534e-7,-6.183281957078859e-7,-3.3251896403608113e-7,1.0511700914445248e-7,4.806362614269222e-7,1.3201971439728543e-7,-1.8339121917039603e-7,-5.423085008058358e-7,-3.2298092059621146e-7,-5.491000274940971e-7,-6.284922074795395e-7,-4.064082293666329e-7,-3.469039905459145e-7,-3.677303081178203e-7,-2.681924044882851e-7,-3.6774214333713185e-7,3.19878572349271e-7,-2.334114483292173e-7,-4.158719415626734e-7,-2.3712261992937897e-7,-3.511780554107354e-7,-2.9694170247908606e-7,1.7402104360862667e-7,5.674328306784821e-8,-1.2217302313334432e-7,-3.2714808345173495e-7,-8.76163545150767e-8,-3.052012542392885e-7,-5.709532439839967e-7,-3.728857620017122e-7,-1.8389984395273346e-7,-8.039367878938169e-7,-4.577403773655475e-7,-1.6753403464695496e-7,-4.7579941663419115e-7,-3.504382730518128e-7,-4.6572957154798136e-7,-7.181407076405188e-7,-2.7809229125180767e-7,-7.006222344989547e-7,-8.591239894992574e-7,-6.467450226857429e-7,-2.6823696213102034e-7,1.8539398307147364e-7,2.810783662304514e-7,8.643608651128995e-8,-1.2189134066632178e-7,-2.0948831822294023e-7,2.599847133473953e-8,1.2334544323690592e-7,-1.5728246629289886e-8,-2.0070043084352085e-7,-4.176817382333025e-7,-7.499560476837847e-7,-2.7867058207634264e-7,-5.887044345891747e-7,-1.3202042333464867e-7,-1.3667771073529806e-7,3.120878073234012e-7,3.7822973738075647e-7,5.771585694719751e-7,4.0040379868377584e-7,4.3543814481446366e-7,2.948246112617705e-7,-1.5405568293329846e-7,-4.075717636879766e-7,-1.1429280824557953e-7,-3.9923043412678405e-7,-8.10275182306806e-7,-1.2940604271128681e-6,-8.106233655372882e-7,-6.471184530909948e-7,4.291484212144727e-7,2.637047493440596e-7,6.492952398935342e-7,2.258462114948636e-7,8.886153767745598e-7,4.830423379700269e-7,4.0402581925747147e-7,6.986635274444103e-7,6.080225126149976e-7,-1.9520462973577685e-7,-4.828301001507836e-7,-5.611854728430282e-7,-1.2346327436521412e-7,-2.1553115010283095e-7,3.5358643276735267e-7,-7.971063701578587e-8,2.193898143444014e-7,-6.314889703156394e-8,3.071391407409829e-7,-3.464488732139882e-7,-1.128611676570055e-7,3.096549480095495e-7,2.382030398886805e-7,3.351957798354246e-7,3.4481185649616504e-7,1.7318765954289257e-7,5.572141205672264e-7,-1.5354868242443588e-7,-6.596682829387574e-7,-3.3633130350443386e-7,-1.77725085578626e-7,-5.236019824158777e-7,-7.007101470103869e-7,-1.504291536446063e-6,-1.1596530525157548e-6,-9.342513363106021e-7,-4.722411056584128e-7,-3.332561451046404e-7,-4.0256429614137763e-7,-5.087661722679045e-7,-1.7717179235099347e-7,-3.2294931308235777e-7,-1.1024757667854539e-8,-1.8751378449924134e-8,5.338775794318782e-7,5.525599335073357e-7,2.3274925648531924e-7,8.568076098299281e-8,5.59816050158507e-7,4.2767592727774266e-7,2.511459123555046e-7,7.130674652536952e-8,-8.06413411673877e-8,3.5073474449490766e-7,2.1013223310134221e-7,-6.471485226034342e-9,5.63289464316433e-7,8.635010672546395e-7,5.022774889062138e-7,2.8144466979731344e-7,3.557852096824075e-7,3.11092592341284e-7,1.279476469671444e-7,-6.39889127955007e-8,3.1474216570333687e-7,-4.801305451877982e-7,-3.452679415534265e-7,-9.97196345145069e-8,-4.512489577023665e-7,-1.068646270368434e-6,-5.204651928137962e-7,-6.551666903532268e-7,-1.4781955892528137e-7,-5.47787500018925e-8,5.168442205442663e-8,1.0015764218721914e-8,2.46220829727275e-7,3.4491944842600607e-7,2.469720219858765e-7,2.785957315442598e-7,4.3357075059378926e-7,-7.718465998791846e-8,2.3253470530947564e-9,-2.9242552963919125e-8,9.302535767756726e-8,-2.0634835937644312e-7,-2.3015001631595855e-7,4.369687458717416e-8,8.517137483745375e-8,1.3459959704777334e-7,-3.300029242068733e-7,-3.515883679016518e-7,-4.838814783578242e-7,-2.4307510151276266e-7,1.9565968780297746e-7,-3.058781442786094e-7,-3.4669473183083937e-7,-9.672618280121836e-7,-8.312834438064416e-7,-8.317433148215762e-7,-9.688536104365845e-7,-1.2610542753095293e-6,-6.509809755836967e-7,-5.409756305856024e-7,-4.770374961472824e-7,-3.813272236834446e-7,-3.7212046607644607e-7,-7.058281261449517e-7,-2.1804262922971324e-7,-4.947525778366273e-7,-1.7338690528052108e-7,-2.108028692859216e-7,-3.089376525844388e-7,-8.117829009754617e-8,-9.000721550145735e-8,7.005641588539992e-9,-3.159313312716268e-7,1.1005735174041782e-7,1.9583542170103133e-7,-4.690437203979406e-8,1.6914353000864398e-7,7.825859806467593e-7,8.86244139763824e-7,5.842265982993268e-7,7.834735484738022e-7,6.929471492427535e-7,5.342442738735653e-7,4.034567275446874e-7,7.075475814316662e-7,6.833427169098693e-7,8.760307162928092e-7,7.373780384092117e-7,2.639248834443095e-7,-4.36120540691844e-7,-3.042118484231579e-7,-1.0087168384213798e-7,1.392170044048421e-7,2.8159900234867403e-7,3.608367254206819e-7,-4.705156212541959e-8,-3.976606078132661e-7,-4.01146012609112e-8,1.8854085707025106e-7,2.1999868156009155e-7,3.925047977783103e-7,-2.5082909044117733e-7,1.4238145475864185e-7,-8.891567803381976e-8,-3.2691468308597766e-7,-4.604252963218367e-7,-6.31759105853528e-7,-4.05678719229447e-7,-2.901047244126823e-7,-5.997032303928579e-7,-4.97334252597304e-7,-1.0903124245563026e-6,-2.951309176585675e-7,-2.657778022998754e-7,-1.6638880688443846e-7,-4.932706035085764e-7,-9.307303284736581e-7,-8.689790827335072e-7,-4.945267918476091e-7,-4.402251741225103e-7,-5.746532947608167e-7,-1.1124129949935845e-6,-7.884305586235321e-7,-9.059008540844224e-7,-8.935578434877387e-7,-7.577727934121802e-7,-6.429285091673372e-7,-5.514380935254639e-7,-2.7072080287407726e-7,-7.126474252978877e-8,5.5996515863740675e-8,-3.499146155619634e-7,-2.7327117140051415e-7,-3.5100022232953035e-7,1.036909129614275e-7,5.390848442170438e-7,5.012385450049584e-7,1.2041570545868075e-7,2.884424169530284e-7,2.8891979380295183e-7,1.8190103280169725e-7,4.102056479681187e-7,-1.9812941418465065e-8,2.1229517023244518e-7,3.575437777043056e-7,3.893323856561164e-7,5.66699162970819e-7,3.569928758324745e-7,1.472691486051292e-7,-3.739416412220498e-7,-4.1828852497056933e-7,-2.8350027975913806e-7,-5.907428609519393e-8,1.5859796072259458e-7,1.4410071490103082e-7,1.9100837284269538e-7,5.665174021902084e-7,-2.3669480116702548e-7,1.7247660856206282e-7,-6.853821833493321e-8,-5.100231730925072e-8,-5.575407743165092e-7,-3.580751685585722e-7,-7.375301346741078e-7,3.586792417398567e-7,3.79341482759342e-7,6.675917342596885e-7,8.667917015261392e-8,-1.0877158952010495e-7,2.777722465244897e-7,9.176926017987487e-8,5.665642741578868e-7,1.0904929971555312e-6,3.4679029159170614e-7,3.3399354004665994e-7,-3.843802263713076e-7,-4.7136230410564396e-7,-3.2267999539042926e-7,-7.337717686598741e-8,-7.587441073025742e-7,-7.561009970885815e-7,-5.451834807489123e-7,-3.5025463286839514e-7,-8.498261024416583e-7,-3.21128552422523e-7,-1.3274309028398942e-7,-7.096047781306228e-7,-1.6859685115554838e-8,8.427005435411644e-8,-6.640565717446769e-7,-5.907387953545458e-7,-8.028977167666973e-7,-4.684221247818042e-7,-8.433461515411959e-7,-1.0737986495108836e-7,-3.117247316971339e-7,-3.7721706867117736e-7,-3.8848360914696986e-7,2.870075027111794e-7,-4.3080412646893285e-7,-4.989207938865708e-7,-4.3284503890504725e-7,-3.3178053098684774e-7,-1.2283686019225684e-7,-4.2668022938591985e-7,-1.8492941496978871e-7,6.861855429896707e-8,6.664979585698972e-8,-2.872317481982002e-7,-2.5698352588042075e-7,-3.779681939477689e-7,-4.429186543182351e-7,-5.847920023607841e-7,-3.7395948453486475e-7,-6.739421110828218e-7,-9.399626541923139e-7,-8.424728347572314e-7,-7.546427103142404e-7,-9.290510202088014e-7,-7.025353566946369e-7,-5.247186571639311e-7,-4.2548854094879065e-7,8.914738478505723e-8,9.795673720953337e-8,-4.4115463522656446e-7,-1.5233137967497328e-7,-9.591865048106522e-8,-2.0139640358690793e-7,3.133123099595127e-9,3.10520752584562e-7,1.0457892069070698e-6,8.047553837119207e-7,6.082092605103325e-7,4.573619370293328e-7,5.802285290282169e-7,6.716095755105519e-7,5.720966072176873e-7,-1.3451445688820785e-7,2.0665309894991624e-7,5.367652194446898e-7,3.342981262041773e-7,-2.6283849452566963e-7,-3.986845938542173e-7,-2.2678902027281745e-7,-5.116273273644981e-7,-8.739087718520202e-7,-6.280659316751724e-7,2.6249768227474204e-8,-7.488090609328736e-8
1.4958976508246671e-5,6.404457947325846e-6,2.5962513340871384e-6,1.0632593436124896e-6,2.3125345407009538e-7,1.117133711624367e-8,3.0306420345652256e-7,-2.2356062357270294e-7,-3.623120314578632e-7,-5.472645503969893e-7,-3.203447907418843e-7,7.412255403566879e-8,-1.2431033655800281e-7,-1.6651649695557228e-7,-5.75534417967294e-7,-1.4767476646871476e-7,4.1330059040667243e-7,3.936351058605534e-7,2.2051712630416447e-7,-3.077092814874711e-8,1.6311482990466947e-7,3.852321367615697e-7,5.332984295848508e-8,-3.0680176585574687e-7,-1.7169723568871832e-7,-1.582858329266027e-7,-4.1460682180227836e-7,-6.268921821309815e-7,-6.467935452687626e-7,-5.75852917436517e-7,-7.61075869905528e-7,-5.868557193375362e-7,-5.060187604755511e-7,-3.4842954112585367e-7,-4.7331754484937027e-7,-4.938841362382748e-7,-2.8366150880942247e-7,-2.070793819369342e-8,-1.5465399127014686e-7,-2.954550965524275e-7,-8.092373422384426e-10,-1.4544307655632208e-7,-4.2358700166953033e-7,-2.47111263566986e-7,1.5936376758731467e-7,4.2925297198285377e-7,3.6822143315182346e-7,7.00907411501643e-8,-2.0047278046163083e-7,-5.267261459369322e-7,-9.289383844177199e-7,-4.486122304812874e-7,-5.159097441974495e-7,-2.2352116131519526e-7,-2.5641797201793843e-7,-1.8279578084517965e-7,-1.4536069738770878e-7,-7.851491801709653e-8,-4.521901759664953e-7,-1.7416690234785538e-7,-4.744074068150665e-9,9.431195730956454e-8,1.3452880221446408e-7,-1.27282557127011e-7,-2.1188372499963967e-7,5.635631768130475e-8,3.47302391027246e-7,3.7696967225948716e-7,2.692788956551142e-7,4.902462340790021e-7,4.23234459171021e-7,-4.498593175773093e-8,6.766010439984866e-8,-2.909314251038684e-7,-5.808386888323709e-7,-2.623687609749818e-7,-5.060266147102589e-7,-4.6159535223511854e-7,-1.6992487487005385e-7,8.443020364875294e-8,5.660177525431997e-7,2.8273879017504884e-7,-1.2203505474848443e-7,-2.3785362154060243e-7,-3.8074743384868114e-7,-1.5817923306632342e-7,3.590991622470851e-7,3.1583000069320694e-7,-2.666117628925459e-8,-3.205672996608475e-7,-2.742457427908153e-7,-8.95308353979731e-8,2.0174193059208492e-7,2.4538602590188864e-7,-2.2231570052390816e-7,-3.025038484372689e-7,-1.7570790219426445e-7,5.526356068133313e-8,6.631215872361562e-8,3.223121852324325e-7,5.330060969850924e-7,1.487285949560191e-7,-1.0751162779462719e-7,2.5329022697168384e-7,-2.899178531382012e-8,-1.5212783609366857e-7,3.080084582991166e-7,4.4723746006195106e-7,3.912353441532916e-7,-2.783408053442074e-7,-2.8923392697377746e-7,-1.2668128069897596e-7,1.1811753820381817e-7,1.4168933461994073e-7,2.996205107563494e-7,4.2612712991321526e-7,1.782502675149348e-7,3.315525240469886e-7,5.803923462153373e-7,2.542889692824888e-7,2.509128764715041e-7,-4.435366341889644e-7,-5.797521230543101e-7,-1.4587845237499447e-8,3.7842287723802984e-7,-1.4619137610916214e-7,2.0976365497889053e-7,-7.149374376453776e-8,-9.777066068183302e-8,-2.452021114981252e-7,-3.9599062897786774e-8,3.541659021281101e-7,3.021335117873621e-7,-4.1499164362044215e-8,-3.220719794681139e-7,-9.865757287603612e-7,-7.377862176147765e-7,-9.560621819767342e-7,-9.294057346251908e-7,-2.263779232865519e-7,3.3026340929251137e-8,-9.066260410092095e-8,-5.915668558466794e-7,-4.095333724532044e-7,-2.127459987629057e-7,-4.5170423281263727e-7,-2.037018126170473e-7,-9.272487615900187e-8,3.393757061581963e-9,2.4449678166065734e-7,4.826421062608927e-7,1.942200883216074e-7,5.935201586514156e-7,-6.606397042240759e-8,-1.0750513989592707e-7,5.576868192161912e-8,-8.34977360130963e-8,-1.2248204503887897e-7,-2.9068491227552695e-8,-1.229789493514886e-7,6.007814372852501e-7,8.484198974401957e-7,6.994744817934939e-7,-9.861929805111006e-8,-5.936600266134924e-7,-5.593540094051508e-7,-7.298958655919977e-7,-2.4149928793510245e-7,3.402517218937738e-7,1.2776091690600136e-7,1.1207594236498338e-7,6.996358744473498e-7,9.117816934014916e-7,8.896169385578406e-7,1.1597776453034452e-7,-1.0703316442806265e-7,5.0214774649210094e-8,5.17127040386773e-7,7.131659636041797e-7,5.433308187631944e-7,1.0718482812042745e-7,1.6720868226235404e-7,-1.8195464475779273e-7,-3.318230502254896e-7,-3.4615892189242685e-7,-4.025331461113541e-7,1.811342886185247e-7,3.3798134577351363e-7,3.591585471057731e-7,1.3834704503176156e-7,1.9710347666372217e-7,-6.003379514081616e-8,7.696877430068176e-8,1.1465602048294163e-7,1.1518478467565401e-7,-3.616302386442819e-8,-7.52311538570971e-8,-1.2666185995878448e-7,-6.970466507533832e-7,-8.417145325254517e-7,-8.376325566962144e-7,-6.491591341236265e-7,-4.363122933583501e-7,-3.157926564691077e-7,-5.100044364238702e-7,-5.632970835166949e-7,-3.8360529766473273e-7,-1.7768119449095203e-7,-3.462220899183413e-8,-3.008543792942974e-7,-1.7628881097554748e-7,9.389934820038981e-8,-7.945747075807362e-9,-3.847949104890111e-9,2.1581058260623135e-7,1.302353662173975e-7,2.4536981115524974e-7,5.167161050408912e-7,7.374721552995683e-7,4.1477466820996437e-7,3.743265719018071e-7,2.4686860071685027e-7,5.459303269351924e-7,3.123359515762899e-7,-2.6903476430284503e-7,1.3992875041846551e-8,3.2251725099238226e-8,4.3079947013104653e-7,8.087075411392379e-8,6.130783749550453e-8,-1.4716624833335435e-7,-6.160245308213281e-8,1.0000815715792222e-8,-2.646856769392108e-7,-4.705088054976206e-7,-4.801590891585871e-7,-2.0342630960893894e-7,1.6524294428883795e-8,5.513036346393994e-7,1.7244913553683828e-7,-1.6575979000435505e-7,-7.635732843711254e-8,3.693201110368444e-9,-6.316078265282019e-8,-2.0310990532872578e-7,-8.382172143954617e-7,-8.883121108544523e-7,-3.9929264660306415e-7,1.4299477726550685e-7,-1.9759479579126016e-7,-4.040366626210496e-7,-5.796764092913226e-7,-6.110546610596939e-7,-7.334725639656691e-7,-4.276853363723502e-7,-6.118757957440856e-8,-3.230524174181984e-7,-2.709426677325439e-7,2.0440147253790785e-7,4.373456039764089e-7,7.549254456109264e-8,2.908298933496246e-8,1.3845190787663832e-7,-5.685232002482603e-8,-2.4037290958595224e-7,-2.0068260476702191e-7,-2.6284882054901124e-7,-1.611443840769272e-7,-6.163309072459338e-7,-8.714993487988819e-7,-8.120121373424141e-7,-9.949277916195581e-7,-5.810188931412715e-7,-8.367169755216813e-8,1.1357642130450145e-7,4.935350414439657e-7,5.44378220351238e-7,5.930089535258833e-7,1.4685282061734637e-7,3.4569645332112954e-7,5.188706898087255e-7,2.4007223748902597e-7,3.6546257822474456e-9,4.3057142995075e-7,6.020450832752547e-7,-6.249048672781624e-8,2.5836617285713465e-7,6.993491703948508e-8,2.652483805605447e-7,3.1634484740112647e-7,2.928010976330994e-7,4.634213210120366e-7,4.8162656130528e-7,3.1178700819087386e-7,4.491015555864588e-7,3.8569988168411885e-8,-3.8659780321246694e-7,-3.190389788472662e-7,-3.9465139548867097e-7,-1.1680075316878778e-7,-5.797503888165543e-7,-3.681628653790755e-7,-1.6670148523529044e-7,-2.3627831627634495e-7,-1.9724003747694997e-7,-2.0640584663484293e-7,-3.2572385339272056e-7,-4.3563724972042294e-7,1.4170213564415714e-7,1.0649232654947189e-7,-1.8690629607816393e-8,-6.039813675547606e-8,-4.2178242349718776e-7,-7.381382379518264e-8,-1.969713777333028e-7,-8.519001068183624e-8,1.2318860341891938e-7,4.4325526785557675e-7,-3.1402469413173896e-8,-8.11414029371293e-8,4.2500251053657473e-7,3.776293612781586e-7,-1.2894538936045733e-7,-5.609330568668506e-7,-2.6323021732904816e-7,-3.947602831463075e-7,-3.8734100796198154e-7,-4.846569858271186e-7,6.059489481818947e-8,3.8733240970816297e-7,8.027971942982277e-8,-2.7092742147468374e-7,-3.57151581543213e-7,1.1995789859064393e-7,2.143399923723385e-7,4.773583298723639e-7,2.2688608624967625e-7,-3.603885978035406e-8,-1.599477028369478e-7,-3.8196483139520145e-7,1.739950473612528e-7,3.194382892259369e-7,5.804123953021453e-7,6.422275116492938e-7,3.989332062363803e-7,4.016749868611145e-7,8.730250389149603e-7,5.530461376349038e-7,2.612066414250062e-7,5.298648691288039e-7,3.1561289670922474e-7,-4.1939894948178445e-8,-1.0247412183465834e-7,1.5552833963235832e-7,3.469110583902208e-7,3.211414686759094e-7,-3.253161057640966e-8,-2.1772895309865794e-7,2.2000267268282776e-7,3.1646004173064385e-7,-4.221084851416647e-7,-3.212465373287271e-7,-6.076108145356388e-7,-3.7948651706295925e-7,4.393458089564926e-7,6.39754780728972e-7,5.807681262019966e-7,-3.686634488962629e-7,-5.988699317847431e-7,-3.5666520905900475e-7,-2.6871271552526824e-7,-2.3209016788061805e-7,2.385659661147162e-7,1.3599327662503621e-7,2.413985929562701e-7,5.484515367561766e-7,2.008443130486267e-7,-3.536629582304286e-8,-3.607101183231613e-7,-1.499487020474527e-7,-1.3444721540929955e-7,-1.5549799784464058e-7,1.5606433367169965e-7,7.077211136238221e-7,-1.0621787928933398e-7,-4.100172101220307e-7,-2.7842445866410374e-7,-1.4497130889414284e-7,1.8725882681841316e-7,2.1679555387267269e-7,3.71823110796371e-7,4.738208981922465e-7,2.2814353728932345e-7,-1.660337062435081e-7,1.6651865129266107e-7,1.3820360990201856e-7,2.6123384732937575e-7,-1.574929857888241e-7,-2.453860169250129e-8,2.2225360196975747e-7,6.801162258643637e-7,6.355846042821627e-7,-3.520568958995266e-8,-1.3693896457926723e-7,-1.720402962718059e-7,-3.2902842181296774e-7,5.358204353087569e-8,-1.8796031245747963e-7,-1.2414819754910963e-7,4.141782553138417e-7,1.4894207733746515e-7,-1.0136779191792454e-7,-3.974963460321612e-8,-5.9244560490799944e-8,5.15971030749431e-8,-9.746077776114573e-9,-1.469750654327806e-7,-7.303923889687714e-8,-4.1285897798088385e-7,-5.214346080196822e-7,-4.952544748681473e-7,-4.5947912052034157e-7,-7.207856009242651e-7,-2.399456428416373e-7,-4.214624448545054e-7,-4.425971888857656e-7,-6.407907801081088e-7,-3.8195777077164466e-7,2.848959405717941e-7,1.0976760243265243e-7,5.4395785952510334e-8,-3.1909275821998757e-7,-3.321422718663426e-7,1.3849567424284803e-7,8.623994184566481e-7,1.0846564636421455e-6,5.131035629273375e-7,9.836262965266996e-9,9.31082283450165e-8,3.0479650155506883e-7,5.080822041353338e-7,4.50943650878667e-7,-6.381910083033753e-7,-6.50280314632449e-7,2.3739777747419597e-8,2.4286455891262756e-7,9.316529445820579e-8,-1.6531352257097134e-7,-4.989044683428018e-7,-2.693390745698858e-7,8.346231471479284e-8,3.4281524869156265e-11,2.2601600676402975e-7,4.171737136605312e-7,9.778053750401487e-8,-4.5485751860569884e-7,-1.8080483244729966e-7,-1.2685713139311237e-7,-1.2422915873742372e-7,-2.149973780737902e-7,-3.06229684498303e-8,1.7687585953802135e-7,2.574844119911984e-7,-4.3566797750672343e-7,-2.419371521430287e-7,1.2190337732080602e-7,2.419111391369743e-7,-5.9106655201158606e-8,5.350262843355487e-8,7.185417969945506e-8,-4.477702342588949e-8,-3.4240753823552113e-7,3.132493114315029e-9,-5.6283439995876475e-8,1.2944046529113165e-7,4.809991320188429e-7,5.949965203438161e-7,2.965393031467784e-7,3.101988013518129e-7,1.777466413285371e-7,1.6986224571890654e-7,1.282311712027226e-7,-3.0025293137827755e-7,-2.964697317180034e-7,-1.73924181274954e-7,-2.3723668869298442e-7,-2.706863069923397e-7,5.648945963465988e-8,-4.584589295822622e-7,-5.464824473815657e-7,-1.5622000748696597e-7,-4.211060753441374e-7,-5.381622999226796e-7,-4.458721816939185e-7,2.6030816362818494e-8,5.622541051192007e-7,7.131341240646755e-7,5.029475595603347e-7,3.7191949281540375e-7,2.6197020005191443e-7,3.584254888831174e-8
1.2381046368634161e-5,5.372126466857971e-6,2.6197785582826026e-6,1.3377346605954096e-6,2.1609594177844927e-7,2.4212584360473177e-8,-1.9180841330147534e-7,-2.8528738942223543e-7,-3.148530492405878e-7,-1.7189981643211758e-7,-2.1389856251780532e-7,-2.764096771647766e-7,-6.842800535160043e-8,3.332478780185582e-7,1.1159556178567199e-7,-2.3824580803686308e-7,-2.287546176121184e-7,-4.243035357929904e-7,-3.6253791972338936e-7,6.841266722190674e-8,-2.8084353551402356e-7,-8.995360551198018e-8,2.7561453405722793e-8,-6.314205305904273e-8,-6.927023762611904e-8,1.8608928915895223e-7,1.051234549382976e-7,4.7645733596837175e-8,-9.748755759725434e-8,2.7557335954516997e-7,-1.0291402745369985e-7,-7.951602469973919e-8,-2.440936193930665e-7,-1.2343169111792295e-7,-1.0806692350851316e-7,-2.4480171596998173e-7,-2.1852634211584153e-7,-1.7035024971626902e-7,-4.575045079498727e-7,-2.3202498673560888e-7,-2.745436292995333e-7,-2.3806049560990644e-7,-3.1509615730227916e-7,-9.09432461623538e-8,2.096418421588385e-7,2.2597348555830307e-7,5.1587183831380466e-8,1.554513603330851e-7,5.101314793612484e-7,-1.0007979070141223e-7,-5.8006247637990946e-8,-1.4431533634333123e-7,-1.8793499297349925e-7,-3.391815042264595e-7,-4.1886509602847446e-8,8.090889248058237e-8,2.796254028115025e-7,3.142391736550405e-7,3.3419171756190057e-7,-3.456543272508105e-8,-7.702307837961732e-8,-1.2054834771081103e-7,-2.4425237291072994e-7,5.9492365054977886e-8,2.216611285759026e-7,4.673852163380488e-8,1.1625711788906878e-7,-2.052305006723152e-7,-2.709807448359751e-7,-8.661995115143279e-8,-4.010841332185917e-7,-6.182774351081168e-7,-4.0234869706661415e-7,-1.1973593916319927e-7,1.0911906594093117e-8,-6.075077570658005e-7,-4.0595909505053765e-7,-1.5958459564030081e-7,-4.397163218896144e-7,-1.9782088689116227e-7,3.4281597341748515e-8,-1.6786877164860325e-7,4.7217612197782215e-8,1.862689768185058e-7,-5.3045207973301405e-8,2.3783095167198955e-7,-2.389310612621038e-7,-3.379561193865894e-8,-1.4367854786724524e-7,3.459021964132008e-8,-1.5949925070682827e-7,1.556189541697583e-7,1.271477281392984e-7,7.778561929906011e-8,1.1280157223720422e-7,4.305109371184148e-8,2.4531939978943676e-8,-2.152909806852665e-7,-2.13388350138755e-7,-1.769158428294024e-7,-1.1607755935735505e-7,4.4571771672350196e-8,2.4856046810159186e-7,9.353512642350397e-8,2.415336079880932e-7,1.2045091896894877e-7,-1.1093003424285014e-7,1.4496328049824382e-7,1.1381652461564974e-7,3.9349135315772357e-7,2.9916627521430726e-7,1.6313585649796553e-7,-1.4788695488848192e-7,3.510161079595002e-8,1.274271677578706e-7,-2.1153323345545448e-7,-2.5579787883091177e-7,-2.0546376724098018e-7,-1.2956215732099276e-7,-2.6209422185261886e-7,-1.6415368889172223e-7,2.763588514536548e-8,2.179688798918962e-7,3.031692919121935e-8,3.039187987285978e-7,1.0018180306806948e-7,6.341619249783716e-9,-2.556187377217327e-8,-9.285372348996976e-8,-1.0914848093536861e-7,-1.2971148649533323e-7,-1.7555740227550008e-7,4.748506304562516e-7,4.128970236141685e-7,4.781270219565859e-8,2.383242696770824e-7,3.630863067371776e-8,-1.5219051336755327e-7,-1.6960412095272098e-7,-1.08466627034549e-7,-1.8345270680898326e-7,-3.171433090890972e-7,-3.1917933092320507e-7,-3.717585772609884e-7,6.740701184108314e-8,3.357759244821736e-7,4.4179482562918726e-7,3.022092918240961e-7,5.112552143614339e-7,5.327562921309307e-7,-1.7444908228270046e-7,-4.7581458936310677e-7,-4.6022477738317493e-7,-5.507022056473433e-7,-2.2611389496133403e-7,-3.4901784865982036e-7,-3.761757821964864e-7,-2.221274815149403e-8,9.298980059425009e-8,-1.7266212937795717e-7,-5.993722589889368e-7,-5.027637513571366e-7,-4.966709628032959e-7,-3.8771345306793024e-7,5.18989563761955e-8,2.9188621909651e-7,3.245839376993006e-7,2.1093809775191823e-7,3.2624167803223626e-7,-2.1605127991960733e-7,-2.4022123619065584e-7,-1.6920669403525387e-7,-1.9498739233415314e-7,-1.6032999566329606e-7,-1.0470510275603134e-7,-1.0265345889549952e-7,-1.844270592622304e-7,-1.7507938922766518e-7,3.6379602609280094e-8,-2.8152000303165258e-8,-8.986403373116064e-8,-2.2364361947145307e-7,-2.773361650203002e-7,-2.2683043025096204e-7,-2.323025280848287e-7,-2.2849858547778309e-7,-2.5010342515569787e-7,-2.38493599450751e-7,-1.3238585161227397e-7,5.635652602358989e-8,8.04155946451495e-8,8.237339545893351e-8,1.0250919028530343e-7,2.5416603291247626e-7,6.814520053822715e-7,4.439223189133905e-7,4.232597898422554e-7,1.9418082010365605e-7,-6.715485532078405e-8,-1.1412278535598232e-7,-2.2941354879567998e-7,-1.900976507436901e-7,-3.75464973819885e-7,-1.853774327957578e-7,-4.611755946083746e-8,2.5632333109958304e-7,1.3853741100388005e-7,-2.2396284422947988e-7,-1.144456451326383e-7,7.340840746639568e-9,-4.1551407863130696e-7,-5.555521814167928e-7,-5.986968716445154e-7,-7.116129145837627e-7,-8.046019684280253e-7,-4.4132070996311555e-7,-2.0458851797634055e-7,1.651254302673896e-8,3.9093310562191696e-7,5.916231665819713e-7,2.0697294972633995e-7,1.4633528817231022e-7,-5.512465988295982e-9,-4.2448793861143605e-8,-1.2340668570174333e-7,-3.496185046869282e-7,-2.2155324578811682e-7,-1.4235578961914756e-7,-2.509893549423949e-7,-2.8560350050553616e-7,-1.1959560635577235e-7,1.675854890300801e-7,3.778698694049137e-8,3.4216052350201084e-8,1.0098665789156123e-7,-8.071824225036598e-8,-1.8338360108184644e-7,-1.6603319607132852e-7,1.2589074980585266e-7,8.462369302155968e-8,-9.171654892014629e-8,-3.351459430945314e-7,-4.6155772050462083e-7,-2.3746714915271287e-7,-4.4015807309201265e-7,-4.80476743003198e-9,3.119184504895368e-7,3.9755278322100275e-7,5.801117589405584e-7,8.217059483871539e-7,7.291138331617985e-7,2.5552108759365996e-7,5.493484886299233e-7,5.376350111726792e-7,4.2043675982948996e-7,1.5374996375040058e-7,-1.344974036345528e-7,-6.670715523188734e-8,7.356730007441215e-8,1.1209508219987363e-7,-7.510351702443978e-8,-1.3298315378403047e-7,-1.1579303804969143e-7,5.647314407577587e-8,2.0126300185372421e-7,1.6186646913703488e-7,3.668946438260196e-7,3.6423759625834325e-7,4.811682097036361e-7,-1.830880992627498e-7,-5.52730102843224e-7,-2.8234113703858555e-7,1.0349922460710692e-7,3.166036350296813e-7,6.744228301465449e-8,7.051408449887404e-9,-6.037962728779387e-8,-1.1895497616420553e-7,8.627688821394781e-8,4.785252428657306e-7,2.988457087729528e-7,4.307746547706291e-7,3.9089209450207624e-7,3.75316650323969e-7,2.775909718435016e-7,-2.4162388167412435e-8,-2.117292336684496e-8,1.8338374964647477e-7,3.261050549323146e-7,2.808396780367889e-7,3.9050262500604596e-7,-2.587986878590619e-7,-1.3204436125639769e-8,-9.357238943321832e-8,-1.838959373041847e-7,-2.7831239551188135e-7,-6.318393730062814e-7,-3.7570753910437435e-7,-7.196311303741422e-7,-7.612835527969156e-7,-7.125557714735e-7,-5.755804542561657e-7,-3.7389502214772125e-7,8.740859707105666e-8,2.3550862712553544e-7,2.654903236851321e-7,5.968005121201669e-7,-1.914969991785903e-7,-1.986199675615025e-7,-5.218888557519259e-7,-5.177419693851369e-7,-3.6112921978064624e-7,-2.523998421172778e-7,-2.1070795954934206e-8,-2.6333417848966533e-7,-1.9900399481027019e-7,-1.024507561967456e-7,-1.7512817499487474e-7,-8.908127748096229e-8,-1.6557053646856084e-8,8.618295797225774e-8,-2.825126570410459e-7,-1.8288638613268598e-7,6.001524873399857e-8,-4.035860656428618e-7,-2.4870087808869685e-7,1.3612953033956117e-7,8.066352931350052e-9,1.5265361914504262e-7,4.169358087043756e-7,3.632310012284705e-7,5.416564380208463e-7,6.657022290057495e-7,3.6292394057649435e-7,-5.2881244888065977e-8,-1.0223855450823613e-7,-5.050807342700296e-7,-4.524778858644896e-7,-1.2203064216486206e-7,-3.774767975677307e-7,-2.0110991887799443e-9,3.956705612455973e-7,4.953727806301217e-7,-1.4315175744541898e-8,2.7414780802097486e-7,2.554419544631654e-7,-1.0493912260034057e-7,-7.149755929097424e-8,-1.2198656259596861e-7,-7.30576013198368e-8,3.572333757263186e-8,2.2452398495483883e-7,1.6010300414034659e-7,5.733542576029035e-7,5.02282264079773e-7,1.2144660722023129e-7,-1.585623261729845e-7,1.0662159310552374e-8,-1.4842261364460377e-8,1.3793615236049785e-7,2.1917424525135808e-7,2.3297314681115827e-7,-1.8363099491593625e-8,4.5283900005530124e-7,2.0124838639351038e-8,-1.4986208832303888e-7,-8.474727045669779e-9,2.6537236918843335e-7,8.284346123623733e-8,-2.343446318035237e-7,-2.36703703930138e-7,-4.572077678810475e-8,-2.9567939987063843e-8,2.8136743571183087e-7,1.7435638176442003e-7,-6.91708863811807e-8,-3.3956327714496125e-7,-1.2402877982155748e-7,8.699016042344109e-8,2.458943857541874e-9,1.6717353740825638e-7,2.1110587500098074e-7,5.155135121030367e-7,4.44244813592432e-7,4.271726951037388e-7,4.237405034334496e-7,4.1919346159712296e-7,-1.226149676637293e-7,-2.1277023412501978e-8,-3.169070478995894e-8,-2.4950636825488346e-7,3.135646845901803e-8,2.2238482204034387e-7,6.070925450078433e-8,8.431179896979587e-8,-1.3530056251787838e-7,-3.8948908964278054e-7,-8.323829891885618e-8,-2.0344321086767096e-7,1.4401268728450834e-7,2.0584013654650138e-7,1.0614292218119192e-7,-2.0973665694439024e-7,-4.749118955002665e-7,-3.6041465091321414e-7,-3.898017223341234e-7,-4.859028454866954e-7,-2.837402244672928e-7,-4.650146301109886e-7,-4.6615236548715573e-7,-1.4760087396259224e-7,3.5932239776557027e-7,6.333370028912827e-7,5.566357847341194e-7,3.13985818869405e-7,4.035337652909704e-7,5.309046340124573e-7,3.644870573388716e-7,4.132819030799853e-7,-1.9515400709468187e-8,-9.412043239091634e-8,-6.109795927614913e-8,-2.41221382526324e-7,-6.028855078814861e-7,-4.2860898870973225e-7,-6.756482425651928e-7,-2.0944707428170319e-7,3.8306665569324177e-7,1.6766087306614186e-7,-5.465362300142301e-8,-1.297515802525201e-7,-2.7972110848331474e-7,-2.8761043945477334e-7,-4.4401275951377294e-7,-2.9251820843866517e-7,-2.428047848263899e-7,4.1199247629107674e-7,5.162657874769706e-7,3.6495269651507855e-7,-1.592703943098946e-7,3.195216049380417e-8,-2.313407877738966e-7,-2.9505225134863654e-7,-3.61308944889803e-7,-5.16621001920211e-7,-3.007853453378145e-7,-2.5620079410227e-7,2.458430980187198e-7,-4.5663486122964004e-8,-2.8068885180172274e-7,-2.2226373127446513e-7,3.200034044267258e-7,2.4382646595992684e-7,7.641959235505736e-8,-4.476553519586861e-9,-3.2145466749942048e-9,-5.480423193126589e-7,-1.559691337841941e-7,1.7684689942931608e-8,-4.749748034576289e-7,-2.5691492653676157e-7,-1.7321680825133635e-7,-9.531793114465411e-8,2.9557734459993163e-7,2.2509675853933563e-8,1.8406602921596182e-8,-4.693837775274564e-8,7.458910501088794e-8,-2.7004773973291994e-7,-3.8038066170109286e-7,-3.5029146497557714e-7,-3.117250841173723e-7,1.176481237501425e-7,2.5107866495929665e-7,7.01270811505776e-7,1.2368603746333024e-7,5.677043200774674e-7,4.5838781190069997e-7,1.366049410144029e-7,-1.5087074368103074e-7,-1.7463345303714446e-7,-1.5416032136018964e-7,-1.2954994423739499e-7,-3.247924727729099e-8,1.6391413325915537e-7,2.2120400017566018e-7,7.290492677321253e-8,-1.7441781972586766e-7,4.8553554732746384e-9,-5.25175716022041e-8,2.827068955713634e-7,2.4977085722997985e-7,-1.9293651241385093e-7,-2.7986127612717124e-7,-5.192474608869809e-7,-1.6726560485598477e-7,3.947406931895185e-8,8.716153904996194e-8,4.993990293079001e-7,6.15860261600992e-7,6.697279489776465e-7
1.04652009488331e-5,4.667817741378483e-6,2.084126074272815e-6,8.256145590009963e-7,3.765448667037776e-7,-5.185387950138453e-8,-2.4415909735739315e-7,-2.9483233927635267e-7,-2.0987235339428134e-7,-2.552384927971574e-7,-5.884661693648148e-9,5.221554920983486e-8,1.9223400568291197e-7,-1.164395710559734e-8,-4.8144064055192877e-8,-7.909867862411304e-8,8.59380547172428e-8,-1.4007885315019635e-7,7.103177404220733e-8,6.97747453976865e-8,-9.33651938793461e-8,-1.969265631701439e-8,1.1966896655947934e-7,-9.727607325307251e-8,-4.200975677265038e-8,-1.9288322588587914e-7,-9.29141085469873e-8,8.276587883371004e-8,-6.267748298691303e-8,-6.879044262255292e-8,2.6644574911483768e-8,4.6746434311944357e-7,4.212570171439067e-7,5.770492670373784e-7,4.955208952039058e-7,4.154489138569791e-7,4.188457968649038e-7,2.2987607342674996e-7,2.4546638072605e-7,1.6922547991445097e-8,-3.657462616563515e-8,1.7130164651823789e-7,2.1391177018412633e-7,-1.4434874663610355e-7,-3.112819226114964e-7,-2.355789593788681e-7,-2.935911376729607e-7,-1.7009319603559993e-7,-2.4830807188606573e-7,-2.1672662514027146e-7,-2.955688255119743e-7,-1.3854582261653868e-7,1.0065454790074048e-7,3.3758126593929074e-7,2.943471570559564e-7,2.3718569358497659e-7,2.229337608021579e-7,8.984936247198661e-8,-1.2403428476317519e-7,-4.8841833342798904e-8,-2.1991870947295962e-7,-1.8918568596764576e-7,-1.748620161021607e-7,-8.787083232756164e-8,2.9341515288492023e-7,1.7136628630811608e-7,3.732329382072428e-9,1.6538201334847837e-8,-9.390618981749944e-8,8.962210637747915e-9,-2.368532751682455e-7,-3.903220008970518e-8,-4.37981498324313e-9,-6.708612944994049e-8,4.629716690127186e-8,1.9141446974283937e-7,-1.0001464992962369e-7,-2.8094309448658906e-7,-3.8684464730035673e-7,-2.226202885681105e-7,-1.526603147757542e-7,-2.610780722018609e-7,2.8677163105526457e-8,2.740368163443988e-7,1.9194359720801314e-7,1.2649335378117262e-7,4.072368369229919e-7,3.6117689425186177e-7,7.91043027652165e-8,1.1280675950558749e-7,3.0506966418476914e-7,1.6568976686226024e-7,-1.8683507463147505e-7,-2.816242965781858e-7,-5.117514878139176e-7,-1.871544728698039e-7,-8.448322564686035e-8,7.939636863576746e-8,-7.9682798684896e-9,-1.1008359607941376e-7,8.711368388109232e-8,3.7214051849330416e-8,-3.0209343616343395e-8,-1.8709402376714143e-7,-2.9981470210123843e-7,-3.4891241917729427e-7,-1.1532968361517815e-7,3.8200581646490976e-8,-4.202259913164041e-8,-1.184824413209337e-7,-4.926493341325744e-7,-3.5161209721420605e-7,-3.3967167455598455e-7,-8.308422063507518e-8,-1.8715422173264866e-7,-9.794977398557061e-8,-5.863458529593421e-8,3.4334827168173356e-7,4.0574421528615036e-7,3.9992561166390074e-7,5.314599044551267e-7,3.2583931840783e-7,-4.978360388373762e-9,3.590045777170469e-8,-1.4317064674644484e-7,2.6338111128874977e-8,-1.3549768343310375e-7,-3.5346066815311797e-7,2.6210594108153463e-8,5.864947274492336e-8,-8.1678848771331e-8,-2.585474803457521e-8,1.15418943367606e-7,3.327800765658791e-7,3.3890988063094573e-7,1.0477998305333757e-7,-2.5476747720683493e-8,-6.276682612498326e-8,4.889291293052637e-8,4.785125980244454e-8,-2.175435225747571e-7,-2.2467558014341163e-7,1.982091939137815e-8,-1.2363415172674082e-7,-2.9574352004142694e-7,-4.213948536351617e-7,-2.0908801068123205e-7,-1.961276419983256e-7,-9.189021926813676e-10,1.0130426843364992e-7,9.917634315179626e-8,1.4851735982283659e-8,2.2164420811162644e-8,-5.357528417076341e-9,4.1896730853914243e-7,5.486228641663786e-7,3.0938156534908594e-7,1.84278740377481e-7,1.9134271050470588e-7,2.3776872488461947e-7,-1.817059610191057e-8,-1.2943335206935283e-7,-1.3131156510865872e-7,-3.236240264838286e-7,-1.7504049470496776e-7,-7.673366350890016e-8,6.535336002398472e-8,5.28590481329639e-8,2.4931473428762604e-8,7.181362380381393e-9,2.845173250714978e-7,3.3891253747296583e-7,1.9806332505040393e-8,1.7155376688251034e-8,-1.862695591101737e-7,-3.231129482101922e-8,-5.982330892269505e-8,-1.5610077155207654e-8,-2.2842330248056408e-7,-2.5369507689776967e-7,-1.4371222939780828e-7,-2.578137499406273e-7,-5.444150361862533e-7,-1.6777728317957707e-7,1.4565372846809794e-7,1.071264746085941e-7,-3.6551776563894784e-8,9.230787636726386e-8,-3.2591881884608987e-8,-3.2861129229440943e-9,9.760171195148288e-8,2.3008138815798804e-7,1.461455117617266e-8,-2.2905994775078442e-7,-5.710882627765233e-7,-3.928579515034333e-7,-5.568677774541755e-7,-8.635194544674e-8,-2.3528882589326576e-7,-3.9834869987156515e-7,-2.1735044781393e-7,-1.809884931901558e-7,8.113478235591056e-8,1.5880272458349797e-7,1.1060267258528276e-7,-9.406392476105502e-8,3.0973917281910094e-8,3.3277246643462466e-7,2.499179728950253e-7,3.6208841376487747e-7,-2.119646161538341e-8,9.477937029265283e-9,-2.2355553713305017e-9,-3.344478139559355e-7,-6.564787984212937e-7,-5.055423890306068e-7,-1.631336513121201e-8,1.7336689479739587e-7,2.689277457392276e-7,2.2456921105858922e-7,1.1369893458025824e-7,-6.19660899822304e-8,-1.5340441541124147e-7,-1.7418075571864586e-7,-1.0393687307098828e-7,-3.2147227263356674e-7,-1.77362917572009e-7,-7.235941854439345e-8,-1.042050494063152e-7,-2.698394218926896e-7,-5.155696139235288e-8,-1.6364284947206296e-7,-2.318503578879276e-7,-3.6336070923974354e-7,-2.9453985364724777e-7,-4.659988040282254e-8,4.226801858604348e-10,-8.835379218265214e-8,-3.8601796881502167e-7,-3.2549017276294044e-7,-3.596176970665163e-7,-2.2751937168645465e-7,-2.0734091897896566e-7,-3.795828573701661e-7,-2.571644878596219e-7,1.6457282875706702e-7,9.696820955668217e-8,-1.1784886557238921e-7,-1.0806356862316188e-7,1.323990659795639e-7,3.780730606727859e-7,2.990800053419865e-8,7.275502382004212e-8,3.42345567060704e-8,-9.722596158925312e-8,-2.1431938696879346e-7,1.318617210620293e-9,-1.3146301280620299e-8,1.2287478138899537e-7,1.4800516835269624e-7,1.2303983227495341e-8,-2.4704929454978263e-7,-4.187504939700382e-7,-4.0300279760415623e-7,-5.210669885123595e-7,-3.661684030070334e-7,-1.9790527459780302e-7,1.8526198848400256e-7,2.403408127070736e-7,5.688116816774819e-8,-1.8393937232597175e-7,-2.101497466554002e-7,-1.8383878792309905e-7,-4.906751777217398e-7,-6.174398843418073e-7,-4.3672979677908436e-7,-5.505137817371905e-7,-3.615605736587108e-7,-2.3653061408029612e-7,-3.590622977810394e-7,-2.7359868847799077e-7,-4.128705531576701e-7,-6.823516876346798e-7,-3.734186847201813e-7,1.2948565880295968e-8,1.7146266320130164e-7,1.9873392917182515e-7,-3.3317663690053095e-8,6.54816053041089e-8,-9.395357063423885e-8,-1.3602540344507288e-8,-2.5429687431779356e-8,8.354113013826201e-8,1.1249524834841862e-8,-1.647635815181256e-7,-5.252944949962723e-7,-3.7883713267368686e-7,-3.643413715624792e-7,-3.693113244423999e-7,-6.183214890474175e-9,6.07935543038895e-8,-9.595549299918136e-8,-1.2556165861865224e-7,-1.1135929813747974e-7,-2.1782816032350638e-7,-3.7592721044658366e-7,-3.3071810762417387e-7,-4.080675784982929e-7,-1.332799630750835e-7,8.669206401315469e-8,1.4912761889299526e-7,-1.0239767244647145e-7,-1.6303760319951922e-7,-8.735925956632057e-8,-3.3513495709779296e-7,-3.9394812428655874e-7,3.666762432685514e-10,-3.0686237374496725e-8,-5.3273587353191836e-8,-3.6567732245602433e-7,-3.288275047628065e-7,-1.2023605808595385e-7,1.2726618845894941e-8,6.652811710772176e-8,1.2159138133062475e-7,-7.003126780734378e-8,-3.4582215314181035e-7,-4.967248460601787e-7,-7.009260063014461e-7,-6.645716788050736e-7,-3.693265142580158e-7,-1.763202678626874e-7,1.9849985440093816e-7,3.729281335718364e-7,2.4487002074243996e-7,2.0215946479318597e-7,3.4302546655075046e-8,-1.785216455412932e-7,-1.608028341436237e-7,2.623724039034232e-7,1.9175749295151525e-7,4.4670595079032e-7,5.925785828666757e-7,3.207592072247804e-7,3.1865563776673536e-7,2.318446272166793e-7,1.6139473041447154e-7,-9.716392995040243e-8,-2.259768626756528e-7,-8.586987164143387e-8,1.1462911022622892e-7,2.690098938097198e-7,2.1393085158664538e-7,-6.169930569088728e-8,1.563153779621448e-7,1.818899521641981e-7,-2.3250636972202996e-7,-2.2713814310969672e-7,4.023271314618743e-8,-2.9571661686631736e-7,-4.240850704022003e-7,-4.111482603948746e-7,-6.30370347109216e-7,-7.691586080387577e-7,-4.920645666102686e-7,8.490561272286589e-8,9.275401497727085e-8,1.2683991841952857e-7,3.640326889780597e-7,9.86220883940667e-9,9.815778854014921e-8,-9.44714227982712e-8,-1.2658271202457081e-7,8.325892395789802e-8,1.4357167997444058e-7,2.3203623741887215e-7,4.1700480543403784e-7,5.258095444195103e-7,3.7950332764287464e-7,1.7663315270612892e-7,-2.3277820657357432e-7,-2.6809972144081635e-7,-1.2638358191340191e-7,-1.5638348904106347e-7,-5.08518560909442e-8,2.2546908853197949e-7,4.938532647518797e-7,3.6515757278678334e-7,2.0071672421735963e-7,2.2246151174611564e-7,9.143492648839428e-8,1.0919076715890233e-7,5.08583848884297e-7,4.367214062114367e-7,6.615221042053658e-9,-2.4284132736560257e-8,1.3753401895556106e-7,1.9635438117813084e-7,3.566044823738087e-7,2.433237335043463e-7,1.3039747270676351e-7,-1.0383715456584774e-7,-3.343304369587617e-7,-1.1878764353872196e-8,2.284302471643751e-7,1.0001718465423592e-7,1.0628599375019992e-7,1.8574166931699593e-7,3.76440696632572e-7,2.6537876867467195e-7,1.4606224635566054e-8,9.831101794612713e-8,-1.421490209153494e-7,-5.8209816882585664e-8,-1.7870761256032827e-7,4.019403350294428e-8,4.625645314329527e-9,-4.445897733973655e-8,3.6270669536361216e-9,1.1079517232042974e-7,1.8502988635984606e-7,-1.4859964411740253e-8,-1.8799713751579437e-7,-3.459450297625981e-7,-1.5074530193504875e-7,-6.409722113279861e-8,-3.204486414531774e-8,1.3416723710308343e-7,1.7023492387709777e-7,1.6610428905497975e-7,4.089007164661787e-7,2.538805695715532e-7,3.2521634157958516e-7,5.455459777893725e-7,7.278625865989719e-7,2.785304470573655e-7,-1.9018590412547298e-7,-8.58154642113719e-8,-3.615124716506672e-7,-2.493409004686349e-7,-2.5957070550113995e-7,-1.8791953572413716e-7,4.852987943930879e-8,-2.4470752450734054e-7,-1.7726441801856445e-7,-2.7099496885948416e-7,-3.8366734369340795e-7,-2.818126144528824e-7,-2.5816671853471395e-7,-2.366528111339927e-7,-1.417165688339699e-7,2.1731482930418594e-7,4.13972410920232e-7,1.9040572655102463e-7,-2.4540217084845153e-8,1.1034235378003412e-7,1.482102016039654e-7,3.615014119387213e-7,3.9324191463850784e-7,1.886384753852048e-7,-2.3126274483818443e-8,-1.3607255228354454e-7,2.7247431925395606e-8,1.7676307882739155e-7,1.3915611424196126e-7,2.531354998908643e-7,1.5814808110923906e-8,7.363577079235154e-8,-9.164581242463696e-8,-1.2779331745448868e-7,-2.0267323709772512e-7,-2.1543627597975318e-7,8.696251627247352e-8,6.806072102558046e-8,1.919311010180206e-8,3.180054507250493e-7,4.364364665869177e-7,-2.4359535972518233e-8,-3.9634497329982664e-7,-4.1316856854481724e-7,-3.299366798116439e-7,-5.297849139440987e-7,-3.9364903689303825e-7,-2.926249215262913e-7,-1.246390250727657e-7,1.23245531186216e-7,4.617241362270058e-7,4.237141264823755e-7,4.3956765093994003e-7,5.037800563306732e-7,3.762736668401185e-7,-7.985792838176911e-8,-1.9580989116211298e-7,-2.0853584534388625e-7,-1.5589978962971147e-7,3.146001497299545e-7,4.24934237307591e-7,4.506981065914386e-7,2.361738964220986e-7,4.3194955631811204e-7,3.9109117296005817e-7
8.30006615909539e-6,3.61954046031753e-6,1.6390383725045447e-6,9.306254108542348e-7,4.599877659675884e-7,1.6000886049442137e-7,3.8922263620771565e-8,-8.483063770445809e-8,-1.0696576290464067e-7,-1.3519023210844788e-7,-2.1970265260018394e-7,-2.918170471268621e-7,-1.5172636598381227e-7,6.677507023311086e-9,2.7813731372442537e-7,4.2145301187187745e-7,4.2500762111308654e-7,2.1653572872646066e-7,-1.0235220703746744e-7,-1.0762784667086956e-7,-4.751882245468597e-9,-2.744715492102326e-7,-4.4914391429008763e-7,-5.674832844280563e-7,-2.6554117663247247e-7,-1.4425387075081262e-7,-1.1391489247139666e-7,1.3879154276145233e-7,3.2945377966051965e-7,2.731769237248385e-7,2.634426553001421e-7,3.0526736374064857e-7,3.626534331280629e-7,-5.4447828878324605e-8,-1.1160544313641818e-7,-8.69288134651926e-8,-3.3189277960854644e-7,-2.9822770259143723e-7,-2.7643888089998666e-7,-2.1462044677202858e-7,-2.2264521674531873e-7,-1.6272453603929222e-7,9.215341095568831e-9,2.6245656735128846e-7,3.305149754113777e-7,2.7690841929174424e-7,1.53917711739949e-7,6.954271757978314e-8,1.676292429421073e-7,7.797537777032785e-8,1.5628599982382639e-7,6.469740746775706e-8,-6.787219940581712e-8,-3.9788213695397767e-7,-3.3748389339261096e-7,-1.3007463969826836e-7,-3.124915102540803e-7,-1.9570483431625833e-7,9.331386717861416e-8,3.4602239571922883e-7,3.130595074614759e-7,2.875609234412e-7,2.963485463560683e-7,3.689599461330016e-7,1.7844909718697537e-7,3.5024042439211865e-7,3.3552877552552644e-7,-2.6731728799716274e-8,1.1381643417983721e-7,7.828833167877991e-8,-1.1779600032090282e-7,-1.427348519793724e-7,-1.9958462576358785e-8,-2.0209926866080302e-7,-2.3819654945630226e-7,-2.3109516630769942e-8,7.882394616962924e-9,1.2749793832079322e-7,-2.1463889946110703e-9,-1.8848857120690137e-7,-4.510829346774492e-8,4.3977880220680074e-8,-2.2801856514328503e-7,-4.96587984279756e-7,-3.342175746078922e-7,-2.5109833795665645e-7,-8.223739683797841e-8,2.031583466368977e-8,-9.842908081481592e-8,1.1837851204411077e-7,2.8504884050650426e-7,1.101751182896394e-7,2.0666180468238232e-7,2.161103352261202e-7,1.5920540177675724e-7,4.990744356386602e-8,-6.004125651080445e-8,-9.429700159644218e-8,-1.6893727724906315e-7,-2.3312668902816565e-7,-2.484469629609586e-7,-6.887059072374533e-8,6.732372179101221e-8,-3.323875422568403e-8,5.346199396838417e-8,1.2263863209415767e-7,1.9915756502096727e-7,6.580171846191394e-8,-9.960613914630566e-8,1.3990570658793619e-8,6.490746630182596e-8,-8.459973058169927e-8,-1.5843376031711498e-7,-2.7137224061377924e-7,-2.3020008174754463e-7,-1.1044813159532485e-7,-1.1849317140551591e-7,1.2207267361506926e-7,1.447015551113395e-7,2.086381559315562e-7,1.975135775519871e-7,6.144460703517807e-9,7.974538013002361e-8,-1.2296338702663703e-7,1.6587066745543484e-8,-2.1748000077413352e-7,-3.420462521794864e-7,-2.7673825075352954e-7,-2.2386672278245968e-7,-3.6343931736036486e-7,-4.833494650297276e-7,-3.591133471017639e-7,-2.005190997271535e-7,1.2309674933303178e-9,3.853267703398018e-8,-4.132704878798973e-8,7.462814747659904e-8,8.347941074990456e-8,5.1560494142619e-8,1.3809996446984822e-7,-5.938502948484927e-8,-1.2819504073176818e-7,-2.2548164937527517e-7,-2.318751238241317e-7,-1.593558718386349e-7,-1.1161816957869097e-7,-1.273115222441366e-7,-2.0100422230457275e-7,-3.3091656258855504e-7,-3.363410795901776e-7,-2.4800405259326074e-7,-2.511637945277044e-7,-8.256512501361393e-8,-6.269010707669233e-8,6.53296298773614e-8,1.3028285152499443e-7,-1.2731298373438428e-7,-1.5041432117585467e-7,-1.3643174364943097e-7,-2.569370795143213e-7,-2.0829103314271672e-7,-3.27353988148992e-7,-3.6478293503413566e-7,-6.384165299094484e-8,7.17532633525655e-8,2.4532460892838926e-7,2.9551027245048665e-7,2.985027866523421e-7,1.280618237083089e-7,-6.298308612895687e-8,1.525722704373496e-8,8.404380799514534e-8,-2.831497855920817e-7,-3.971108380407183e-7,-9.25037465062369e-8,1.6394787576592873e-7,-2.0556858899509353e-7,-4.5689142184120476e-7,-3.209381900196214e-7,1.9721434859931404e-8,1.1655781674053056e-7,2.3502761921811665e-7,3.5260117560010336e-7,2.741488639542283e-7,1.9342160095284438e-7,1.1275218913480777e-7,3.744449100773554e-8,-1.9767465889869558e-7,-8.179833135421813e-8,-2.395010978743688e-7,-1.2864512417596233e-7,-1.0561875147817068e-7,-1.3702472500915694e-7,-3.323595360277458e-8,2.7789871356187814e-8,1.1030442415687886e-7,1.1723718394632696e-7,3.3351951897644294e-7,3.598790410221598e-7,2.925570642181309e-7,8.418402515685764e-8,-1.0812256347079359e-7,1.3842980606440247e-7,3.343811873314427e-8,-1.469168274736771e-7,2.1158573607531552e-7,3.364095999404031e-7,2.120389638542373e-7,3.5161348690192116e-7,4.0545407815767306e-7,4.187343070320185e-8,6.619828921983963e-8,3.1164651031087825e-7,2.8745334374038906e-7,8.67134961891288e-8,7.152820548721436e-8,2.6963017496202207e-7,1.3591524140867062e-7,3.0610403787227075e-8,-1.7323003358845762e-7,-2.2340568557350918e-7,-1.4487785518847977e-7,-1.4734605374816423e-7,1.3137676093594303e-7,3.545235042867366e-8,9.6890466214223e-8,2.615549418121812e-7,3.121829170707538e-7,2.405337521230287e-7,5.345375440159659e-7,4.2222413888614137e-7,8.378632000439546e-8,-4.369510915832201e-9,1.5470482206234332e-7,3.32469925928196e-7,9.024047269373512e-8,-3.0661347430027914e-8,-9.555205763571386e-8,-2.3145481911649078e-7,-2.9882461734730335e-7,-5.5498201313341905e-8,6.927110838999785e-8,-2.065055350021213e-7,5.659646108979485e-8,7.817004555923473e-8,1.6597331925443612e-7,9.189641391449468e-8,2.2591598882077326e-8,-1.1460348431708831e-7,-2.597628013904959e-7,-3.421621649680697e-7,-5.009298392065472e-7,-2.9953884092744784e-7,-1.5060569824677213e-7,1.4288188298185246e-8,1.1098970369521959e-7,2.7737025753303427e-7,2.2334040591723933e-7,3.110428151365606e-8,1.24859478019352e-8,3.5835691986890565e-7,5.026350946593347e-7,3.092783472318232e-7,1.5416092367536294e-7,-1.199462461967714e-7,9.299723981581008e-8,-1.0388882674540187e-7,-6.519618288531244e-8,8.28651932257441e-8,-2.0216564552927303e-7,1.726432597127977e-8,2.641404643165618e-7,3.4148355253986167e-7,2.9024830196618573e-7,1.308975960214248e-7,1.920776197856881e-7,-3.691688576223806e-8,1.57205879499066e-8,-1.9390374231664944e-8,-2.2884503218035755e-7,-5.4867055097648504e-8,1.0433433260659683e-8,2.445760973082364e-8,2.9599178192721234e-7,1.1361598445698081e-7,9.980983355136008e-8,-2.4150446536627667e-7,1.0107785151530015e-7,1.1310034922577552e-7,1.9727594390175082e-8,5.1585051741805165e-8,2.1629868950997078e-7,1.960963223440623e-7,5.9206475476242266e-8,-1.8736836072930855e-7,8.311861759635476e-8,-1.6206942884344064e-7,-4.5965039061973494e-8,-1.2984361917080086e-7,1.9368915813637623e-8,1.0711293161347557e-9,-5.962394129386154e-8,-6.771471323123125e-8,-8.114116949108298e-8,-1.401795074566713e-7,-3.525873032566968e-7,-3.9483969813443e-7,3.2577499615631754e-9,6.370575371777427e-10,-1.3108942640905804e-7,-6.483619896817333e-8,-8.094067390111829e-8,5.6942766036174065e-8,1.7006912743505778e-8,-2.406580872000701e-7,-1.8722115605136207e-8,-6.36765780164682e-8,-4.92404152834433e-8,-1.948509324659309e-8,-8.093719324360279e-8,1.9627202878846393e-9,1.9691771987163476e-8,1.542881282121263e-7,2.650756427506408e-7,1.46982724889934e-7,1.730024311514209e-7,2.8220644898039846e-7,4.864252514623347e-7,1.6940410376281675e-7,1.1852806493880491e-7,1.7847542589945044e-7,3.637547213942347e-8,-2.309796257415644e-8,2.7179259407192725e-7,2.0614821239843292e-7,2.0285504303354353e-7,1.3926943760706727e-8,-7.57665377832665e-8,1.8500294546332683e-7,3.6463181841648275e-7,3.2235791032369255e-7,1.7420662994294937e-7,1.8030349074471767e-7,-4.668962453781191e-8,-1.394734390165478e-7,-2.315938644232202e-7,-2.0537222675930095e-7,-5.115567476536679e-8,-4.742154882938835e-9,2.7714663871950184e-8,2.023445455773997e-7,1.3624866439288894e-7,-4.673810483921595e-8,-1.941092527886005e-7,-2.3784506348802433e-8,1.1391599349362395e-7,-6.933472146420299e-8,-7.597926103851406e-8,3.4061360868444814e-8,-1.7400609906842667e-7,-3.607518367870849e-7,-4.176441116204917e-7,-5.014636419236724e-7,-2.8625049532775057e-7,-2.310695273373399e-7,-1.6813560625028759e-7,-2.937369715113996e-7,-7.271129048247464e-8,-7.910241074065442e-8,-1.1185453452608128e-7,-1.101574832264253e-7,-1.599437544024063e-8,-1.9208938710521164e-8,-2.022153697419878e-7,-1.8940616359254585e-7,-1.8356321025951312e-7,-4.132028140557232e-8,1.5615965101720355e-7,3.385564451840942e-7,3.526400480953738e-7,2.2947625694037191e-7,7.804001505511065e-8,-2.833120119064865e-8,5.0907490124528585e-8,1.3640272153011552e-7,-8.31450672292089e-9,-3.92761773687854e-7,-4.5250891447855366e-7,-2.570873735729722e-7,-9.833590366975818e-8,-1.794045084321169e-7,-4.136665012452007e-8,-3.029121843781654e-7,-2.544259670358887e-7,4.62379589292954e-8,4.587398477698077e-9,-2.947949282928188e-7,-1.9336192937340708e-7,2.4352403592279925e-8,1.1812996686535089e-7,2.0282165419698276e-7,1.3621576558803476e-7,-6.806358338569844e-8,-2.2637681955389003e-7,-2.231793456202986e-7,5.923014207823667e-9,-9.958035402686193e-10,-3.421578411758234e-8,-3.2580643631280667e-8,1.2560867262813554e-7,7.713017634657197e-8,7.181329810982463e-8,1.4060667011006944e-8,1.677659165210895e-7,6.466986796831699e-8,-8.787217549444611e-9,5.708539876036778e-8,-3.596648705979938e-8,-1.6015591486073754e-7,-2.689337039399593e-7,-3.213668997131449e-7,-3.3339910127938e-7,-1.5694637110701174e-7,-2.757924480321684e-7,-3.280962239397318e-7,-4.256874230864288e-7,-1.7181148120546592e-7,1.778961707071233e-8,-2.6395661262846858e-9,-9.314262613474836e-9,-2.4041363642239085e-7,-2.168904335409623e-7,-1.2354126894777955e-7,-1.7676722694873676e-7,-4.875535761062017e-7,6.768645569729649e-8,2.0941415181262582e-7,3.245762068781056e-7,-4.1619456527657464e-8,-2.2553554741960714e-7,1.515258072120884e-7,1.9286737957856773e-7,1.3784903872644172e-7,5.0423812795258814e-8,1.7569199447680862e-7,6.431212684076843e-9,-7.777925150820342e-8,-2.402633541558183e-7,-1.1966659402317648e-7,-4.574196131895241e-8,5.0400942716571686e-8,2.872236809995755e-7,3.8682956460081776e-7,3.1705729424342646e-7,6.705766805859696e-8,1.4763333892521853e-7,3.4266130598947895e-7,5.376955965731394e-7,2.8773534679782416e-7,2.0811492316095522e-8,-2.8286396692411027e-8,2.485490743897524e-8,-5.6614393762685886e-8,-5.2818338337093185e-8,-5.4808189105090757e-8,-3.925111523989011e-8,-4.461023835512334e-8,-8.031411700372279e-8,-3.202325437673629e-9,-1.0174105837540169e-7,-6.897478591408222e-8,-2.7363078560798356e-7,-2.8446899030614407e-7,-2.4620839254138383e-7,-2.2479282561533317e-7,-5.645236582349038e-8,5.1503821009865606e-8,-9.612550952732688e-8,-1.7332167354724409e-7,-7.524972517719119e-8,1.93621107716207e-8,2.823740550771479e-7,2.1800193492102646e-7,7.431240807124124e-8,5.052724035023924e-8,8.322576688710133e-8,-8.724214620081185e-8,-5.138431603421745e-8,4.172989796798241e-8,1.6329340367403304e-7,2.362826401064945e-7,-1.6508191189598805e-7,-3.0634955746316865e-7,-2.719016237133607e-7,-2.0016459546059683e-7,-4.336698273787475e-8,-1.460196679605804e-7,-2.974793881047405e-8,7.61680065268769e-8,1.9901448420090064e-7,1.7152178729019107e-7
6.782602569203335e-6,2.699205833411218e-6,1.2772538204415799e-6,5.053077512580126e-7,1.6204133476023045e-7,-1.769849045361532e-8,1.6273824431238374e-7,2.5455030989015716e-7,2.0260285629098227e-7,2.4216839518631115e-7,-2.4246744646442958e-9,4.80063393538997e-8,-2.8982302019217197e-8,8.956099440613975e-8,-4.078792663977289e-8,-1.0808142977998331e-7,-1.1046755247279342e-7,-1.5938525716433225e-7,-1.3113188406081394e-7,-1.3685405536311186e-7,-2.2564021527934047e-7,-1.1309238567753028e-7,-6.583606125981196e-8,-1.6738848723603008e-7,-2.764700436497456e-7,-3.4722953669849844e-7,-2.846907784292006e-7,-9.438810628310746e-8,-1.6104425799667604e-7,-1.0988391051134636e-7,-1.6162342447748963e-9,2.5553648187455735e-8,-1.0270117076121437e-7,-2.071640214024464e-7,-1.3429572463767828e-7,-1.747832205736613e-7,-1.9950603701069517e-9,-1.6626653445972003e-7,-2.98148262859551e-7,-4.4399202446035524e-7,-2.4564911780032184e-7,-1.4122478419664741e-7,-8.549397688361e-8,-2.473456731608479e-7,-2.9731280274342214e-7,-3.725611182737107e-7,-3.049037665096164e-7,-4.440229270107586e-8,1.8086239694887694e-7,3.0109641984191295e-7,2.1752534473713952e-7,1.3966849763582182e-7,-1.2932018020544838e-7,-2.0049833211036227e-7,-4.3501164874840476e-8,5.713054889367534e-9,6.029984608549233e-8,5.1936646066083284e-8,1.7582872055391515e-7,1.846931159591809e-7,-5.637926457993429e-9,9.163125590161508e-8,4.9388560623483904e-8,1.9255390925838084e-7,4.905901158388342e-8,-1.198698672353392e-7,-2.896249785571912e-7,-1.491875179556667e-7,-3.00449766688265e-7,-2.0181459384580643e-7,-2.1273360436255927e-7,-2.086709225923624e-7,-7.778271675053341e-8,1.8069957048228465e-7,1.4594455059081158e-7,9.601277529441807e-8,1.774686583241594e-7,2.0178859712228011e-7,1.521610352916447e-7,1.2554285623672518e-7,1.461122915849555e-7,1.1839336914514923e-7,2.197987851599872e-7,2.1579898977305412e-7,-2.185393436279925e-8,2.195492168604285e-7,3.635291769559959e-7,2.1448481851344263e-7,4.340245662560634e-8,-5.5028497849549784e-8,-1.307079048834949e-7,-2.5264289743009185e-8,-6.059933228977607e-8,1.7803608558882962e-8,1.7096608083639087e-7,-2.7282514322730446e-8,-3.5052234087586916e-8,-3.9158026512112143e-8,-9.849790222418857e-8,1.3505587097084936e-7,-9.803175435652786e-9,-3.9747860643947077e-7,-2.140431901429991e-7,6.10815463258915e-9,3.4811788002406744e-8,1.6675360153197268e-7,1.68520571845977e-7,2.792119268266676e-7,1.2124435454414755e-7,1.4172284777717894e-7,7.878468981138006e-8,-6.470541935337547e-8,1.479664651543384e-7,1.5211694729016927e-7,6.880600671784986e-8,4.660205972869171e-8,3.987153695149085e-8,-1.9173863030421887e-7,-2.3040920416965766e-7,-1.7690727696767898e-7,5.0479468226808016e-8,9.304482490492011e-8,1.1353928163817917e-7,-4.680914129847383e-8,8.651288643775878e-8,-2.8257373713157593e-8,-1.1937017830709532e-7,-6.471609792049232e-8,-7.92786995278438e-9,1.399273967444345e-7,2.319591784716813e-7,-7.927394851228705e-9,-1.628253288892815e-7,-8.54723537696459e-8,1.0354952068098792e-7,2.015657845844804e-7,1.6632038130878258e-7,-1.200890597902634e-7,-1.6360226617198194e-7,-1.0379875304743827e-7,-9.92096962602637e-8,-1.8052734309839562e-7,-1.2790603820644513e-7,-4.4760867469473014e-8,-2.530471867962885e-7,-1.3845682090422685e-7,-1.349301792693165e-8,5.359499622608775e-8,-9.28177926866326e-8,-2.0530585067405618e-7,-1.7268833714518875e-7,-3.24352100664371e-7,-2.1018249818519142e-7,-5.1496105248984736e-8,-1.2835031571853144e-7,-1.4826729595812357e-7,-2.2945438160466243e-7,-7.960013028501726e-8,5.4772604053607474e-8,4.5318419561353206e-8,2.7327289764445373e-7,9.976561081228407e-8,2.810683087518276e-7,-6.069725859358925e-9,6.295625146986714e-8,9.791962233850396e-8,1.232611763444011e-7,1.6035216467020672e-8,-6.026299424945992e-8,-1.105900001617051e-8,2.582032343089585e-7,4.1876882662262333e-7,2.5130190725293364e-7,-2.392555749297703e-8,-1.3451593501763683e-7,-2.5287908819685035e-7,-1.6685700515357275e-7,-3.0722165154484524e-7,-3.107241898491039e-7,-1.7009323191299747e-7,-1.0779915489317211e-8,-1.4116261978050004e-8,-7.201534113540139e-8,-1.2743999287081086e-8,-7.161096018840251e-8,-4.900649126458135e-8,-2.663232268956827e-7,-5.09334692748328e-8,1.141062245231679e-7,2.7174082725569135e-7,1.9638524237182425e-7,1.646894580566413e-7,3.022131686936216e-7,4.0876954602643904e-7,4.400507738938497e-7,2.7048906275366506e-7,-3.0019573059938394e-8,-1.0599485745298581e-7,-9.409946261988105e-8,-2.0268986764837002e-7,-3.5186905177512513e-7,-6.547898687847091e-8,1.0611943162946878e-7,1.098499156933486e-7,-2.121003317045345e-8,-2.656003964903236e-7,-6.576817322090704e-8,8.377758309396798e-9,5.642278657824478e-8,-1.2268109788768343e-7,3.138905907261062e-8,5.6763728646111297e-8,1.1405296954713473e-7,2.6431024454162855e-7,2.5110873315087413e-7,2.4475270289927304e-7,8.439976799274971e-8,-1.305725437945305e-7,-3.017241352211148e-7,-2.1179502113490135e-7,-3.049957691809935e-7,-4.144355881756002e-8,1.3956904859666993e-8,-6.495953938698568e-8,-1.0253199874241957e-7,-1.5580707074442404e-7,-2.0841739559730057e-7,-2.2052231291201288e-7,-9.328917050813938e-8,-2.8820298699726382e-8,-1.103122831720034e-7,-3.0855852383234486e-7,-2.626902823855573e-7,-2.509244938049823e-7,-2.771206301347484e-7,-2.1041934906639266e-7,-2.925796139351049e-7,-6.967633328647146e-8,1.971312165396917e-7,2.1817384413523121e-7,1.3736663088177593e-7,1.951182921963322e-7,1.261009120616828e-7,3.5129447674972856e-7,3.45358072756349e-7,3.1634514467111306e-7,9.304646129252737e-8,-3.2490278937394784e-8,6.455352122704817e-9,-2.3597371531059944e-9,7.478313681520188e-8,-2.9848425833974857e-9,1.6764753308238488e-8,1.8322562524799139e-7,-1.3223635477668073e-7,-6.159388746629729e-8,-2.2591219976515397e-8,2.478013402109954e-8,-3.176283553048216e-8,-7.95095472526865e-8,9.721739161799574e-9,1.0996875055467645e-8,1.4451726913179131e-8,-9.001386271474688e-8,-9.826718254159825e-8,-1.7754413384434232e-8,-9.851620301832218e-8,-1.0889346601437454e-7,-1.925190417047731e-7,-2.2480101777772713e-8,4.683353610128885e-8,2.5266316403859895e-7,1.4855840553492914e-7,-3.702986691948123e-8,-6.833976654292751e-8,-1.6484056489446872e-7,-1.4800519068252171e-7,-1.122173418367165e-7,-1.0124768648197168e-7,-4.575887743847348e-8,-8.521864149306174e-8,-3.946926388668261e-7,-2.716395832257063e-7,-1.9702388632764488e-7,-3.133815726786759e-7,-2.8710458682831133e-7,-7.671344110469792e-8,1.703761589600724e-8,1.1204561953955094e-7,2.0728508823890077e-7,4.174187925899311e-7,2.1487477396159547e-7,2.9337729868510316e-7,2.495863439052926e-7,1.5971750093499942e-7,6.384679733920302e-8,-2.121562666731507e-8,1.5559432536263852e-7,1.365155807660917e-7,1.0685947349381336e-8,1.0375640903392174e-7,2.061985982548669e-7,-6.296429955328467e-8,-3.077183530219624e-7,-1.8217702724615703e-7,9.39151823240739e-8,2.1421886174357276e-7,1.628608630382987e-7,1.5374321485087587e-7,-1.1089221978355145e-7,-2.4082689324524253e-7,-2.592026316296417e-7,-8.095508642335963e-8,1.2729928512706347e-7,1.5705643440445065e-7,-6.324364881237642e-8,-3.2821092893247796e-8,1.8053753561283501e-7,2.9474685865268897e-7,4.794851895373062e-7,5.416517829095856e-7,3.7759366060668303e-7,4.516656633843103e-7,2.8417244131234715e-7,3.9416621920851536e-7,3.0903753023794235e-8,-3.0284418656762774e-8,-1.2629629305044932e-8,-9.504635907577329e-8,-1.1295058016810633e-7,-3.4061808427937505e-8,3.8227280079379996e-8,-1.5216566614720847e-7,-2.082926540086306e-7,-2.0993499009643398e-7,-2.189355748577484e-8,8.430859075264026e-8,1.4172974214588563e-7,1.2582290079047458e-7,-1.357712595811083e-7,-2.1699489040573557e-7,-2.7664950777404977e-7,-4.102148912099042e-7,-3.627011402138577e-7,-3.257721107336215e-7,-2.0072506534752453e-7,-1.8000495459633663e-7,-7.660198818129742e-8,1.84619026616523e-7,1.7635816115879282e-7,3.375987146835009e-8,4.155536198391411e-8,2.2981468162272433e-7,1.707159735940853e-7,1.5084707791148598e-7,2.1978513861517325e-7,1.0557062708917848e-7,2.2524680583000056e-7,8.233073462641597e-9,1.329493109462807e-7,3.6194629345697305e-8,2.8693790559213896e-8,-2.2601582267751716e-7,-2.643439655216528e-7,-2.833110181215998e-7,-3.596871268749234e-8,-1.7666736956635393e-7,-4.2083932235480215e-8,1.222993346490822e-7,6.635120941544921e-9,-8.710589182518676e-8,-1.3108776531336763e-7,1.5789468585319237e-9,-9.884505976094111e-8,-9.888782494353367e-8,-8.39174889790895e-8,-7.4485907765578856e-9,8.75956563506553e-8,7.765102143453676e-8,1.2068413365574742e-7,1.8040317381673188e-8,6.275902149813377e-8,1.0884910890080256e-7,3.2474961458764406e-7,2.0073086611879337e-7,7.394879194747603e-8,8.108537082411019e-8,1.9929219809507695e-7,2.0648805023893545e-8,-2.043206242083106e-7,-3.031354157238717e-7,-3.02439337623784e-7,-8.777317589828576e-8,-8.629115643569159e-8,1.2059439493336525e-7,1.1428596481145625e-7,-1.1297344262736787e-7,1.2205577596909759e-8,1.201592892899563e-7,1.8137420441440985e-8,1.5316616374559667e-7,-3.776608619901874e-8,-4.93682899758297e-8,-1.8159064578895842e-7,-4.5521954813327337e-8,5.8469480271034324e-8,1.904536029581493e-8,5.9190321102818844e-8,1.293965166251052e-7,1.673378537439502e-7,2.438553652328949e-7,7.971059927934358e-8,-9.526428162028072e-8,-9.319757274938517e-8,-2.1072070718218676e-8,1.2946596209732344e-8,-1.2368640270066607e-7,8.802421950880592e-8,1.6312123135543608e-7,8.42986828262768e-8,4.299648534878048e-8,-7.2401028528805e-8,-6.266783779552929e-8,-1.703844919312698e-7,-9.54772997130341e-8,-2.095191475537484e-7,-1.82126657314805e-7,-3.476529563922846e-7,-3.4905193424682756e-7,-6.886374578533033e-8,9.66345090349219e-8,1.761497681158713e-7,3.855496244023437e-8,-4.596539364274247e-8,-3.525106300507123e-8,-2.081253525672874e-7,1.1246102254851058e-7,-4.2563019599646756e-8,9.66136729701441e-10,-1.4151949750573493e-7,-8.047073110036193e-8,-1.6498973234519732e-7,-1.4488616472011389e-9,1.3101655159938542e-7,-3.996244530320148e-8,-8.482020151431089e-8,-2.983450340164153e-8,-4.9233002584169165e-8,-1.465747783586332e-7,-3.008003179984041e-7,-1.1362185962082336e-7,6.756863417276692e-8,-9.499781367219251e-8,-5.0125267197535855e-8,-8.329195305451994e-8,-1.8782201115985096e-7,-1.600878285738343e-7,-1.3861837283524342e-7,1.3860680950573614e-8,-1.7716324932705078e-8,1.211662357121509e-8,3.430541676589075e-8,2.411534525417735e-8,3.372190699691885e-8,-5.441120226073557e-8,-2.1633337476029758e-7,-3.641139893784314e-7,1.695837240826427e-9,-1.2680136331191672e-7,-2.842440105431134e-7,-2.713878390084833e-7,-1.1706363557351179e-7,-1.342910661450441e-7,-3.8883774503607064e-7,-3.1139157886018154e-7,-4.0269136479707784e-7,-4.4601688972301616e-7,-3.432430669771855e-7,-1.0270812312275224e-7,-6.078087199445595e-9,3.168404717533452e-7,4.152170631382941e-7,4.5478213484957755e-7,3.132477063480109e-7,1.963403661788838e-7,2.9212740608989582e-8,1.2120018719508343e-8,1.506804144402286e-7,2.6809758372029e-7,2.6055931134727026e-7,6.726868601748655e-8,3.20219293758924e-8,-1.0888432459638509e-7,1.0326472747041241e-7,6.754690491243089e-8,1.3789627320888038e-7,-7.108839744796885e-9,-2.327902558356752e-8,2.6523378513124906e-8,2.2858474327288645e-8,1.7439288857543094e-7
5.257843213493279e-6,2.0989385954878536e-6,6.307145052703044e-7,1.461503195834455e-7,2.4180042185944096e-8,-1.3645303247554012e-7,-4.156075306526798e-8,-5.411938205864038e-8,-5.9320795004667386e-8,-1.3506152881957756e-8,3.806987329141022e-9,5.811103443548258e-8,7.67876275353896e-8,6.270631186247284e-8,1.655702558119758e-7,1.6759179310284994e-7,1.1616727340473179e-7,7.822236616739235e-8,1.193245731487015e-7,-5.4309267832807395e-8,-1.864731900827778e-7,5.063684762722407e-8,3.9323186669041375e-8,-8.753075145845441e-8,-4.990368284956595e-8,-1.1943873930519462e-7,-4.230864301330965e-8,3.8742964830837916e-8,6.692308128625212e-8,3.095158822813489e-8,-6.482593067524066e-8,8.260047428829821e-8,2.5830684702859903e-8,-3.0154362002134506e-8,-1.2200297788836472e-7,1.705492399231486e-8,2.6099097259995427e-7,1.5727583292282957e-7,-4.220076242508903e-8,-1.0611506489811355e-7,-2.768608597908323e-9,3.5765927763834285e-8,-1.0754199072093343e-7,-2.1076454400085824e-7,-1.3656658874431318e-7,1.2744997029376238e-8,1.4202269555924009e-8,1.0479525683986992e-7,1.4673582356869526e-7,1.73604173324452e-7,5.766011663632701e-9,-6.284374600994472e-8,-2.9503881497109925e-8,7.748550603572018e-8,-4.1932347921318375e-8,-2.484399698213129e-8,-8.640414048806007e-8,-1.5179389869602823e-8,-3.009784190855483e-8,4.353223785078769e-8,3.2331457981521785e-8,-1.9656555897788847e-7,-1.231362456405368e-7,-3.562921104453788e-8,4.277277301621413e-8,-2.3412542721985902e-8,6.426019099935647e-8,8.911672910436536e-8,6.533202718495716e-8,-4.6183076535550056e-8,-4.538148737072695e-8,-2.0614868255264086e-8,-6.490553187390825e-8,-1.299142375998989e-7,-7.440223867708331e-8,-1.306208057654553e-8,-6.432296063447163e-8,-2.836870246982304e-8,2.191835153090744e-8,1.0974686386587812e-8,1.4281242028873867e-7,2.228597265498327e-7,1.6409010612219882e-7,2.079407640821402e-8,-1.482387428137102e-7,-7.724486172066659e-8,-1.986741846556653e-7,-4.167214331448246e-8,6.52586255123242e-8,2.4762532848365687e-7,2.2969161353377741e-7,2.8793359223107304e-7,3.1564506477251256e-7,2.5174130238175755e-7,1.9051654198739868e-7,6.198257182713269e-8,4.333415129795759e-8,3.132483330408973e-8,2.1109322111770617e-8,-3.7427755673175796e-8,-2.926024260345098e-8,1.608211168665937e-8,-2.7700710823554234e-8,-5.826376328329273e-8,2.9169654079619967e-9,-1.7880112147001524e-8,9.543490840836232e-8,9.050873520199303e-8,1.225751630345958e-7,-3.471875595253632e-8,-6.145103534593235e-8,-1.1016781718551524e-8,6.12500841115533e-8,8.013140299311641e-8,6.504196061664e-9,4.344822513929039e-8,1.418027980247057e-7,2.0553623789681578e-7,2.2695987216506113e-7,6.748526167170273e-8,-1.206356883392994e-7,-2.1642660032262181e-7,-9.058510995837899e-8,1.7354360645705885e-8,-2.1758508580386584e-8,-2.2550219361713433e-8,-4.8338876374495276e-8,1.9261945174478075e-7,2.666055122178257e-7,1.2387495235181945e-7,2.9650399705389774e-8,-9.853829719296642e-8,-1.2334654692534357e-7,2.098044557200006e-8,8.90574344826634e-8,-5.536739445845843e-8,-7.071539266988855e-8,2.366371561399746e-8,1.6064027327885193e-7,2.173782856453185e-7,7.987743517373144e-8,-6.088139490541059e-8,7.988670905072793e-8,1.2309911589166642e-7,8.54665808845552e-8,-1.0390580134338105e-7,-2.1079075270591127e-7,-2.123100704092669e-7,-8.236096886491795e-8,6.414109934287558e-8,-8.185687767292896e-8,-9.178125452434257e-8,-1.4945034331573958e-7,-2.1436458282221945e-7,-1.2395670467566065e-7,1.1773086311261685e-8,2.572663926650208e-7,1.5352731396422013e-7,1.4907325893351854e-7,9.707459943584271e-8,5.351947117430508e-9,-8.066790234227697e-8,-9.699404439612923e-8,1.7349050876082764e-8,1.6023853618762944e-7,1.5792435967476641e-7,6.3176197162276e-8,2.9408903407414173e-8,2.5491706498013623e-8,9.654025888227416e-8,1.682893193308005e-7,1.1791019824524626e-7,1.610566508480014e-7,1.0330021318559493e-7,5.751639336536784e-8,1.502437235149526e-7,5.611335709485583e-8,-4.087475640564627e-8,-5.47818947331461e-8,-7.812450261808817e-8,3.9816785920348605e-8,-2.4220154764898962e-8,1.2965774432892367e-8,1.487590412176623e-7,1.456625873698211e-7,1.9871131032170592e-7,8.949435532033302e-8,-1.9165484685327325e-8,-6.379512210809567e-8,-1.00040420114983e-7,-1.8531545484421366e-8,1.6226016641800548e-8,9.116301736058303e-8,1.3059003167346845e-7,4.431913296141668e-8,7.047483158013945e-8,9.630711904765992e-8,-4.751910744656558e-9,6.976153923010269e-8,2.3017457615431832e-7,3.1421754174615176e-8,-2.4264191983087812e-8,-3.833949575361456e-9,-7.064476732467139e-8,-1.3480685233539624e-7,1.200582900434702e-7,2.749158521182589e-7,1.9109544247327235e-7,8.383203962416715e-8,-5.71932232690438e-8,-4.548947016709759e-8,1.6053935979720635e-7,4.0458781662156636e-8,8.351250773826292e-8,3.026136753955721e-8,5.3378110123463256e-8,-3.561798510736118e-8,-1.1904384270172487e-7,-8.55421581073169e-8,9.732416664771581e-8,1.2088878820794854e-7,1.4812104255950912e-7,2.385098480980724e-7,2.5743314977056216e-7,1.8843605191641948e-7,8.994661663685729e-8,1.219906447756044e-9,-5.562165036460898e-8,-1.335184885369199e-7,-1.3449733122768934e-7,-6.787958005000281e-8,-1.4801595776049783e-7,-6.484395481938201e-8,4.520415003507592e-8,-4.685772760880106e-8,-1.4391730928490145e-7,-1.147822909019962e-7,-1.0616452869842871e-7,-1.7377759419863848e-7,-1.591512711341655e-7,2.1685899175791276e-8,2.114175140730915e-8,-2.4778858527684897e-8,-1.1285350656274412e-7,-2.1997935209684836e-7,-2.9610554495081656e-7,-1.7765913696618373e-7,6.443535480051581e-8,-6.285793275921191e-8,-1.2363098515770478e-7,7.517032576193742e-8,1.0879461394544658e-7,-1.8380334828254396e-8,-1.0486858277441577e-7,-5.291249802784342e-8,7.126340380295858e-8,1.5069844334109306e-8,1.751457104962289e-8,-7.458532230487104e-9,-2.2627081433965687e-7,-9.264495634319125e-8,9.267552438666981e-8,7.973766409855769e-8,-4.298625246441403e-8,-7.861302357028226e-8,-5.7527270292721196e-8,-4.427429596554639e-8,1.556847176662482e-8,1.4071406114742694e-7,2.411281578038933e-7,1.9894385533335785e-7,2.192365543392182e-8,-1.1617371239942302e-7,-1.531602888885609e-7,-3.515264141563725e-8,2.276346630782946e-8,7.184736618255205e-8,-2.4233726542626474e-8,4.780192757229536e-8,-1.2634246875876805e-7,-2.29176580280378e-7,-2.3965706777123718e-8,7.702016587047285e-8,9.185184735177877e-8,1.125919768274934e-8,-1.711600582345344e-7,-1.4652226837935116e-7,2.1930644543833348e-7,2.7194453170563563e-7,3.142431631898328e-8,-1.0438393272920379e-7,-6.970245436204787e-8,1.8656930778404727e-8,1.1630161219672114e-8,-4.7103227749062486e-9,5.4685321181072076e-8,-3.816386546355219e-9,-9.925497986538004e-9,-8.064871912640988e-8,-3.5007641375225636e-8,-9.096470482825685e-8,-1.4622099141598293e-7,-8.432146209111913e-8,1.3010833574402658e-7,9.126314611809217e-8,4.263295725809923e-9,4.653931747975589e-8,7.57250642441269e-9,-2.2711812342757654e-8,7.750213017580371e-8,2.0375732256717519e-7,2.4508353427852236e-7,2.043686535118832e-7,1.5347254150538172e-7,5.204061590754281e-8,-7.594379129225602e-8,-2.0639373438421444e-7,-2.839974008177076e-7,-3.0298476560402095e-7,-1.5619116997419872e-7,-1.3053786953198249e-7,-1.7275492666704618e-8,1.275838239394739e-7,2.664708374253671e-7,1.01185171256114e-7,-3.7275895397107825e-8,-1.0186471654634469e-7,-1.0935476538567637e-7,-1.2109241458972422e-7,-2.901856300225918e-7,-1.3189636817315113e-7,-3.480690292793655e-7,-1.8136723460200893e-7,-1.0670712414272025e-7,9.842086446712385e-8,1.643843644666875e-7,1.1209560276328994e-7,-5.569609839920789e-8,-6.659189594101032e-8,-8.982779195027283e-8,-3.5929871861370906e-8,-2.236133069656301e-8,-8.967272951875955e-8,-1.8956512228472587e-7,-1.5834210358441216e-7,-9.560151960355591e-8,-4.8573017063325404e-8,1.838169039500433e-7,2.0838564434745456e-7,1.2018674302123878e-7,1.1188186299410373e-7,6.90993225280754e-8,8.040777950335959e-8,-1.847354944723927e-7,-9.241367009634819e-8,9.726237829289814e-8,9.390340697856424e-8,1.2144414837240025e-7,1.1963667506688864e-7,1.4327426134241496e-7,-6.548007703207095e-8,-1.7393199373901001e-7,-1.4153781173785007e-7,5.7444290304525366e-8,-3.691194253939716e-8,-1.0440598003147938e-7,-7.258420166575535e-8,-1.274910859909065e-7,-3.189543309974685e-9,1.380246339758727e-7,1.7624877271681058e-7,1.4889308007648724e-7,5.096764529368182e-8,-1.137095034517695e-7,-1.6788978550877097e-7,-8.748184990868125e-8,-5.815368917711247e-8,8.706797276018497e-9,-5.61902543935329e-8,-1.2830325031022922e-7,-2.2244062656986283e-8,9.047380744145326e-8,-1.823463206218779e-7,4.919667127423031e-8,7.958921837073295e-8,5.1759633988688025e-8,1.2017415612664928e-7,4.13721389958812e-8,6.52583482530145e-8,6.829570649856966e-8,8.376595992016881e-8,2.580667694403868e-7,3.9382741397406567e-7,2.7031688489531094e-7,1.2282629295919053e-7,-7.212469333689946e-8,-8.730788403117746e-8,-1.6173533872938835e-7,-6.56486965045771e-8,-3.665785549136743e-8,-8.720689346344104e-8,-5.046892250201413e-8,-2.055191415111605e-7,-1.5847242239925116e-7,1.66276590068463e-7,2.6351017483512425e-7,1.7585682247283375e-7,2.0905723614270748e-8,-1.3222398537366036e-7,-1.9042512283100434e-7,-1.8008859222827559e-7,-2.084383441593577e-7,-1.974988420614113e-7,-3.6147019776735393e-7,-2.624445720184494e-7,-7.90068627245604e-8,-1.1078118046209693e-7,2.2302282528940984e-8,8.053461133525322e-8,-2.36878098464767e-8,-4.376468785269934e-9,-9.584326894445895e-8,1.78642033965384e-8,-2.454201459651612e-8,4.7336807216460153e-8,1.1785144157355092e-7,1.5947999691973138e-7,2.3098775845404842e-8,1.0168537957596757e-7,7.015382410800533e-8,7.774305133289288e-8,-8.049049641805144e-8,-2.2440350388617754e-8,7.332609223145437e-8,6.040552019535638e-8,5.742034022636165e-9,1.0375913599729787e-7,1.077371629014401e-7,1.75162692621729e-7,8.960498442899837e-8,5.2501754605258255e-8,-1.0313769985340827e-7,-1.5696815700800358e-7,-1.330175657434139e-7,-5.8661195416294946e-8,6.362987666697295e-8,1.5047507026828857e-7,9.395452196580655e-9,-1.0850226891618098e-7,2.991611097610777e-9,1.3997809056592457e-7,4.690660989222168e-8,1.6942239525874882e-7,1.6255525306657312e-7,5.7409699435381456e-8,4.115712685457256e-8,3.598763173007773e-8,9.595324042615961e-8,-1.7918147935881276e-8,-8.804017542426051e-8,1.4843037465150491e-7,1.0251651023533646e-7,5.735891526818592e-8,2.0912722793168957e-7,1.6660936974160196e-7,5.523883013869476e-8,5.451728519888189e-8,8.682420747347186e-8,6.681498725823458e-8,-6.697022149228187e-8,-1.2225585774179338e-7,-1.2017732282883117e-7,-1.3111246619952365e-7,-5.6247549969394566e-8,8.562731745097526e-8,5.167537587455823e-8,-1.1263356129088535e-7,-1.3273869056026176e-7,-1.8876455813433693e-7,-6.019350260433208e-8,3.546711821312594e-10,1.097606433154235e-7,9.152114264558878e-8,1.5732012571056388e-7,7.31374959405122e-8,4.4614425942565755e-9,-3.5577309533779064e-8,-1.2598314686876622e-7,-1.1193687706183337e-7,-9.363764549287456e-9,-6.857724647768355e-8,-1.9375807352342418e-7,-2.3557555200727947e-8,1.5760664717934346e-7,-9.452938376353568e-8,-2.68215486042977e-8,7.977670665368066e-8,-2.7769783915742034e-9,-4.191957309068092e-8,2.0667275366534735e-8,-1.5357128002030344e-7
4.423764829282368e-6,1.6840028341100927e-6,6.022344133987664e-7,2.333617482665114e-7,3.892934907272739e-8,7.882095088131713e-8,6.96345878062545e-8,1.1149224314383386e-7,8.238444910285912e-8,7.836357467709343e-8,1.1492002684735145e-7,6.941723294106631e-8,4.934794265561185e-8,-1.4291393031183918e-8,-8.548378975891022e-8,4.075679603275661e-8,1.4903637523979566e-7,1.14304388136004e-7,1.0795717446867254e-7,-6.624616350272778e-8,-1.8573087983181643e-8,-6.663919754836006e-8,3.282761760281091e-8,9.870026003312651e-8,9.621308913564548e-8,1.376052858348068e-7,1.4642793589206847e-7,1.602703231844482e-7,6.509023263483689e-8,4.838799221236739e-8,-1.4817848421014886e-8,-2.9151299366380482e-8,2.239111876228628e-7,2.989500187681794e-7,2.279199099457829e-7,1.3106299364912e-7,-2.52780250694884e-8,1.807673587419446e-8,6.08815286725475e-8,1.8085545240711627e-8,1.1108019839421475e-7,1.1130414349929598e-7,1.1747764890358133e-7,1.1781570604089153e-7,3.6078296400136315e-8,1.46767925818673e-7,4.549869950845899e-8,6.092322236952166e-8,9.943858030984592e-8,-3.262691151074839e-8,9.399438667249291e-8,5.5478734007469346e-8,1.6131922262379725e-8,6.717448118673413e-8,3.4437173384936106e-8,1.0375738641115995e-7,9.030349860012992e-8,2.1458910512105755e-7,1.4227711672372747e-7,1.1310936584290971e-7,9.358500372757638e-8,6.793243445431901e-8,-3.0373379408085964e-8,9.881288935456448e-8,1.4760569756293155e-8,3.9237756168480166e-8,1.780509798970575e-7,1.4172426028164374e-7,6.315874790044803e-8,-3.418914633585931e-8,-1.0178612502302418e-7,6.002853358887838e-8,1.8142913775530902e-7,1.670471029028297e-7,1.9063913263938907e-8,3.699978050026104e-8,-3.395501903706008e-8,-2.7176029969594582e-8,2.5532856806783995e-9,4.777627270393966e-8,-2.533208704787056e-8,-4.444179618919555e-8,-7.91319650867828e-8,1.080519889378838e-8,3.848826003166306e-8,2.0246660721875392e-8,-8.921318261384925e-8,-1.281451762360132e-7,-1.0900371560807565e-7,5.1108202240907044e-8,3.883745689738177e-8,1.5973915187797733e-7,8.873499097417045e-8,7.211251039638623e-8,1.9341837132909463e-7,2.549698950252252e-7,1.0869282201587817e-7,3.615938985291261e-8,5.677380675886065e-9,-1.1295487929853605e-7,-1.880265852061149e-8,7.329093421086045e-8,-1.1459343138716956e-7,-2.1579109589992105e-7,-1.4148850172580985e-7,-1.3143486326363087e-7,-8.271980779413719e-8,-6.356325293350131e-8,-6.757529539211152e-8,-1.318984869455646e-7,1.06736833481819e-8,-2.750366791927215e-8,6.763177969479632e-9,-6.357106728567973e-8,1.6062369795708601e-7,2.2161669508622853e-7,1.163237506367909e-7,4.9711901085377963e-8,1.1688338395574862e-8,2.013242196816291e-8,-2.901828772597263e-8,-6.95015979726637e-8,-1.5524761120456577e-7,-1.308305161495832e-7,5.244676867699015e-8,9.794607775948902e-8,7.565545131656109e-8,1.2612792072018662e-7,-3.9552298456431246e-8,7.852124306539068e-8,7.869312262331537e-8,-8.446494228719593e-8,-1.3036008115053772e-8,-1.1003191829847171e-7,-5.354069665718745e-8,1.4710522487054516e-8,-6.840306388605301e-8,-8.689584662948422e-8,-6.782269489558822e-8,5.103271965657634e-9,-3.878253522491053e-8,8.831452449190587e-8,8.733079318074235e-8,1.862102798999354e-9,9.450996311133726e-9,-4.115616056304777e-8,-1.4887700536567933e-7,-1.6415466583038886e-7,-1.3422383867224208e-7,-1.1011366285763476e-7,-2.2514376528845986e-7,-2.6362347646826865e-7,-1.5139946179487504e-7,-8.847698141499105e-8,1.9755977677062112e-8,3.926641002369935e-8,5.667244516551741e-8,6.695338624614427e-8,-4.138520650975495e-8,-1.3615384978663497e-7,-9.182528980535266e-9,-3.6217383331046667e-8,1.1027766979681143e-7,-1.4460515884524916e-8,4.754563835939877e-8,5.861722369479242e-8,7.60886920246535e-8,2.355896801291334e-7,1.8674722402548525e-7,1.8562461400096744e-7,1.2370358262297479e-7,1.2622768637331228e-7,1.5727088814610572e-7,1.9740327799864073e-8,-7.509550311230426e-8,-4.3622189968416655e-9,-4.079266076376851e-8,1.1867247049836557e-8,2.199601084067392e-8,-1.3804947814863164e-8,-1.5816524111100902e-9,1.272915885786155e-8,-1.61681588634146e-8,1.183956173496134e-8,-2.5228012944870546e-8,-9.431992836412508e-10,-8.199967899117047e-8,-1.1023712512485037e-7,-1.2787149173395985e-7,-9.090963548555147e-8,2.8093069000057133e-9,-7.021458346074133e-8,-1.9027360298730962e-8,3.0547229007545596e-9,-3.7059147274501235e-8,-5.641883173197151e-8,-1.936754846769224e-7,-2.0351431911603012e-7,-8.874081079523659e-8,4.4289647438828485e-8,1.4226177745905657e-7,9.279497658208247e-8,-4.347564038510813e-8,-2.0609411200474786e-7,-2.09472191535305e-7,-1.8917953961957037e-7,-2.3559780010606828e-7,-1.5310465120169326e-7,-7.713929531142041e-9,-1.8917683723911096e-8,7.517868898339242e-8,4.2530142503316114e-9,2.6778941634884125e-8,8.464184415982428e-8,6.873904382585707e-8,6.977307169466447e-8,3.3657203547786123e-8,-1.7572594562594414e-8,-1.7643165239603868e-7,-9.767431202718502e-8,1.1491851773589328e-7,-2.7854626944350495e-8,-1.639323361239168e-8,-4.261334911913699e-8,-4.623168953259432e-8,1.1489848705017375e-7,3.72069761111164e-8,-1.7014083285907553e-8,-2.848158710181799e-9,-2.297534477380814e-8,-5.4296359817902825e-9,-1.1644040888531566e-8,-3.5669667203714293e-8,3.810455779794771e-8,-1.0800128101410246e-8,4.200487591936012e-8,2.6325107510049853e-8,1.344167267174691e-9,-8.621097395697926e-9,6.717417965143146e-8,1.677730080600102e-7,5.778272183256295e-8,6.0340646665065e-8,4.5245373981253405e-9,-8.255436954644668e-8,-4.2916574974431576e-8,-5.439039765213436e-8,5.701778522677407e-10,-2.1181818471899428e-8,5.430623003501516e-8,1.1211011177552809e-7,8.712673016066355e-8,5.151317578500882e-8,-5.438687652854431e-8,1.2230644688621914e-8,3.259034001955721e-8,6.586164141756214e-8,1.0500701228880785e-7,9.555431378610214e-8,-4.414817325071586e-8,-9.3777651509299e-8,-1.5847031076416043e-8,-2.3634296107034336e-8,-3.39878655142191e-8,3.3055669540672326e-8,9.251711917539658e-8,5.3966208910463455e-8,1.2565445123677613e-8,-1.1772874914613576e-7,-2.5026892337551177e-7,-2.2595276341832853e-7,-1.417296859920286e-7,8.911113602461408e-8,3.792001412456162e-8,1.1832066476552878e-8,-9.242363468192515e-8,-8.76735623220277e-8,2.2396028306306268e-8,6.172393498028423e-8,1.33791943587612e-7,1.6638372313283485e-7,8.809644780285036e-8,1.1784260483370676e-7,2.4414064811200924e-7,3.968069415976599e-8,-6.425101822896944e-8,6.007717650356547e-8,1.2039183804175151e-8,3.445415970756152e-8,8.523145917916364e-8,-9.308739298996342e-10,-3.91761181942313e-9,1.0201111768091417e-7,6.157700402923117e-8,-7.422401029688832e-8,-4.852712006551115e-8,-1.2806696771181257e-8,1.2831040994837135e-7,1.5035162809252307e-7,1.816228732770067e-7,1.2933178354724982e-7,-2.039261536310952e-8,-1.080127365058786e-7,-1.6966832034258682e-7,8.09841777503892e-9,3.398352501518012e-8,4.413080629197141e-8,-5.1887571950943806e-8,3.998597505920739e-9,1.0208409022414165e-7,1.7290361390331805e-7,1.2681695982761895e-7,-5.644565468370704e-8,-1.9000466062217733e-7,-3.3521167160255374e-9,6.182169365296696e-8,-3.744929828644072e-8,1.3473951170227242e-7,1.2065281000153086e-8,-7.373848004398317e-8,-3.6672346966514585e-8,-8.79944801055126e-8,-5.5532342420612144e-8,-2.616294614613348e-7,-1.8254160829101924e-7,-1.1391368750667531e-7,-1.3487774773361868e-8,6.050130868571556e-8,8.817607741820761e-8,2.1418455462425228e-7,1.6463924524499807e-7,3.48676304768934e-8,4.7442061673735914e-8,6.663487651870962e-8,2.5422535860372104e-8,6.99808744328555e-8,-3.464346610359085e-8,-4.476202276119942e-8,4.195891828250052e-9,5.226079036258141e-8,-7.1610383154569e-8,-6.162637279072954e-8,-2.0225444434882125e-7,-7.828548972456689e-8,-1.5787573644253612e-7,-1.6339273745875533e-7,-8.007675928793664e-8,-2.585229189382033e-8,-8.43649448438967e-8,3.9585935728497465e-9,1.2354791352618588e-8,5.960560488717265e-8,-4.3048050660309145e-8,-2.2022423415201926e-7,-1.0107244906546896e-7,1.7018095254312215e-7,1.0701219605456413e-7,9.826475274748598e-8,-3.3739293846422884e-8,-3.937763273923555e-8,-1.4138946409966096e-7,-4.202877216833278e-8,5.483688736712004e-8,1.7520136717717024e-9,-3.4402955326414565e-8,9.965371094311059e-8,-1.0457149146675134e-8,-3.1765379724712316e-8,-1.6403711498472733e-7,-3.8608773903578745e-8,7.654795599403076e-8,-1.187125064651371e-8,1.4027601521976593e-7,2.626364450874646e-8,-2.0159670458643334e-9,8.600505089184613e-8,3.5148995769217586e-8,1.2481284298313958e-8,-1.0769991481258454e-7,-1.7623174083180266e-7,-7.1351704219074116e-9,6.768095625343192e-8,1.1330210664902283e-7,9.17464243678255e-8,-7.869209179726152e-9,-1.623754763817192e-7,-1.9228856042301064e-7,7.532396229766919e-8,2.0393882777148716e-7,1.284672206454389e-7,7.138211334726873e-8,1.344159843665521e-7,2.750446976318462e-7,2.953566366286883e-7,-2.4878689075856202e-8,-1.822617406325344e-9,-4.4892908871807696e-8,6.846903569420697e-8,1.0891654410735623e-7,4.503405593939407e-8,1.4392254900604876e-7,-4.382236696941349e-8,-1.3588538368132502e-7,5.743772961636458e-8,1.3962596706004357e-7,1.5815598591171689e-7,1.0899949492390992e-7,9.988346347249522e-8,-1.588009880056819e-7,-1.1059346310443244e-7,1.2869105321264446e-8,-6.673877002473858e-8,3.656167534256296e-8,-1.2272761918231835e-8,1.549519219561041e-8,4.377695037252682e-8,1.511111264996622e-7,2.2181692878688525e-8,-5.8303182092132423e-8,-8.22489026251451e-8,8.288338019066402e-8,2.3369996890981463e-7,3.2745689207420945e-7,2.384565732023941e-7,1.8518927945771566e-8,-8.085209036381e-8,-8.258471621851193e-8,6.145756825377629e-8,3.77347504218883e-8,5.705284398216375e-8,1.794662926055935e-8,-1.4313513285062333e-7,-6.590568505500041e-8,-1.1732263497910547e-7,-1.133888290858075e-7,-1.874272606460385e-7,-1.2958154743150005e-7,-2.5105926054733505e-7,-2.748462368075427e-7,-3.689409980196494e-7,-3.079278720278711e-7,-7.005887065325683e-8,-5.924324508247003e-8,2.1548516183987095e-9,9.611960484046138e-8,9.242422202364505e-8,1.461182594447907e-7,1.5466732517815533e-7,6.442467923584843e-8,9.49839174708684e-8,-1.9567198438939365e-8,-2.7250425407712755e-7,-1.7155026506498572e-7,-1.0224657730350612e-9,-2.0914139009999213e-8,6.834823984692008e-8,1.2227143905165678e-7,-2.1923380512835776e-9,2.577186354113425e-8,7.50318683400835e-8,9.805670918053142e-8,1.239700251324571e-7,-2.5458138657418087e-8,3.145674056047837e-8,-9.717304994915923e-12,-2.015383932750601e-9,5.721774016103951e-8,3.8804609943318266e-8,-6.033602573906821e-8,-7.075385447491626e-8,4.599860004021317e-9,7.059417626746968e-8,8.430025314952635e-8,3.2759109265898466e-8,-3.523779088005607e-8,-3.9756817927469665e-8,1.556388145013614e-8,8.716026217638162e-8,6.862711251652251e-8,3.779185946047889e-8,1.960722873499044e-8,6.525569182396403e-10,4.1609739653076835e-8,-5.675975221184396e-8,-1.0410817015671691e-7,-1.7697107935424366e-7,1.2940593507449783e-8,3.66929840177137e-8,2.87454748025739e-8,1.5587480751838546e-7,-3.5577396701905964e-8,-6.031297835236383e-8,-1.0631211650315425e-7,1.0172423920280562e-8,5.04218710813476e-8,-4.4346087669651146e-10,-9.507051074360299e-8,-1.518128096363858e-7,-1.9511542241038525e-7,7.520277314319165e-8,-2.2135416666704152e-8
3.28119631920321e-6,1.229328895415659e-6,3.881432021340328e-7,2.0505792035559815e-7,3.67983506925116e-8,-1.4701792673164212e-7,-9.420385359565693e-8,-1.4381648906047124e-7,-7.607635265217354e-8,-8.324474073340297e-8,-3.508164614960484e-8,-1.4694776022511482e-8,1.965939242740034e-8,5.8165189829612956e-8,3.619036334860311e-8,-3.5234394345915586e-8,-2.3376176006378847e-8,4.974115292583302e-8,-4.02257881214245e-8,-6.87530199009927e-8,-1.1449446896545271e-8,9.811540321950729e-8,2.792576357419688e-8,1.679286000090679e-7,2.0927016687553652e-7,2.6850403235430013e-7,1.5665644654152465e-7,9.799845630504419e-8,4.6694639540398024e-8,4.972523638939784e-8,2.7789792249472146e-8,-8.922120002488425e-8,-9.534456641069623e-8,-6.881510090455897e-8,-5.576102712456144e-8,-3.8034622726949697e-8,-7.631811863988837e-9,-1.2243717838530164e-8,2.333050893547759e-8,-5.812491342321625e-8,-1.1601827200092726e-7,-1.1647316655035011e-7,9.917084078981371e-8,6.562421436369362e-8,8.019473457190349e-8,7.69275606141014e-8,8.297552318465636e-8,5.4369087300443466e-8,-3.453577186022782e-8,-5.46102341055368e-8,-1.0960907174645667e-7,-1.1339392707243784e-7,-4.400968324008735e-8,6.314730541235142e-9,3.672835890753503e-8,8.916448500153729e-8,1.2538838323350615e-7,2.520109789613115e-8,-5.105263088905636e-8,-1.739328410667339e-8,2.3258228838606634e-9,-5.671533865011748e-8,-8.58971884734022e-8,-3.8064380111737123e-8,-1.7387484925630187e-7,-7.93310135301081e-8,-7.618494749613798e-9,3.009490268250566e-8,2.1009784671225705e-8,8.822489063805814e-9,-3.396178265845749e-8,-7.679607968692977e-8,-2.1135692810186325e-8,-2.721870488687749e-8,-5.531502653604102e-8,-9.948223357251348e-9,1.5676969832761748e-8,6.507065305019176e-8,4.5793236861406436e-8,-3.8458702590095487e-8,-2.6410611201982377e-8,-4.5458063341878974e-8,3.5536615878312195e-8,6.011879520147085e-9,-5.4545319224796974e-8,-1.179026596731932e-7,5.277743791316396e-9,-6.653378759205888e-8,1.49710051329931e-8,1.7281152196735975e-8,-5.795107259789812e-8,-3.719316961421414e-8,-1.1754022166984096e-8,-8.502376154572849e-8,-1.2045915567406465e-7,-1.1348988204701913e-7,-9.542602350995678e-8,-6.235398645141551e-8,2.1834681850090717e-8,-4.359136588766949e-8,-5.845975648229147e-8,1.5490566411477204e-8,8.281021716612449e-8,1.9746712925640585e-8,1.1450505244642915e-7,1.0674563202286463e-7,-5.262786089996314e-8,1.5532502238247003e-8,4.680611361423768e-9,6.962291780775529e-8,7.347519985758017e-8,4.789843164846345e-8,-2.328089739786766e-8,-4.017967696649989e-8,4.650781846752185e-8,1.1396041279701193e-7,8.882109510936464e-8,1.4894466802026e-8,-2.066402542502526e-8,2.388414946363876e-8,-9.164690822074598e-8,-3.290057784267576e-8,8.331300688794125e-8,2.9446836499377925e-8,7.65337672251191e-8,1.6948846590209562e-8,-4.5116520694952734e-10,-1.532552864479546e-8,-9.792730093681421e-8,-2.460467838300516e-7,-6.167064461874141e-8,-1.0496535776735691e-7,-9.116788643297723e-8,3.146570392845051e-8,1.0962101259144809e-7,7.540598044040139e-8,4.413069362599477e-8,4.845396689949449e-8,9.753838845330559e-8,6.881640785597482e-8,-1.9387210607272755e-8,2.9127578906642092e-8,-3.5048275057583726e-9,3.983600542106874e-8,-2.0734931289986902e-8,5.433528822457249e-9,3.7615958077298107e-8,9.68909600690595e-8,-8.389910785638831e-8,-1.849506081993883e-7,-1.9897777929122233e-7,-9.270267818963439e-8,5.682670331872467e-8,1.1562952031362937e-7,9.236271073288778e-8,1.0383966700526913e-7,1.9559254554000694e-7,1.2634937448246033e-7,1.0273447721109458e-7,4.051665232170379e-9,-1.833225032479432e-8,4.614038307709402e-8,5.4659554356688656e-8,-3.597679092277089e-8,-1.539799143653417e-8,-6.665372567099077e-8,-4.880435257273524e-8,1.2340107844555071e-8,-4.328186176036222e-8,-1.401775606443942e-7,-1.8285648619002995e-8,2.4650723556164475e-8,1.5940863187042963e-8,-8.54328480633062e-8,-1.4191914764212302e-7,-8.168857385575468e-8,9.977639253483943e-8,1.9698961351567598e-7,7.430623472346775e-8,-2.6396107608282147e-8,4.9085970862773384e-8,1.6816531439022813e-7,1.1395542205280286e-7,6.007939933089069e-8,2.4589666549067227e-8,-5.50752422227982e-8,-1.58173349753481e-7,-1.2087995930214691e-7,-1.2621318001855684e-7,-6.68284680679725e-8,1.3029987921767494e-8,-5.626162439578036e-8,-7.807900458950073e-8,1.0365439910037958e-8,4.3362493986482056e-8,7.724702876917685e-8,4.671156225218601e-8,1.0400031164009153e-7,9.984043621216982e-8,1.711183250624122e-7,2.2731629957770717e-7,2.079533678649794e-7,1.0226362077988493e-7,-8.29677455903789e-8,-5.071940650272846e-8,1.1533117883614328e-7,5.06507590997767e-8,-6.741475239479537e-8,-6.582160161174208e-8,5.402801087895793e-9,7.232428758688523e-8,5.3570671548370025e-8,3.510002878552944e-8,8.225161861331291e-8,-2.13840445765236e-9,-5.726340440657799e-8,8.249852030214334e-9,1.4044462377323406e-9,1.7832266010247907e-8,4.979027198323224e-8,5.091791216981379e-9,-4.9095340094126245e-8,2.737601467382583e-8,3.550445878132704e-9,6.556981391047392e-8,-2.982928406350626e-8,-1.0601036626232044e-7,-2.67226765940647e-8,-2.0339865899260657e-8,9.146783509676375e-8,9.498796266021407e-8,3.331815810233789e-8,2.5286256544008953e-8,3.4853189553721444e-8,-3.091971117133901e-9,-1.0047519541097455e-7,-1.427692438258809e-7,-3.46319608880426e-8,-1.0447743392941078e-7,-1.417773505086903e-7,-8.479445535915738e-8,-6.131608656520953e-8,-4.817258893426482e-8,5.9956352276353754e-9,4.5995328151847975e-8,4.248019013121507e-8,4.706443784783551e-10,-6.3712699955294325e-9,2.9187511638735356e-8,2.65738982236041e-8,6.658940570327421e-9,1.8022667473792182e-8,-7.379734988414998e-8,-8.573528278457136e-8,-1.727573280247495e-8,4.8004298510241834e-8,-1.0434739552392889e-8,-6.34668096274078e-8,-2.769234695004478e-8,-2.8671002853049273e-8,5.208080285018331e-8,-2.7499469136614686e-8,-1.6869177677583827e-9,-3.624519454041007e-8,-7.057091955441343e-8,-6.692491434074699e-8,-6.264395608116949e-8,-3.740522105753733e-8,9.483921677776455e-9,-3.6160647011689067e-8,-6.767726490811364e-8,3.360195940412286e-8,2.8881830904998514e-8,9.169580225376813e-8,1.1468527735162135e-7,2.8932919205259478e-8,1.0273152788516519e-8,3.692785301564516e-8,-5.046895637373326e-8,-7.433119111509025e-8,-8.658426737285692e-8,-1.1388544994246637e-7,-9.481654115802905e-8,-1.0608119351473536e-7,-1.3670023575778496e-7,-3.2486098075213663e-9,1.1965536637575464e-7,5.9499130225592387e-8,-7.937484144732235e-8,1.9444116876035907e-8,-9.193425425671142e-8,-1.384312815631391e-7,-7.403878310789036e-9,2.1656801332497962e-8,9.107022013190344e-8,-3.9350688525647464e-8,-6.194434740304946e-8,-1.4514362946632287e-8,-2.7637586537285604e-8,-2.4505491733717625e-8,3.687781405634936e-8,-3.539719124366555e-8,-1.2617548863450767e-7,2.377651725216978e-9,-4.121043712949839e-8,-1.2274668961832534e-8,-6.431107932083143e-9,-3.3419647812277078e-9,-6.104225897775532e-8,6.428560079327092e-9,2.5613232006227016e-8,6.121016450986634e-8,-3.3463370189116357e-8,3.491868945870206e-8,7.462843439313503e-8,1.1138121767123132e-8,-1.6781684193405067e-8,2.646559765702593e-8,5.71163753223543e-8,1.5255721582676347e-7,1.4511991648835217e-7,1.0265151028375037e-7,1.9406258574487323e-8,2.791697016544631e-8,2.9102158667521195e-9,-1.721142048062403e-7,-1.348895407235959e-7,-2.298943915398499e-8,8.378776627829678e-8,-4.393419814628858e-8,-4.922922428156363e-9,5.4839084954552384e-8,7.380630888691283e-8,5.2020261926288026e-8,9.318141206129746e-8,6.218309491597416e-8,1.655751927719675e-7,2.500880093766905e-8,-3.704591586397793e-8,2.8394887801417263e-9,2.312780253789267e-8,-3.303638612102411e-8,-1.889699543086478e-7,-1.3428263806780845e-7,-1.0002766082692632e-7,-8.8344093185733e-8,-1.1360058491321723e-7,7.644365096108727e-9,1.535721201535208e-7,1.407803468544155e-7,-1.3790312292525082e-8,3.5374280303462245e-8,1.4307513120291582e-7,1.2058079605484706e-7,1.2630896018704977e-7,1.0053638775181217e-7,1.2745250048898602e-7,2.0698879241744673e-7,1.0143967408448615e-7,-3.669202362575192e-8,-5.37421862042376e-8,-5.019043559167093e-8,-1.7609353058400393e-8,7.748648570067258e-8,7.203355927204918e-8,9.946445110053145e-8,1.477765482188325e-7,-3.948607001616846e-8,-1.4254208336772066e-7,-1.2393447030609072e-7,-7.19219909501697e-8,-1.3191377769829702e-7,-5.468298641252372e-8,-4.0466808645090267e-8,-3.677594601565436e-8,6.88652744445495e-8,8.731282444233927e-8,3.032086155694031e-8,1.3187057077696985e-7,2.0928520636811553e-8,3.6649841265328095e-10,-6.433792434751602e-9,-4.1724716088865615e-8,-3.2134463194572614e-8,-8.484238414804736e-8,-8.920347045796273e-8,-1.850343194132722e-8,-9.039659893021101e-9,-3.827761180919142e-8,-1.1228801210324535e-8,1.2860587617956684e-7,-9.61533352100547e-9,-1.560218441888839e-7,-1.416817754137032e-9,7.819197653258974e-8,9.122213764177889e-8,1.0518692366858485e-7,-8.986749369804099e-8,-1.9393188475128503e-7,-1.0334351273825923e-7,-9.049841430593855e-8,4.611508979957829e-8,-6.203779762578927e-8,-1.8991959950487856e-8,-3.678540181714469e-8,-6.540897457169499e-8,-6.010007963510557e-8,8.655009495810638e-8,1.1742024635846276e-7,1.6222257490292918e-7,1.340706814293588e-7,3.78753068418772e-8,-3.3077501766427634e-8,-1.048146733537244e-7,-1.265389319899806e-7,-1.2821479817015674e-7,-7.666773189293714e-8,-8.6618268211251e-9,2.0525868645044348e-8,-4.802413192070318e-8,4.006293576665846e-8,-2.2779090592352147e-8,-3.1641564935179967e-8,-4.852702683462414e-8,-1.2720871855519306e-8,6.527895544851831e-8,1.4446705898092526e-7,8.032949641155378e-8,-1.750928069533398e-8,4.590481424044674e-8,1.178494210458291e-7,6.184307131733594e-8,1.5059708971920523e-7,1.0342745584582798e-7,-3.942680056987753e-8,-1.76218289670292e-8,-4.157815599364999e-8,-6.416477244119605e-8,-4.587398247991468e-8,-7.83909274055744e-8,-1.0938323956321451e-7,-4.7394151376166597e-8,-6.754372319606739e-8,-5.5922968506538613e-8,-1.772148485115542e-7,-6.602676236223545e-8,-1.8799129327752775e-8,-1.9489897189832625e-7,-1.7741482339996438e-7,-7.822576334069444e-8,-3.803865243786634e-8,-1.490145595802087e-7,-1.0378551353644519e-7,-8.376290540888489e-8,-4.4340296781539996e-8,6.515939503588896e-8,9.229839320064778e-8,9.316133762546377e-8,7.620274501311505e-8,2.4040160130800042e-8,-2.8560556390061e-8,7.419043269417044e-8,6.609228676531564e-8,1.4495191929919608e-7,1.0112062489149602e-7,-5.250325565285854e-9,-8.344440159530476e-8,-2.4791693397570527e-8,-9.109548997959773e-8,-1.4442188511818545e-7,-1.8317518906479477e-8,1.2380515720651926e-7,1.22581557248248e-8,7.159045858994499e-8,3.99940358372847e-8,8.794609191919948e-8,6.404568255535591e-8,-1.3257699293909468e-8,-5.542108335486167e-8,-3.1015656244459156e-8,-1.1878667749588969e-7,-8.836525944608045e-8,-4.025868483921719e-8,-6.636031884546433e-8,-2.4483823004430885e-8,9.730942439502517e-8,1.4541236209690626e-7,1.5339270366230659e-7,1.3742404621745714e-7,8.626377908995593e-8,5.776896091372763e-8,5.020808430025187e-8,9.967310673872678e-8,-5.2728565045826964e-9,-7.851839047264188e-8,1.9425357339296016e-8,1.5216535125140503e-8,-3.9042511310805896e-8,6.958253308104642e-8,1.6429483104281733e-7,1.262296248070788e-7
2.640845148533884e-6,1.0131222857583917e-6,3.7813337823035197e-7,1.0442442331260564e-7,7.635984956331841e-8,6.536316653368973e-8,-3.1255672564762394e-8,4.9641834327473746e-8,3.040818137329301e-8,6.164937234693453e-8,-3.265401691642649e-8,-1.0595119994022353e-7,-9.954474126268492e-8,2.7657136360616347e-8,8.93054073490276e-9,5.7634891136915965e-9,5.488978400807641e-8,-3.3925932063345075e-8,-9.489326818212907e-9,2.9243957588472057e-8,5.49948157793164e-8,2.8494560714281743e-9,2.0262972335561772e-8,6.699735307887826e-8,2.2605561032522548e-8,9.214901717800414e-9,-1.571867405585506e-8,-3.018492114528125e-8,4.2735135641101885e-8,-2.7526517088957068e-8,-2.478847832943947e-8,1.4387864379438576e-8,-4.9625599650814044e-8,-2.5357348755091576e-8,-2.316363735066085e-8,2.1579317231391107e-8,2.5552276469456333e-8,6.31641705810968e-8,5.627008539074948e-9,2.682107270042757e-9,3.3100084570745834e-8,-3.567258263137983e-8,-6.36448266447256e-8,-1.0193335262344313e-7,-1.2215887231005444e-7,-2.0182123712942686e-8,-2.582520813523577e-8,2.5648195528092563e-8,4.137714016525284e-8,5.047441248943683e-8,9.858194464129726e-8,3.117571136368464e-8,6.054572511795605e-8,1.1219566460191885e-7,9.279493798298101e-8,1.3173774524888942e-7,5.6133655258987905e-8,2.824117561735321e-8,1.2195804745724798e-8,2.6775101500351314e-8,4.377477278764847e-8,-2.046453844167153e-8,-7.714939132458704e-8,-5.482784277209731e-8,-8.826914398254145e-8,-6.451157763898715e-8,2.07150097449154e-8,5.7817070403465996e-8,7.707410508737301e-8,1.7382904744866258e-9,3.828322068851836e-8,3.8923040507817934e-8,7.675477319325516e-8,1.2497596424386184e-7,1.0238461747030696e-7,5.308690200614293e-8,3.312461841522817e-8,6.260030943806943e-8,5.349694655342352e-8,1.0776681264530114e-7,5.8896806209152e-8,2.1469186519744682e-8,1.4306618785960711e-8,-1.600234218974191e-8,-2.3993638810346296e-8,-5.063455420246735e-8,-9.760758718762547e-9,-3.0051436598574807e-8,-4.37555759013619e-8,-5.685364024871662e-8,3.207935224406404e-8,1.1608322050746234e-8,-1.0822537352982903e-7,-1.0044033653770436e-7,-7.385779458886478e-8,-9.463453838433982e-9,8.79936153246165e-10,3.318217679292067e-8,3.946622533911047e-9,2.3674350338516046e-9,2.5668724280089495e-9,-5.224610752001418e-8,-2.5806446617389565e-9,-9.055497371301351e-9,-6.06019383997582e-8,-8.606818152371208e-10,6.091544689270657e-8,2.945076230247945e-8,-8.811330879002732e-8,-8.15360488921769e-8,-5.5599096552303086e-8,-1.1571246282470896e-7,-1.2281369452552519e-7,-7.30201385413653e-8,-7.697693851976179e-9,-2.6169699300520373e-8,-3.0918096191020564e-8,-5.871789566525984e-8,2.1381818678052178e-8,1.5049605026444593e-8,-1.6600897882280474e-8,-3.648723527363807e-8,-1.2293951791853661e-8,1.0802436065897821e-8,-6.284999761306099e-8,-8.738200028423936e-8,2.3597440637810347e-8,9.393466655518508e-9,-5.388505139854796e-8,-8.189434870161549e-8,-1.355767665517651e-8,-4.611876670070182e-8,-9.194895212591042e-8,-8.631793860047479e-8,-1.9446132120646038e-10,5.022582290991552e-9,-8.844890026649616e-9,-1.518382312058674e-9,-1.7545953288105957e-8,6.492320247267592e-8,-4.49065420082538e-8,-6.085457372990527e-8,-8.52045595699265e-8,-3.228363859516975e-8,-3.176998058862709e-8,2.910164543531636e-8,3.223874154160352e-8,9.906196609897675e-8,1.0315645963254696e-7,3.261161748719347e-8,4.1599530880698e-8,-3.660373931109751e-8,2.3657710356087333e-8,-2.418160048510499e-8,-6.042870120395721e-8,-4.008002419277615e-8,-3.751918437334141e-8,4.235523680410098e-9,8.435736481600465e-8,5.438431937100673e-8,1.913471327793929e-8,-6.4725242334096545e-9,1.9525119321614088e-8,7.508378698560946e-8,3.3588977222212324e-8,1.652186888672682e-8,7.076281549360698e-8,8.913411096600954e-8,-6.0197640631614225e-9,9.5058240284971e-9,6.360536340049652e-9,4.826769970298803e-8,1.6997161874393748e-8,-3.24443251556141e-8,-1.0095034211347791e-7,-6.668830064373831e-8,8.670692483899165e-8,-9.434257548559411e-9,-1.1071936209994895e-7,-3.854127791367191e-8,4.9663918447753634e-8,3.3117527468755673e-8,-3.343112731039978e-8,-7.509293476949972e-8,-2.608234458949597e-8,3.2781523312214585e-9,1.9838156781264666e-8,-1.3313093089912044e-8,-1.1666506847318573e-7,-1.0218128726133092e-7,-8.218433195205491e-8,-9.225905077714909e-8,-4.802007464134049e-8,-6.55762395455003e-10,-4.351127196524946e-8,3.481521128758581e-8,8.0241073587529e-8,2.8984592150057124e-8,-3.481907087114878e-10,1.6694671507945266e-8,1.3350142474341281e-7,1.7600825275789873e-7,6.817169145848648e-8,5.7506719001168574e-8,7.184080245912223e-8,6.936840710657205e-8,4.740520279191143e-8,-2.4619722935533308e-8,-6.478610960452667e-8,1.0124727783347333e-9,1.2363392863210169e-8,8.005313590541076e-9,6.806323155773795e-8,1.576779330437999e-8,6.403377809475488e-8,6.519319565169876e-8,5.1573938519604344e-8,2.953434672813036e-8,6.94230086963084e-8,4.0762476168573523e-8,-6.9904372173755835e-9,7.0624047344284794e-9,-6.988850046087574e-9,-4.87383168523854e-8,8.644172696105499e-8,1.0713117707913898e-7,9.791710332418154e-8,-7.66826934664083e-8,-6.760824098353363e-8,-2.737677934587584e-9,9.28998324226524e-9,8.935125015136344e-8,9.723964393395408e-8,1.008139710953115e-7,1.0891816224717187e-7,2.039405506503965e-8,-3.6544019737903944e-8,-8.200471798226895e-8,2.3433395305671207e-8,5.7486778885575745e-8,5.714508306707549e-8,-5.737578022907853e-9,1.3390115323888137e-8,-1.7035202039424922e-8,9.692418297485643e-9,8.069233579019287e-8,4.193650031977693e-8,-2.2773772059027512e-8,-7.974572220950111e-8,-1.3892882312547451e-9,5.9203478652306244e-8,3.2481844640466088e-9,-8.624459739213505e-9,6.150057114907958e-8,8.973487288446658e-8,2.6996983179380086e-8,5.1022164644154274e-8,2.920433379330014e-8,1.8544685803319457e-8,-4.5841841947666655e-8,-5.004176333255323e-8,-3.093412530513031e-9,3.644087977964007e-8,4.3488615809067024e-8,6.295700618839784e-8,3.5114451495927435e-8,-2.656700649750015e-8,-6.357744086147262e-8,-9.283155483062101e-8,2.284004138513027e-8,2.975647624805431e-8,-7.709423757550296e-9,-4.550075879104451e-8,-4.333443253257037e-8,-3.3579637489550316e-8,-1.728032559128767e-8,-3.6481834714535893e-8,-1.4299252249561476e-7,-1.3145466955551277e-7,-1.09906216431215e-7,-2.4980993363179685e-8,1.786855262848104e-10,7.418890444793871e-8,6.761207892362581e-8,6.312448532100701e-8,7.059445803022782e-8,4.436887055016482e-8,4.4175930589339117e-8,-2.9125291008810335e-8,-5.242198122221639e-8,-1.3641131147528915e-7,-1.0066045226041721e-7,-5.225028223165919e-8,-3.3320996875496745e-8,5.073453550324718e-8,7.479846085808378e-8,9.572176176240003e-8,2.7702674576035753e-8,1.4069922580186045e-8,-1.5246251440866978e-8,-1.4705140598722524e-8,-2.734778105685737e-8,1.3550341956290613e-9,-5.240044821243509e-9,-1.63212142430224e-8,4.712843992552101e-8,3.524116391009635e-8,6.381324530417736e-8,6.06278211365134e-8,-1.1077426910620514e-8,3.102330031108092e-8,-5.539917931938034e-8,-6.652698342672533e-8,-9.161904621410038e-8,2.4460636764665858e-8,7.296767513841266e-8,6.022259159627678e-8,1.0885537506070755e-8,-5.0307601661247683e-8,-4.652620984717686e-8,3.7268558337577926e-8,1.3925626636871543e-7,1.5198269521817157e-7,1.2477364054692856e-7,5.4664402603667486e-8,-3.627653500602269e-8,-9.733084695708482e-8,-9.636194796334205e-8,-1.5425195641104928e-7,-5.448190358064623e-8,3.1692004954997664e-8,2.6451940645136134e-8,5.661431017740552e-10,-6.229782935814227e-8,-6.336618621254529e-8,-5.563886616839198e-8,8.37009363197961e-8,-5.6008249626836936e-8,-7.085108725093255e-8,-6.431102860362648e-8,-9.99281509880516e-8,-5.45592184452915e-8,-6.25635503641701e-8,-6.380263288270775e-8,-1.084766781422717e-7,-1.7871747085440235e-7,-1.645975683070466e-7,-9.830805480468091e-8,3.238292768503958e-8,-3.988165540604864e-9,-6.599750686365256e-8,5.1072249008010165e-9,6.234238384081497e-8,6.715312615907265e-8,-7.927141828424982e-8,-8.763887652336837e-8,-3.4115381839532473e-9,3.742352136712781e-9,-1.3238345865602683e-7,-6.551420657669768e-8,6.310804790267566e-8,9.176952342669564e-8,9.97008244408037e-8,3.376013521368081e-9,3.2388581475175e-8,1.772117685118666e-8,7.565100754291456e-8,8.134288583328412e-8,6.177822456317055e-8,9.344986726845526e-8,7.473966936917162e-8,1.1682230461983702e-7,1.317275309494711e-7,1.4820100145402816e-7,-4.0734165675791594e-8,-5.5813135438855085e-9,3.42279341513305e-8,1.0934143309572377e-8,1.4880923940586608e-8,-4.5955984776679925e-8,-4.251129882582917e-8,-3.303221100134129e-8,1.784011001384074e-8,1.604153887076518e-8,8.753103421715186e-9,6.611289419347595e-8,8.717846539680649e-8,7.567423409176049e-8,3.865800725539879e-8,8.152593740363037e-9,5.9260170054825614e-8,3.592165904944733e-8,3.1808525946496744e-10,-1.0208870586611955e-7,-9.301791050403308e-8,-6.082943865276901e-8,-4.9818531876693345e-8,3.085321738716843e-8,4.341005906526311e-8,5.8749628612368776e-8,-1.8535001240031817e-8,4.957875204394069e-8,3.555000872566069e-8,1.1765372857813514e-8,1.4575576329297238e-8,-4.2830877410528685e-8,-4.163534785179652e-9,-2.4371797268026387e-8,-1.733519415706474e-8,-6.283519103397368e-8,-9.69956555682775e-9,-1.775216919233527e-8,-3.510518313971704e-8,-5.217432596368069e-9,-9.092299564886461e-8,-6.889381203366931e-8,-9.158208493625842e-9,9.90300804610274e-8,5.546150624363801e-8,-1.88188523460902e-8,3.4150369758563765e-9,2.769579568097076e-8,-2.4509743090445093e-8,2.724216107723038e-9,-8.487707610415753e-8,-5.980709295511958e-8,2.7074289111541756e-8,9.204818236417973e-8,1.953618006029456e-8,2.336134336570721e-8,8.331080372720421e-8,3.639187820541288e-8,3.00783285817266e-8,6.228146259304962e-9,7.85888032881795e-9,-3.650690544379377e-8,-2.981370614671506e-8,-4.121472609705298e-8,3.1490488528484756e-8,1.0986519493603423e-7,5.586889949847942e-8,6.2478734020789e-8,-1.923679020216571e-8,1.3641457935717154e-7,1.2796690871269843e-7,9.237416010522611e-8,1.1357349537038378e-7,-5.080421915308534e-8,-8.243186154015133e-8,-1.739798407393585e-8,-3.8395185232223344e-8,-1.5902867685375744e-8,-5.83904671374641e-8,-2.1888793333512773e-8,7.345026250031365e-8,5.54770320187892e-8,2.325160936633603e-8,7.032577388048524e-8,9.596916173363434e-8,3.5967165535175484e-8,-2.096580754695453e-8,-3.878190888209303e-8,1.3533064033557413e-7,1.3424089292156462e-7,1.0092339859792449e-8,4.022866616619959e-8,8.923737815170221e-8,-1.0465829439224697e-8,-1.0167615224282845e-8,-4.2951734372975554e-8,-3.362594455082822e-8,2.0357853894415096e-8,-1.9654121570731138e-8,-8.089485355298627e-8,-1.3708206890661493e-7,-7.251874237915805e-8,-1.481194393164626e-8,-8.487972851172461e-8,-2.474796504458103e-8,-1.6303480697589347e-9,3.654848601183393e-8,6.30481392722482e-8,4.537115731758998e-8,1.649296470009992e-9,1.9243979303253584e-10,3.2544057349622026e-8,5.188419058493285e-8,1.3808286502363972e-8,6.999649407763223e-8,2.8552558008537843e-8,7.090634309200787e-9,5.47475905589522e-8,-3.5355618181173405e-8,-1.1328309010666279e-7,-1.0065469678923352e-7,-9.512393303004981e-8,-6.807952887625484e-8,-6.516035095695622e-8,5.668614516281698e-9,8.463424320825808e-8,7.12025884934447e-8
2.220006600839061e-6,8.995890684953306e-7,3.6999026161996807e-7,1.3886984685682234e-7,-1.4459325120871837e-9,-5.999759386878654e-8,-1.2099762513077585e-7,-9.88519513951644e-8,-2.4404939460097963e-9,4.7871452523719384e-8,-1.1709345701696551e-8,2.653844403073076e-8,3.106959111681017e-8,5.163203770280583e-8,7.068070748174764e-8,9.358126436325927e-8,9.972447987139002e-8,7.654227745338793e-8,4.2017700791547574e-8,-2.207112926638157e-8,4.5748802921266995e-10,-1.6471755031139544e-9,9.307240108583116e-9,-3.479791141339334e-8,-7.341528680153532e-8,-2.2182092006596927e-8,2.1965629881966956e-8,1.3352988766405173e-8,-3.3110112191763944e-8,-3.252832515994519e-8,-6.807395573172855e-8,-6.202728575611773e-8,-7.089758833011908e-8,1.3806889614338907e-9,1.0085128907163578e-7,2.449417942284376e-8,2.0048098678007318e-8,-3.29847849763655e-8,-3.204110761453453e-8,-1.056068839967829e-7,-9.060174084547299e-8,-1.56368435016113e-7,-1.2141460106667395e-7,-8.45005789760787e-8,-2.2305645968232487e-8,4.4528050469268266e-8,5.6637244733027485e-8,3.8391065999575045e-8,4.49222101874945e-8,1.8323784938985182e-11,3.682669165028399e-8,5.164970728128949e-8,2.630052349670924e-8,-1.631074857021352e-10,3.718250670398325e-8,1.5155370368850226e-8,-8.2118510430361e-8,-8.937633430185356e-8,-6.208060597198514e-8,-5.47193525966224e-8,-4.803183967304236e-8,-2.104869063893492e-8,9.208940189845245e-9,2.8973950580662187e-9,-2.960367259485087e-8,-5.6251809501253434e-8,-8.90081130367048e-9,-2.4923676499244526e-8,-3.442199900371587e-8,-3.4334404013075527e-8,8.087444255608231e-8,8.159973574799634e-8,7.476851146740216e-8,4.573183394892436e-8,2.0080727720449785e-8,3.619268179693805e-8,5.689188999879744e-9,-2.3081322484641505e-9,-2.4265750287277497e-8,-5.733715067977598e-8,-4.391708001935989e-8,-6.471966538625105e-8,-4.887641809433074e-8,-1.4782185003841581e-8,7.735136584612727e-8,3.4162111409339674e-8,6.835526216374095e-10,6.81435829446702e-8,4.114090693412332e-8,-1.1183266066411248e-8,-3.267528311355691e-8,1.3050275757596786e-8,-1.3235947499535424e-8,-1.8961665390104575e-8,-3.7062906602883326e-8,-5.506123805846972e-8,-3.137113579669295e-8,-2.1623520380601574e-8,-2.086986646417406e-9,2.6419219125665894e-8,3.4838096084871095e-8,3.085713147527289e-8,1.2991699077923003e-8,-8.41930989317395e-8,-6.297547688718269e-8,-3.2513931539155076e-8,-4.123729037004904e-8,-5.0911651080982296e-8,-3.1156337559665204e-8,-2.2226369591284658e-8,-1.5590098320193414e-8,2.4595090359184766e-8,2.1490043341709055e-8,-2.890560648667712e-8,-3.1008352068736494e-8,-8.754530537833731e-9,8.729628650461707e-9,-1.1020302037962836e-8,4.286481021184394e-8,1.9013930888446087e-8,-1.6714236982517603e-8,9.077636581813965e-9,1.9211019905736157e-9,2.765505498050069e-8,3.6396393495763567e-8,-1.2344931837428499e-8,-3.399642566473897e-8,2.6933232276026278e-8,-3.170513717669128e-8,-5.433738167875517e-8,-8.247416321467237e-8,-9.934111636438721e-8,-9.399518038150052e-8,-8.017753872593279e-8,-5.309202148662968e-8,1.1206251399239805e-8,4.383523318394527e-8,5.1339459312248265e-8,2.892653670997834e-8,-1.7186914175439333e-8,-3.1984947573449575e-8,-1.0252692044037387e-8,-2.465261055895502e-8,-1.5118846370396955e-8,3.6384185181333614e-8,3.530480001283142e-8,-4.421803185430697e-10,-1.704576389913218e-8,-6.533170077756676e-8,-4.624741638971462e-8,-2.6602367324089473e-8,-2.3942117586255472e-8,2.273440036540166e-8,2.7664373085152773e-8,2.540400225546174e-8,-3.542081305361472e-8,-4.151961193079102e-8,-1.0381182227893782e-8,-1.1122663746862251e-7,-8.07351411536772e-8,-5.373475312568206e-8,-3.35172847037953e-8,4.324005271006411e-8,8.087940301234771e-8,4.9343286853182915e-8,3.6206912635758736e-8,-2.9297481175133913e-9,-3.250793153115072e-8,-8.254894713739102e-8,-8.276898137866386e-8,-5.066717153294362e-9,6.878726669468839e-8,7.227235297940528e-8,-3.788230055176907e-8,-1.2750869128600538e-8,-3.84481014656409e-8,-4.421121811578988e-8,-4.309378045751243e-8,-5.976673797771668e-8,-9.24273974186821e-8,-1.393100694029764e-7,-1.447883155511e-7,-1.208194313427711e-7,-5.0787806922329394e-8,-6.848431957013147e-8,-5.476901255459892e-8,-7.025076569148677e-8,-8.782245736470376e-9,6.960566011803726e-8,4.7839761789321175e-8,8.742087056614664e-9,-5.985859681350733e-8,-5.683999616754481e-8,-3.400827857615612e-8,-6.101195070389768e-10,-3.043947032038822e-8,2.2072723189739863e-8,6.235239018011626e-8,9.886229800980923e-8,7.615539001594601e-8,-5.527536782292015e-8,-1.0112817735623331e-7,-6.088045591834724e-8,-5.678071258026707e-8,-4.570339563734493e-8,-3.658641335730516e-8,1.5831059212455898e-8,2.915360253365898e-9,3.714167091172696e-9,-2.9190531997975353e-8,2.029409054114165e-8,4.424432549122838e-8,7.543893567159147e-9,-1.5951680826592636e-8,2.0539841061227852e-8,4.6301515207643735e-9,-3.250744541554377e-8,-5.532009085219269e-8,-8.842220312553902e-8,-3.189649703659771e-8,-3.262822168336909e-8,-5.7033364076269204e-8,5.023956342812182e-8,6.36073380815708e-8,4.038721919341509e-8,-2.643319291035322e-8,-6.073362003327084e-9,6.0714679090601e-8,1.0761265560506625e-7,1.062252930100704e-7,5.518663327136006e-9,-5.7999223748492486e-8,-8.059111279015325e-8,-5.589610820119693e-8,-3.100442823159878e-8,-7.838275542550019e-8,-2.5189717597454327e-8,-4.1984125930888354e-9,2.185804063313642e-8,5.83747856889295e-9,-1.0804645142880516e-8,1.7969275576280535e-8,7.001148455925611e-8,1.9855398177432143e-8,1.8212660079744707e-8,1.3995067371541856e-8,-4.844397185210373e-9,-8.043151134731648e-8,-1.0873211364639339e-7,-8.704653134117934e-8,-5.090736922909843e-8,2.8083526033475354e-8,3.113902107937037e-8,1.2875586949162247e-7,1.3694144735202482e-7,8.496915010083706e-8,5.7698910163850434e-8,-2.2951712966557403e-8,-2.163378475517519e-8,-2.7182543442738198e-8,2.569562128187291e-8,-1.874055294692856e-8,7.407811900411472e-8,2.982514279441041e-8,3.8508576523857977e-8,-4.408683072053971e-9,-5.367221442828342e-8,-3.0015569547949896e-8,3.810694813477543e-8,3.211369154066668e-8,-3.467322555197375e-8,-3.4595316248915754e-8,4.528820931422182e-9,-7.003380715677199e-8,3.495726283868908e-8,-8.67225802547119e-9,-3.5281568636161e-8,-4.5356148093936966e-8,-5.7660612279759436e-8,-8.347819260114827e-9,2.9690436421665644e-8,5.505422058762258e-8,7.922746308805529e-8,1.1752663454483347e-7,6.916770853788869e-8,2.755231268929221e-8,5.543108685620458e-8,-6.556221489223209e-9,-4.5332486305513536e-8,1.936592398763405e-8,5.4945379791761e-8,5.032328668784605e-8,-3.171991593637631e-8,-3.22030348670652e-8,-2.7460862598828275e-8,-9.051393764728624e-8,-6.656171130614211e-8,-1.761861019312083e-8,8.618848072911434e-8,1.3176974422412637e-7,1.270435789645705e-7,6.640751773734569e-8,3.796279648931266e-9,-1.0083478610131087e-8,2.5057646702475986e-8,1.2531333474304913e-8,3.712031644663716e-8,2.4175344432200573e-8,4.323166439447088e-8,3.4097260273362004e-9,-3.4581878729183214e-8,-4.9648643694011905e-8,-2.6588234968659128e-8,3.1782670116494396e-9,-6.092381482773584e-8,-1.9032034392370892e-8,-4.0844063078098173e-8,-2.45777293917722e-8,-8.078308118592677e-8,-5.085630590190293e-8,8.011472535451527e-9,4.936653919990216e-8,9.312863834821499e-8,2.2640130588120384e-8,-1.335414030453798e-8,6.4649916825225605e-9,9.557272181889218e-8,8.257038998950671e-8,8.504710593527318e-8,-4.889608360347599e-8,-5.1964755883273166e-8,-5.0450100921308516e-8,-4.531958348149052e-8,3.885318339723157e-8,4.895099814922762e-8,1.0122479733397788e-7,9.327307275709576e-8,8.659330827745944e-8,6.458110020821618e-8,3.171306323242912e-8,1.575198828926912e-8,-1.3870514982102177e-8,2.7196584062577615e-8,-2.6858544133526862e-8,4.29336785021422e-8,-3.521259591636267e-8,-3.055838316729174e-8,-8.519637638828969e-8,-7.363655505960581e-8,-4.9104452837703335e-8,3.0527347254730773e-8,6.978698721000677e-8,3.901069135784655e-8,1.023872188011921e-7,6.015150519480702e-8,4.856194160094862e-8,1.4107861031206117e-8,-3.151602560143531e-8,-6.775513352444367e-8,-2.3968006987309953e-8,-3.864321502584475e-8,-7.421753661736112e-9,3.9389005442762254e-8,-4.928100971691307e-8,-9.303843647410134e-8,-6.132556387754619e-8,2.8219251862965875e-8,4.5623041101175333e-8,5.839571673980666e-8,-1.8148213903520085e-8,3.210565494382378e-8,-1.2499822453756442e-8,-1.1710475223706237e-7,-6.108701853653151e-8,-5.1925751381422e-8,2.6489045053507783e-9,1.9333491552734595e-8,1.4986760116859994e-8,3.9593843388216994e-8,4.2014124359428875e-9,-2.8807881744266633e-8,8.560846738452135e-9,3.2535619189067285e-8,8.053877878063825e-9,-1.055680659890671e-8,-3.132273649154268e-8,3.08896479299378e-8,9.111040064083059e-8,4.3657875960128935e-8,4.238642824163173e-8,5.4272742204182496e-8,8.798233341906145e-8,4.6014833846425064e-8,1.605070025745614e-8,3.437991842045693e-9,2.2617804993016053e-8,2.265551533190941e-8,-5.2944569195593996e-8,-1.9048044538279906e-8,-1.7523357814028817e-8,-4.5686102614045485e-9,1.8845311483931923e-8,-2.4145763506600824e-8,-2.6376056216437335e-8,1.2609522816589222e-8,2.25523289918268e-8,-1.2925022582275135e-8,-2.9212539220187115e-8,-2.7416008317403572e-8,-4.675287247612476e-8,1.0632084245955653e-8,-4.556885795805897e-8,8.046072457449771e-9,-3.656704704635301e-8,-1.2039740645280738e-7,-8.2931538666601e-8,-7.677862447439027e-8,-1.1772387821018822e-8,2.5825952510401353e-9,-4.1201357774730854e-8,-1.977140276268294e-9,4.908191838505975e-8,5.562457051512796e-8,6.505816009664601e-8,3.0562973507045326e-8,2.2835100166310963e-8,1.522606383660925e-8,4.9393612936502186e-8,2.3570056291439026e-8,-3.694288971087959e-8,-7.375369130371144e-8,-9.113339065300794e-8,-1.5225448898798863e-7,-1.2390155160493802e-7,-6.907865375686033e-8,-2.920030637371495e-8,7.683145072756161e-10,-1.430622208690872e-8,2.1655886164400293e-8,3.392398118072079e-8,2.7348125393329088e-8,1.3904051974671953e-8,8.473326480445175e-8,3.190673007570396e-8,3.884066598450047e-8,2.436655580422627e-8,9.181547396881185e-9,-4.110580701714037e-8,-4.2401359854945124e-8,-1.7723139528796866e-8,3.22866971552958e-11,9.614162021400416e-10,2.3047422656353383e-8,1.975544236572211e-8,-2.937383405410615e-8,1.757245130488582e-9,7.973732578024717e-8,8.085550858080625e-8,1.235638753128971e-7,4.874563085147984e-8,1.9443909593071493e-9,4.8020913556132914e-8,6.084732840430652e-8,-8.879528855383424e-9,-2.0254617431139005e-8,-2.4660879288926246e-8,-5.498576064180684e-8,-1.0153885628477846e-8,-9.889039367470809e-9,-1.87702087579511e-8,-2.3261276140193192e-8,1.8015233127842462e-8,-1.8546415836962033e-8,-3.923292509127007e-8,3.001047647826103e-8,-1.1101038496225802e-8,-1.4614161016320652e-8,-7.012873328066833e-8,-3.3464630164523216e-8,-4.2326392811147044e-8,-6.372983967226557e-8,-9.967343549412094e-8,-2.6713313092250424e-8,-1.0465728013076698e-8,2.5869876623182944e-8,-2.8643404865136227e-9,-1.072412601744008e-7,1.4522313479652073e-8,4.4042058353566035e-8,2.5312046029293698e-8,-8.011975381739627e-9,-7.456307874862148e-8,-1.918348122018247e-8,-6.5587342404432e-8,-2.5556497854206532e-8,-9.435683839013424e-9,1.774589589154732e-8,8.344875215576234e-8,1.0496402857494141e-7,-8.73615250080349e-9,-9.133522316252353e-8
1.7339208080150724e-6,6.698234406971723e-7,2.7430741084476735e-7,1.3648976660930023e-7,5.161828592027912e-8,3.017840821254774e-8,5.0717080343709846e-8,1.074409738563121e-9,-1.61050645147039e-8,-9.249020589185921e-9,4.4367898992767154e-8,-3.6086022894548673e-8,-1.1111563984169155e-7,-2.285754069551466e-8,8.25881002769976e-9,3.500261630789408e-8,6.828997219938739e-8,5.843606760102232e-8,3.9011799282569084e-8,5.502918570263804e-8,6.847764878479435e-8,2.593285394915039e-8,-1.6911166573143797e-8,-3.092696620395902e-8,-1.6688275247173987e-8,-3.1247311378177035e-8,-4.4678333707040565e-8,-1.8130068374174044e-8,-2.874783820107695e-8,-2.282932027191918e-8,1.8938805133988422e-8,2.6404220310696966e-8,3.5325937333484466e-8,3.1424819468322786e-8,1.9004931600016982e-8,2.4836105481317924e-9,1.714328028859668e-8,-1.6843461593104154e-9,-4.416883350012933e-8,-5.1554749498745655e-8,-4.5581943719131034e-8,-6.346740539105347e-8,-3.300704166516991e-8,-1.5824662579404684e-8,-3.2570920559133505e-8,-4.672189084514792e-8,-3.639811156160549e-8,-6.365626398547416e-8,-1.0176927451713603e-7,-5.848303421692267e-8,-4.6301844052175876e-8,-5.103337836022603e-8,-1.8754548801046694e-8,-2.9483453154135593e-8,-2.5504746392677183e-8,-3.801646932508824e-8,-6.117527854460204e-8,-3.060887202220285e-8,-5.509502437158387e-8,-3.5226571220000794e-8,-4.7882520331745674e-8,-5.857810876922318e-8,-3.992212500316049e-8,-2.6121534849834185e-8,-1.0452848219227356e-8,4.638528306916127e-8,1.2794230429252138e-8,-3.5845290690117964e-8,-2.2481821567097047e-8,-3.08822703794118e-8,-3.735075991081884e-8,-5.0263220035740074e-8,-2.5399252225688063e-8,-2.1935887892225946e-8,-1.450949287670434e-8,6.286036299718041e-9,-4.297961810274421e-9,-3.1844315391007635e-8,-3.195590221131876e-8,-9.0659974192506e-8,-1.0696297731110919e-8,-5.738202295768591e-9,4.456448495110558e-8,5.134458990499727e-8,-5.185308493071953e-9,1.5696135263201334e-8,-1.303633492828374e-8,-6.146677954496495e-8,-2.5664554949976553e-8,-1.3586058565824234e-8,-2.158458021269176e-8,1.6156361987721274e-8,1.9194111583675556e-8,-1.8715696944176532e-9,-4.26820901015055e-8,-4.6868797069806466e-8,-4.808289483207792e-8,-2.993638454890752e-8,2.5949129060367298e-8,-4.3469026190769715e-9,3.911647843726566e-8,2.43890029164198e-8,1.8722189778744507e-8,7.301396345252958e-8,7.522417175449049e-8,9.765152758197186e-8,1.1313410245148067e-7,8.426810825326167e-8,7.727738712658412e-8,7.756740216768355e-8,1.0819909319277715e-8,2.2710314489686426e-8,-3.756768239302875e-8,-8.28234395511269e-8,-3.32979203482291e-8,6.399243997528357e-9,1.6022839781295612e-8,4.150815948255927e-9,-4.9288208287444606e-8,-5.890156498264921e-8,-6.7257402382235e-8,-1.1892313600194136e-9,-3.9842234340016664e-9,-4.371180405166613e-8,-3.653636654082269e-8,1.8316021399368527e-8,3.8302500749401556e-8,6.584985706826718e-8,7.681872043456472e-8,2.4237084655726937e-8,2.7767012673092346e-8,-3.338906215341996e-8,-9.579338463218305e-8,-7.078539857096099e-8,-1.0161317453668116e-8,6.461018459639043e-8,3.6488488380152747e-8,2.157663354355539e-8,-1.7829988692780066e-8,-1.7936863172133747e-8,-4.454060846853375e-8,2.2938921936171585e-9,3.199098225075135e-8,6.80289044356703e-8,4.7647351601556796e-8,-1.6588546338167126e-8,-5.7669117978151695e-8,-6.876394269658188e-8,-8.907979703622882e-8,-5.53242684445197e-8,-7.372447714016584e-8,-2.5740669334319516e-8,1.3459541564234372e-8,-1.593358132122515e-8,-8.655380726455542e-9,-1.9206496440043257e-8,-8.248314963685265e-8,1.4827866921040179e-8,4.505493471650795e-8,9.646035466107838e-9,-2.7158345324862015e-10,-3.0322475798589956e-9,-1.57032614200438e-8,9.016837228387537e-9,-5.906103868641299e-8,-8.791102504129976e-8,-4.2447292594157e-8,-1.680638987352038e-8,1.8992355027141294e-8,-1.981139488578281e-8,-2.5903429362727058e-8,4.8000915623731945e-9,-3.762273304794191e-8,-1.701459191987157e-8,-3.141936529871851e-8,-6.621188482911357e-8,-9.041398786901762e-8,-5.6817289545905536e-8,4.79257719977806e-9,1.9545654856607434e-8,-2.3987257085764658e-8,-8.096599486118092e-9,-2.2098996182262528e-8,-5.594729547960213e-8,-4.8182018254545855e-8,-2.2673104966678463e-8,2.1667536686481144e-8,2.8907180117255475e-8,6.819695458033187e-9,-9.498523892875548e-9,-3.977843719622259e-8,-1.3628502754626385e-8,3.6622139171494734e-8,-3.4424290845975504e-8,-1.420062919909039e-8,-7.674859705931845e-8,-3.404114470721366e-8,-2.377114292649351e-8,-8.035167533818313e-8,-6.870365794883688e-8,-4.4018453781253023e-8,3.5127400560242295e-10,4.677773120018306e-9,-1.9942826437547216e-8,-4.721379245504288e-8,-6.441148135589233e-8,-2.5045289456294068e-8,3.6045717195657176e-8,1.0066630091639037e-8,5.3960512668431894e-8,8.472737919775055e-8,7.577290802502643e-8,7.430214405764074e-8,2.83485990448138e-8,-6.848250485539282e-9,7.80154067994367e-9,-2.0794346950725783e-8,3.5038513694241896e-8,6.145237488199812e-8,3.6021554284304676e-8,2.3873283612664376e-8,1.4851959451576887e-8,3.0217856693944123e-8,2.1853248747100622e-8,1.9690616846665157e-8,5.5162856801087474e-8,2.8411820579881534e-8,2.8778270429686458e-8,3.5777283086337503e-8,3.577100322353335e-8,3.253427276556946e-8,7.022091204380549e-8,3.954215884977422e-8,2.3836582284851108e-8,2.7735743627264156e-8,3.0888952723574015e-8,4.8193558485478435e-8,3.879488132942018e-8,4.4871107016234726e-8,5.6952409952098855e-8,6.229272773015864e-8,7.239105658076358e-8,3.8446683605551446e-8,1.0921971980787117e-7,1.0194171402837719e-7,4.645794190369208e-8,2.913301619530756e-9,-1.8510806629712934e-8,6.973786075622552e-9,2.58714656992129e-8,4.729593661587127e-8,1.9737981715408244e-8,3.422172659348308e-8,4.4024403548767266e-8,-2.1043944110046903e-9,5.8500293997153495e-9,9.02212108231294e-9,3.033971729293568e-8,3.8816404631374956e-8,1.5274390452867654e-8,4.090971581729852e-8,1.6424738490774707e-8,-1.0966015799619628e-9,3.5679891172163385e-8,2.4556144698005154e-8,-5.1651042327473867e-8,-6.864395820748344e-8,-3.183095951378484e-8,-4.958894152404882e-8,-5.9511031428571986e-8,-4.055319497535528e-8,-3.64500496656827e-8,-4.2998433132013924e-8,-5.386674586325514e-8,-2.3869893538838997e-8,-4.3463259223488594e-9,-3.545864810972079e-8,-2.8124607518547773e-8,-4.672826470471982e-8,-5.2707308667654605e-8,-8.372423150145672e-8,-1.0007977399748605e-7,-3.928940081097469e-8,-6.337375915813087e-8,1.1383048534160684e-8,1.28122879256693e-8,-1.7410894294341897e-8,1.880961330786266e-9,3.021928796728043e-8,4.222725396663004e-8,2.2277589813647234e-8,-5.422975360893932e-8,3.880395719673024e-8,-1.6938429732913396e-8,-4.929064664438136e-9,1.1533717432624758e-8,3.735635411348773e-9,-8.521564031310045e-8,-1.1299333896682439e-7,-5.4696108565401265e-8,-7.045734033015172e-9,4.090319565097497e-8,8.764760882955896e-10,2.1689951196206343e-8,-1.2034008076972749e-8,4.312417713509115e-8,-2.59496329568092e-8,-5.88174604280267e-9,2.6234239927353285e-8,1.8744985687707977e-8,5.5681047332768094e-9,1.631720350446044e-9,-1.922407302270549e-8,8.740349356661589e-9,1.1998822919729927e-8,-4.335689062240115e-10,2.0456023288230857e-9,3.0071905843340644e-8,-3.520152504452901e-9,1.1484240188612252e-8,3.099676763234224e-8,2.286148878844519e-8,5.5025025708011345e-8,3.936772822657258e-8,4.064403969076146e-10,3.788642018270151e-8,3.692676387396431e-8,3.878594429162748e-8,6.244584644421887e-10,3.1146035683618e-8,7.96147106194738e-9,-4.388079794809101e-9,3.0259113549000884e-8,1.3821779641538849e-8,-3.359075103034815e-8,7.530726997655967e-9,2.3722885091594108e-11,-3.3090757480795284e-8,1.261798747244774e-8,7.719832967538191e-8,4.974061788900953e-8,5.977734419395479e-8,-2.720534219086326e-9,9.832963709380463e-9,2.843060418349138e-8,4.6521921577701844e-8,6.513285585570014e-9,-9.603569357697311e-9,2.8008227300379736e-9,5.317950091838585e-8,-2.9825972525036705e-9,-1.9177243625265003e-8,1.0492879155945194e-9,3.0682044832037775e-8,7.065816959088518e-8,5.6267567459788915e-8,4.028199181276348e-8,-2.235248727880533e-8,-1.36778103208592e-8,1.480295429737915e-8,4.938335914738994e-8,-8.999057481649482e-10,-1.2289061050771838e-8,7.827637446519904e-9,1.936390191377175e-8,-3.2347617765932457e-9,1.3335167121015907e-8,-2.236301761323598e-8,-6.41467813610274e-8,-4.369251520862895e-8,1.676013390899764e-8,3.833617284187672e-8,2.0451488716175137e-8,-1.842936008853181e-11,1.3607307498664573e-8,4.582023626144406e-8,1.584339117099051e-8,-1.5490843020782766e-8,-3.9773079298901304e-9,4.484730523805395e-8,4.271409961298818e-8,-3.1788881822962606e-8,-3.920973971701039e-8,-6.381161003862767e-8,-2.5227905834680168e-8,-3.791030937677459e-8,-1.1302817739884337e-7,-1.468023713700182e-7,-9.13242246183445e-8,-1.2066012259110556e-7,-1.1395576736410188e-7,-7.57171728077571e-8,-2.591150563212108e-8,4.522397387150607e-8,9.245461053299129e-8,9.900951895711427e-8,1.9884496030845724e-8,2.4168914414927853e-8,4.405492410110725e-8,-4.256246340925863e-8,-6.960864157343873e-8,-6.769399769118657e-8,-7.933493457793227e-8,-4.8315294247857915e-8,-3.883255800106051e-8,-5.69477440367536e-8,-6.167778776483757e-8,-1.4389558879087536e-8,-1.4012799808347942e-8,-2.467228644017759e-8,1.4819017367806423e-8,4.5147244936484456e-8,-9.88857915444538e-9,-3.8715107504434096e-9,3.312845833376128e-8,3.510993093547273e-8,4.9205097771504036e-8,3.039569848248485e-8,6.861369835732942e-9,-2.547544817033893e-8,-5.2497059241536804e-8,-6.958123285611321e-8,-6.274905363632394e-8,-7.74468676878327e-8,-5.4139887450115056e-8,-2.4140061766153857e-8,-7.712746091493562e-8,-6.278020729054307e-8,-4.5510705145712515e-8,-3.627693394257474e-8,-9.017166899404656e-9,-2.2170449212568625e-9,2.9509287895990975e-9,-3.024665601987562e-8,-5.440054141078247e-8,-3.3372395468431196e-8,-4.6555606397737546e-8,-7.244704778417045e-8,-6.136267850964239e-8,-7.229075099123918e-8,-8.239370942980526e-9,1.9735252702371054e-8,2.6052885553592368e-9,-3.16667955966911e-8,2.0700811428348552e-8,3.507954557855183e-8,5.2038358742725896e-8,8.057430418667543e-8,7.168236768264601e-8,5.690444781423617e-8,5.93908121671407e-8,3.732939974920407e-8,5.194745110878489e-8,3.492044106570374e-8,4.255314515637054e-8,1.7867765805779497e-8,-5.5543682668387656e-9,-2.536811351188903e-9,1.561698947985775e-8,5.487626080770196e-8,6.194720794375757e-8,9.346040263131126e-8,1.499578073213484e-7,1.1579148226760994e-7,2.7925395009348703e-8,1.3941260078150235e-8,-5.154335539407017e-9,1.187298525015418e-8,-4.64663415349816e-9,3.6511397185617085e-8,1.284315202399554e-8,-2.6908472900915046e-8,-5.6110852090316666e-8,-5.755531833378823e-8,4.690012339824902e-9,2.253174572342532e-8,5.211832968212119e-8,2.8746442087269563e-8,5.985310131546263e-8,3.869995337166536e-8,5.962903934708766e-9,-3.119184701654362e-8,1.60972734884987e-8,4.6713424190703697e-8,1.2398873525205832e-7,5.400614601941957e-8,4.4659448835724733e-8,-1.6166510608209296e-8,-1.8070034113898495e-8,1.834048324192093e-8,2.0060996468023676e-8,5.983785329166447e-9,-3.230971315117383e-8,-3.094282071789993e-8,-4.347104516770745e-8,-6.409386531683256e-8,-1.2167683104099006e-8,4.206752309745436e-8,5.730904412787998e-8,7.265896295979824e-8,9.668775770398628e-8
1.3763641432774112e-6,5.167936249900305e-7,1.7465664538285657e-7,9.216262274422374e-8,7.822665686394334e-8,1.352208051084193e-8,4.451018744173809e-9,5.1697713583083844e-8,6.153523344532941e-8,4.472206026524101e-8,4.226976857565737e-8,6.72718055145813e-8,4.323031012789305e-8,2.6365343747267996e-8,-2.366433176929199e-8,-4.1440539152650434e-8,-2.914308470430841e-8,-4.302964946795784e-8,-4.3541061688728275e-8,-2.547847046845465e-8,6.536263390290827e-9,-1.3988991432850116e-8,-5.1939628068252295e-8,-1.829971641640615e-8,-3.21363443611237e-8,-1.60629372549852e-8,-1.7622377008121198e-8,-6.505775623016168e-8,-7.079044348595952e-8,-6.692405960307724e-8,-8.067228020486656e-8,-6.69838998249445e-8,-5.963726361001498e-8,-2.8174521754775434e-8,2.363373317609815e-8,1.6392307762474327e-8,1.6405956958835457e-8,2.6524957855272774e-9,-2.6699482769851233e-8,-5.613428619125975e-8,-3.5176713164877493e-8,-3.1333913569201115e-8,-1.794531596778312e-8,-6.488572563396966e-8,-4.227594935918374e-8,-3.965542507466625e-8,-5.609216511375064e-8,-5.257539695493963e-8,-1.1727318744377328e-9,2.9798963609889317e-8,-3.609172871975733e-9,3.1050456573465045e-8,8.485623608019676e-9,-1.1594621723683004e-8,-8.027724835412693e-9,-3.519969536939876e-8,-8.145211090699896e-8,9.280258674302171e-9,1.0796431369624875e-8,2.1379246519005817e-9,-9.086406115595073e-9,-2.0317840090352507e-8,-1.1585683382492347e-8,-3.1677159616693846e-8,1.6768402023508616e-8,5.2661267548759506e-8,7.215805663120545e-8,2.022344513169922e-8,2.9593594893755562e-8,-6.710421376627438e-9,-3.2932093308733636e-10,-6.97794182612333e-11,1.9839293975517003e-8,3.774669255999608e-8,2.7481722712383817e-8,1.3985518797426041e-8,1.5681355918607533e-8,4.72222630609712e-8,3.756648255529647e-8,-2.4775232401276075e-8,-1.9289354741393058e-8,-3.766663151194047e-8,-1.519773286502629e-8,7.030289779883411e-8,5.99109206590641e-8,7.138945095586021e-8,4.432746003912336e-8,3.672227637577172e-8,1.8645224818718212e-8,8.366537875997276e-9,-7.742984643334226e-9,1.6171734530536852e-8,3.40243925433649e-8,1.692609392060942e-8,-2.112952579788749e-8,-7.343191736904025e-9,2.1224615613805446e-8,8.544944453176887e-11,-1.744356567270411e-8,-1.8844771958255792e-8,-2.495664871278006e-8,-3.412492319179418e-8,-5.4395443041165196e-8,-8.970257884637452e-8,-3.903706099874604e-8,-3.411794985505386e-8,-1.8758408029194912e-8,-1.6662820116408185e-8,-1.112955910617642e-8,-4.409862211265912e-9,-5.861594700994766e-9,-6.08153143853223e-8,-7.56620116622183e-8,-7.730111056654602e-8,-2.1978595658612494e-8,2.4701920390918377e-8,1.630726654255739e-8,2.9703525643923433e-8,7.859498696272616e-9,1.9224558265972693e-8,2.2625212302779157e-8,3.097668446956819e-8,-1.826531032380111e-8,4.6086235679779633e-8,6.650937975147215e-8,9.079772116378627e-8,2.7443656959057776e-8,2.6312486843697408e-8,1.3485484182079165e-8,1.1612003846270466e-8,2.1739219684984342e-8,1.5971218999905624e-8,2.2549399629514073e-8,3.46428469067221e-8,7.483397563593703e-8,9.671837308046204e-8,5.1087620755022066e-8,1.6000633712283814e-8,-1.5786855145760203e-8,3.4601139382147095e-8,3.4862571919053265e-8,3.927673386798934e-8,2.733774967641259e-8,5.712931976872409e-8,2.008109087695144e-8,4.658568078472124e-9,-2.0131734221801147e-9,-1.781737401234722e-8,-3.0392640846546405e-9,3.4006328323057664e-8,9.66114345798803e-9,-8.309693783345585e-9,-4.306391478020766e-8,-7.160775474931667e-8,-6.552824918221986e-8,2.800183067231155e-8,2.0870659650219733e-8,4.54701269581705e-9,3.611744119773919e-9,3.9029610084583765e-8,2.3658847468712257e-8,-1.6047757521599257e-8,-3.7921772428396965e-8,-1.6145852975802873e-8,-6.511589170287744e-8,-6.051710548856807e-8,-5.0183878179099785e-8,1.6668728853128922e-10,5.330916908291212e-8,1.9782592496095893e-8,5.57111015800285e-9,-4.8468544796534996e-8,-3.775905271695999e-8,-2.0018141339909037e-8,1.2984729998205827e-8,2.4252381319229645e-9,-1.9896833427443404e-8,-4.761111658392876e-8,-4.2105259674994076e-8,-3.46467382253431e-8,-3.2114033055527496e-8,-2.222863122067893e-8,3.0142817755076677e-10,2.4233093972327516e-8,-1.2298026899797588e-8,1.8788860367748803e-8,1.817406490107163e-8,-3.853308972097275e-8,-3.061566886165747e-8,1.883915566552846e-8,-3.794357484921536e-8,-1.1577367908069794e-8,-6.472523494571406e-9,4.475134861282841e-8,1.6125566914035238e-8,-6.382845157999488e-8,-8.365612181778239e-8,-2.133188022132208e-8,-2.24372938221241e-8,-1.3555674470951964e-8,-1.2774867223126108e-8,-2.7583027202766107e-8,-1.1745170853349078e-8,3.1559223232541586e-8,6.07609829254905e-8,4.6493710051288916e-8,2.9586202597319044e-8,-9.170268093466522e-9,3.688091328132794e-8,7.799649606351026e-8,7.166389305335326e-8,4.77139859152298e-8,2.3888907595195533e-8,-3.788329591781537e-9,-5.452337855265393e-8,-4.94048740353627e-8,-2.419957780048876e-8,2.2625352202679068e-8,1.017770442440652e-8,-2.4805800358163104e-8,6.113046733320528e-9,-5.4467335939023556e-9,6.303438664591891e-9,1.7009664898836503e-8,1.1460248996875279e-8,4.794934825617944e-8,6.06666832136562e-8,4.946269586999009e-8,2.818321226703378e-8,1.4559018559041168e-8,1.8048384165620067e-9,2.395188817973117e-8,4.398751347249762e-8,8.180784990097172e-9,2.4778231762906025e-8,4.546012014520921e-9,-3.678631144208073e-8,-3.3921915140667893e-8,-2.635006479686684e-9,-1.1584009466102204e-8,-5.738341398266338e-8,-3.85334196505199e-8,-3.3203467014153996e-8,-8.316588326143679e-9,2.7280586495894167e-8,5.7250143914091185e-8,6.434876628260328e-8,7.30103952460177e-9,3.655087206893089e-9,-9.044216494134615e-9,2.5195409620439398e-8,3.520571108220108e-8,-1.4188559841235965e-8,6.458050878883431e-9,-2.189636669942015e-9,4.278211120870571e-9,-3.3426569950822095e-8,-6.558336092330728e-9,1.3004551941100501e-8,4.769653138071905e-8,3.273672060153848e-8,1.5441297153460054e-8,9.229356254861377e-9,3.915773551253672e-8,4.122656187456562e-8,1.027861410121588e-8,-5.159745174549483e-9,-3.946566815600992e-8,-5.2429831041568945e-8,1.765922245749581e-8,4.02514934978311e-8,5.02715563154444e-8,7.744509793204247e-8,8.080831516875366e-8,3.623440528166876e-8,1.2505218764395033e-9,3.421071850205052e-8,7.23515409746243e-9,-6.771651530358947e-9,-2.8314989883695516e-9,1.703588924212973e-8,-1.1109411340109023e-8,1.2521748407659582e-9,-1.0929317563250981e-8,-1.2901196919066094e-8,-6.398860512430316e-8,-2.38054906071179e-8,-5.637712325104372e-8,-6.162885416578624e-8,-4.731091241727276e-8,-2.081260149681299e-8,1.5944351994457014e-9,-2.1303510599341292e-8,-2.638285762517982e-8,-1.517840289996933e-8,3.050965546407985e-8,-9.835443387431472e-10,-5.74280647445503e-9,4.259791092760353e-8,3.864639979174159e-8,-6.365840753445362e-9,-6.491262157700126e-8,-3.3842987714295645e-8,-4.04725390863052e-8,-6.856067942859612e-9,4.656034771335498e-10,-3.881664827223605e-8,-4.6619050263008665e-8,-8.345650268564915e-8,-2.7492280112502644e-8,3.75770640156993e-8,-2.1541700522291126e-9,-3.1654075574167677e-8,-6.001928986159567e-8,-3.008928308665906e-8,-1.769997687778026e-8,-2.4815021715515056e-8,5.386804848087758e-9,6.093425581475774e-8,3.7856506879372123e-8,-1.6383167663912516e-8,-3.0126379093887276e-8,-1.5319910738672643e-8,-1.1598154095452517e-8,1.9137406969042152e-8,5.0809336392135455e-9,1.7430253842373253e-8,4.038953644904028e-8,8.86819397019187e-9,1.640938474225248e-8,6.979379277496584e-8,-1.0118603298200182e-10,-2.6116012330635785e-8,-3.0660495298729204e-8,-1.2444994732835626e-8,-8.355373719369996e-10,-1.4573068184105963e-9,8.687400057346874e-9,-1.977050644625893e-8,-1.2362001904077945e-8,8.094213387251561e-10,1.623922797324311e-8,-7.706230878583307e-9,-8.682540671448579e-9,-1.6362802821824187e-8,-2.645841347567037e-9,5.278792482266043e-8,2.4023376042463865e-9,2.136446485415749e-8,3.5024459813215e-8,4.598098338694731e-8,-1.0945715736170128e-8,2.9509545524072924e-8,-5.61786482467739e-9,7.3941351384185805e-9,2.826475145024816e-8,-8.396986691935113e-10,-4.85744756994152e-8,-4.8852942319057574e-8,8.323825123036285e-9,3.783309829139184e-9,-3.4237489246775153e-9,-4.170007309697647e-8,-1.951753900258e-8,-2.1479099284437305e-8,-2.29786673173119e-8,-2.5914719389044295e-8,-5.096257634088632e-9,2.594592732745013e-8,3.414438230542632e-8,2.4022866239522868e-8,5.5213360139379545e-8,2.5439795721851065e-8,4.49484628290005e-9,-2.11456740661952e-8,-1.646944465720684e-8,-1.2277819827346743e-8,-2.8911709378100596e-8,2.8722843009431482e-8,-3.4046979653082244e-9,-7.272511323856676e-9,-2.443580572190539e-8,-6.760076875201565e-9,-1.5762988608152447e-8,-2.844493743200705e-8,8.950778533748353e-9,3.061398511352678e-9,5.290991114365478e-8,4.6946572911352155e-8,-1.2564843864813532e-8,2.9744631848717094e-9,3.976420609489581e-8,5.1676710079036856e-8,1.4403826051666333e-8,4.5503680746294113e-8,3.170823071135559e-8,1.7608071908145684e-8,-2.5507154733721423e-9,7.18120303537726e-9,7.933148500822108e-9,-3.0381856892549335e-8,1.5675423175931922e-8,5.531170539149945e-8,3.773900586286348e-8,9.343782050506612e-9,2.534139108895618e-8,4.468286801553126e-8,4.3925523144947126e-8,-1.869297259281014e-8,-2.5154628147240558e-8,-3.2976929121947696e-8,1.2597050980859598e-9,5.0552049982123096e-8,5.635720122752036e-9,6.400810905906807e-8,3.823012893216087e-8,-2.7751283883134384e-8,-3.84254275388882e-8,-4.5959483224300614e-9,2.0531724133468156e-8,1.8580659031312995e-8,-8.132334251176535e-9,-3.1628289050744235e-8,-5.5260858214400366e-8,-7.061454822130075e-8,-6.478336559488825e-8,-8.680785122788545e-8,-3.681448652851234e-8,5.2706566313541564e-9,-1.75809977502974e-8,-8.046544615847807e-9,-1.6219179243526645e-9,1.2187446830914473e-8,-1.7527352668074494e-9,-4.9809276315316826e-9,1.0079653861992333e-8,5.325923762348183e-9,-2.1188518940791524e-8,-1.2054638251458793e-8,6.951546051118891e-9,-7.093525026576893e-9,-2.627573860431451e-8,-2.2888335498776973e-8,-5.1438040884812695e-8,-5.8208871165146256e-8,-5.02746385125881e-8,-6.526112616449429e-8,-4.064612363359579e-8,-3.5996646625429416e-8,-4.263993159071647e-8,-3.3069379898986906e-8,-5.16932162848131e-8,-6.946015552238141e-8,-2.508118868824348e-8,7.8557546664511e-9,1.2497552550849686e-8,-5.238503584244068e-9,-4.00397416937513e-8,-2.8587876142056314e-8,-3.50542927985272e-8,-6.634365402217411e-8,-4.209077858837795e-8,4.671051188450608e-9,4.961760387244604e-9,-2.2850966848745856e-8,-2.2621040266708272e-8,-3.491777605622135e-8,5.312261379020396e-9,-4.061157321493655e-8,3.443742445355405e-8,2.4848888044360436e-8,-1.9785720963247065e-8,-1.9670232937746478e-8,4.138714376974555e-8,-1.6463513299177776e-8,-7.298684267702256e-9,-2.8256607498682323e-8,2.552239579885402e-9,3.1025275040486606e-8,9.914119772038417e-9,8.576596890386739e-9,-1.6392040089742702e-8,-2.2552714079970033e-8,-1.361329844982077e-8,-2.817618437125326e-9,4.9521851674170616e-8,2.9375393387083412e-8,4.795177335279171e-8,4.19008825735048e-8,7.366710335332833e-8,8.00157351564645e-8,7.535795124338292e-9,8.228928542218457e-9,1.6656830983432393e-8,-3.4833714009139116e-8,-5.1742282837969675e-9,1.9253299679591838e-8,3.902436310752865e-8,4.81098428421182e-8,2.973882797523032e-8,2.336251718027514e-8
1.1202786217207096e-6,4.2806013893791827e-7,1.4771771497058845e-7,2.8650730075546408e-8,-1.3591653764081828e-8,-1.897336363506687e-8,7.226773944965435e-9,-2.004903370648856e-10,-1.5170492334731474e-8,-4.43925073261456e-8,-4.788889886320146e-8,-6.533379925297128e-9,2.6602395782165443e-8,3.077679313410099e-8,1.785175639057482e-8,8.000639349231175e-10,4.54662892279116e-8,3.584704224645784e-8,1.524135436019106e-8,1.6611890850791886e-8,2.1857478461957567e-8,-2.5580651051004295e-8,-7.468403966868777e-8,-5.6378630010686855e-8,-4.081073142056375e-8,-4.4966338491013124e-8,-2.7039663308599793e-8,-1.7222494891202068e-8,-8.44146073757942e-9,-1.8918315255969944e-8,-2.533866955160125e-8,-2.1154876457665398e-8,-1.091249142580054e-9,7.714120810198367e-9,2.516407556338187e-9,-1.230686326355044e-8,-4.9747197804296345e-9,1.2076846559398616e-8,2.5915340646910558e-9,8.520605718100764e-9,-7.356611062501403e-9,-3.560754107526609e-8,-3.965942366872507e-8,-1.230252369105802e-8,7.582807135517545e-9,-1.4596295481090605e-8,-1.1894873877662237e-8,-9.417705201549816e-9,-1.643815934146533e-8,1.1302617874767414e-8,1.3923062425197103e-8,-4.019921182832656e-8,-2.2441930660836637e-8,-3.6006609458885225e-8,-2.1390733615389444e-8,5.156342949592511e-9,-1.0976403656414341e-8,-1.3909501457699499e-8,-2.1758991571279866e-8,-2.141205629952875e-9,8.434408836765091e-10,3.876753224272271e-9,-3.2327118598367453e-9,-5.172868981596396e-9,4.552884178323466e-9,1.1437730382297934e-8,1.4727371967943525e-8,2.5106278679485723e-8,2.4093687517285986e-8,7.833795262745228e-9,5.974095170155797e-9,1.1507725509793946e-8,-3.886679283902095e-8,-6.403832326393519e-9,4.046881321371278e-8,4.273591000659683e-8,4.3761444259654304e-8,2.1049189356971682e-9,5.160042914542484e-9,-5.193043510195678e-9,-1.9909909842598176e-8,-1.1171220848319888e-8,-3.6786459490115796e-8,-4.137520049319194e-8,-1.1660103852893791e-8,4.892900126270748e-9,-2.8740978431324152e-9,1.3557804207951959e-8,-2.8715093134041114e-8,-5.753732265849311e-8,-4.842217395691001e-8,-1.338435992385051e-8,-2.3171187448907533e-8,-2.0637650828825812e-8,-1.6835555165117178e-8,-2.7493629196116627e-8,-1.5334041105947602e-8,7.73239456136252e-9,2.3026346216908394e-8,1.0166248616902349e-8,-2.575085800872637e-9,5.458437493154786e-9,-9.860347208557554e-9,7.31678813930728e-9,3.939551105300352e-8,1.1644126368823676e-8,9.152088582910472e-9,-2.233510279720923e-9,-2.3051540677656327e-8,-1.8647484863595684e-8,-5.3094859182190095e-9,3.667314079827204e-8,9.628129253027331e-9,3.6829208432965495e-8,2.8366662963857902e-8,-2.5071481129766115e-9,9.527875340964063e-9,1.2478010888341605e-8,3.111713502307678e-8,2.107978121830892e-8,1.7455550651830697e-9,-1.1666081790382094e-8,-1.2330864229993724e-8,-2.398435374801101e-8,-5.4148736127523873e-8,-1.0204037473612608e-8,-1.420208098505081e-8,-4.357881117928815e-8,-9.4260075145359e-9,-2.464439326590908e-9,1.8361293838224707e-8,1.7893562031217344e-8,7.453508501172319e-9,-1.6027736489830072e-8,-6.932414818538158e-9,5.197424778709347e-9,1.3695766009655129e-8,-1.620840822237194e-8,-2.284142477245154e-8,1.8719840286841503e-10,-1.729212133325492e-8,-4.708560548348223e-9,-2.553624999101328e-8,-5.054206208657061e-10,2.2971428592472285e-8,1.8848905397986324e-9,-8.440059280677217e-9,-1.1300194440440952e-8,-2.4310682980286595e-8,-4.58400373898268e-9,-1.5782971233103663e-8,-2.3473453928335846e-9,1.385565840607782e-8,3.082297213500674e-8,1.9686232698079523e-8,7.160265296767799e-9,-1.5313730012844713e-8,-1.2239314059932396e-8,-4.181911526862995e-8,-2.4803900001937657e-8,2.0752596644336793e-8,3.0911001698004126e-8,1.5584611200871695e-8,1.2900507731808467e-8,-1.0966527775309085e-8,2.998179752763534e-8,7.284016735949937e-9,-3.0827389662240835e-8,-3.3266503333430364e-8,-1.5124026711492732e-8,1.2331753695750097e-8,1.6540562298808973e-8,5.390568540343659e-8,3.970681649504786e-8,4.4475512863506644e-8,4.0307313186560206e-8,5.021131431728452e-8,7.388131571969473e-8,9.262702695832077e-8,8.85008294815411e-8,-7.492681497614933e-9,-2.0987299285813947e-8,-1.758557578938495e-8,-4.4063159585940455e-10,-1.0720478510839993e-8,-3.022878143707514e-8,-2.2860494602437115e-8,-4.182080610574136e-8,-6.71529036600218e-8,-1.509666988488967e-8,4.7716237273528215e-8,3.9604470753448756e-8,4.389199083351258e-8,6.377950068807351e-8,4.4198741934285895e-8,9.910450257002346e-9,1.9535718480908372e-8,3.581943348224169e-8,2.599815610469322e-8,8.433836312191731e-9,-4.8054538630575895e-8,-4.88584840274653e-8,-1.4645151757372941e-8,3.8272496697027e-9,4.921759582717198e-9,-1.9231050080658822e-10,-1.7661610913674602e-8,-2.3702101784306947e-8,-3.160944045766304e-8,-4.749540875486423e-8,6.5707346293836486e-9,-1.70196084547469e-8,-1.3954367813425998e-8,-2.741394729276007e-8,2.814532487902171e-9,1.0970776782027871e-8,-1.852523163351492e-8,9.246746819531516e-9,7.0483286697151065e-9,1.4622144082840585e-8,5.04176988574247e-9,-2.8323871788061446e-8,1.5431763114737832e-8,-1.7840878433852868e-8,-2.7398586901001542e-8,-4.6044171997959875e-8,-2.8724196066725466e-8,-4.07565861917281e-8,-2.6072277532755665e-8,-5.070814703636545e-9,1.821462578009313e-8,2.3118486023281003e-8,-3.062626155544673e-9,-1.5032445772808848e-8,-1.903203101164876e-8,-3.528602638148785e-8,-3.38064443795266e-8,-5.3719142355408234e-8,-3.189681864760423e-8,-1.8557808441062822e-8,-2.5938115619624373e-9,2.186524334118567e-8,4.1782391816400165e-8,2.7260839487446987e-8,-1.8183890455365062e-8,-2.1089106309119673e-8,-1.3942784308529101e-8,-4.448954195772283e-9,-5.319309790486388e-9,2.4043139498747967e-9,2.348425175742843e-9,-3.414386219622576e-8,-2.6605032984579616e-8,-2.361386630658718e-9,1.241552411751928e-9,-3.223053947688701e-8,-3.891311308036969e-8,-1.7071607520481162e-8,-1.2658010912101171e-8,-3.278190667980536e-8,-3.9106492676660725e-8,-3.427614463277993e-8,-4.6078322534157546e-8,-3.141927595338297e-8,-1.8882855980439036e-8,-1.1362867990408712e-8,3.3609507414358044e-9,2.6108017661634353e-8,1.3452849130473747e-8,1.7321296644295534e-8,3.3123368340993776e-8,3.361742772865686e-8,7.419043711159465e-9,-2.8052729329444683e-8,-3.80958078733392e-9,-4.660543948990557e-9,-3.3143236929788353e-9,2.7866416079436338e-8,1.4371043875200208e-8,1.0333381439197528e-8,-1.090827861283678e-8,4.6241751602981705e-9,-1.3861854667987424e-8,9.721374255086467e-9,-1.6934990673744894e-9,-3.8237479000783946e-8,-4.5264216751307163e-8,-1.3876410726496168e-8,3.69863982825944e-9,-1.0871727800500524e-8,2.154175493423628e-8,-1.1368595345014523e-8,-2.0390078315475804e-8,-6.548532032286037e-10,-3.037503276962073e-8,-6.8673766285260196e-9,1.6234251723489968e-8,1.8864243578026682e-8,-1.6145178393360764e-8,-3.860929707484226e-8,5.871113478520181e-9,1.5979772860316976e-8,-1.6270788113894875e-8,-5.734283499241523e-9,1.828418634152569e-8,-2.7322056850177634e-9,-4.281593358055707e-9,1.0697570293162252e-9,7.296044895460166e-9,1.4159996727884867e-8,-2.1087099752100905e-9,1.320153388424523e-8,1.0966404217819105e-8,-2.1935296134284338e-8,-1.0284058319018442e-8,1.9051950851664912e-8,4.0824417061112844e-8,3.7037508133877127e-9,3.586213193156308e-9,-5.108907655633618e-8,-5.906515073286609e-8,-2.0303581471707354e-8,-4.340371438515301e-9,3.7943224645394514e-8,2.9361499683865143e-8,7.949651114728217e-10,-2.6558804131256404e-8,-5.801223872003798e-8,5.072735288875332e-9,-2.393510915980225e-8,-1.9925074093636457e-8,-3.2760461634716756e-8,-2.4866692056138645e-8,-2.3894130637224247e-8,-2.134500029569394e-9,-2.9807845255345055e-8,-2.6429271233578532e-8,-2.4292919933859855e-8,-1.713144800482028e-8,-2.2355269734133236e-9,1.4623432342571663e-8,1.6080261711756028e-8,2.9892754668065066e-8,3.9423372477438195e-8,-1.525766138210471e-8,3.815279556852376e-9,-1.1289345829290784e-8,-3.6588946530846733e-9,1.5014145343501296e-9,3.5216924601440534e-8,5.056388002888599e-8,1.059285336045776e-7,9.939763872903316e-8,7.323740130096118e-8,3.6075542474042066e-8,2.467268870371592e-8,7.326138202752028e-9,1.9457729076735614e-8,4.497292650984836e-8,5.886399530395112e-10,-2.3093343127133068e-8,-7.958932858020363e-9,-2.288238632180937e-8,-2.268309831792704e-9,-4.119615043735672e-9,-3.794436826653195e-8,-5.644086939881562e-8,-4.3368182223296804e-8,7.622522481319492e-9,1.1804628898668128e-8,2.062513131774357e-8,4.4084604078147836e-8,3.7405761106873956e-8,3.3200489102582585e-8,3.458453771845689e-8,-3.082469532950788e-9,-4.311745242132875e-8,-2.7727496533136758e-8,-1.8302053357279057e-8,-1.4347780724044278e-8,2.4709346974728303e-8,-9.98405793964926e-9,-3.990277716300819e-8,1.278562600824705e-8,2.5550922644056212e-8,1.5762722303853685e-8,-2.110230497356894e-8,-3.1985193860268165e-8,-2.1105643521080388e-8,1.4130385003353605e-8,-8.957810511569071e-9,6.068022575291422e-9,3.677361589702863e-8,1.0171850955999114e-8,1.0501121639043203e-9,-3.391204820561821e-8,-4.2700689025983884e-8,1.0816410618477206e-8,1.2727523885350158e-10,-2.477006782255685e-8,-1.862182401896467e-8,-1.6358314238504143e-8,-3.471755726261735e-8,-3.722532058907282e-8,5.3822789845067965e-9,6.483414809922627e-9,-6.77216482628761e-9,7.262590526702812e-9,-2.6104131350754247e-9,-9.429768878779684e-9,-2.6377629202303795e-8,-7.09675279882359e-8,-2.5925718751119816e-8,6.553980445796198e-9,-2.0239767518883245e-8,2.6485824361333095e-8,4.387836193342897e-8,2.5809266230269644e-8,2.946980407737448e-8,-1.9193554593660776e-8,-3.952438600837182e-8,-2.2543074838737026e-8,-8.926761189216008e-9,-1.8847081180044373e-8,-2.40583813356498e-8,-4.2075473479581505e-8,-1.1302741955267618e-8,-1.3850780135684708e-8,-8.523352454023195e-9,1.5997321679056527e-8,3.475470441374235e-9,-1.136661032301098e-8,4.826368997114604e-8,1.7598352273950704e-8,1.7341834759634937e-8,2.7199758044391515e-8,3.186487583944721e-8,5.257372680742824e-8,-3.271736376882568e-10,-9.255534667291107e-9,-4.075252726369704e-8,-1.9366217735662563e-8,-3.7211761220224023e-9,2.3107151184952564e-8,2.1530545924562217e-8,-1.6018716523901387e-8,-3.070353587776127e-8,-2.701881741913114e-8,3.1409741634497837e-9,3.987885977640908e-8,-3.969542777032091e-9,-6.1808041547932e-9,-2.4615371492183027e-8,-4.2543320262328905e-8,-3.357610769245108e-8,4.232625388151766e-9,3.688967934510198e-8,3.429550454436178e-8,1.3476347587950662e-9,2.1097222824737606e-8,2.6509170846188674e-8,5.808129933214863e-9,3.7480551807321345e-8,2.2291365879878285e-9,1.1327224091538736e-8,2.876556036386274e-8,-2.1851415832474845e-8,-1.5052041999053985e-8,-2.2965017759840987e-9,1.1108270067941838e-10,-1.6126624575238916e-8,4.2660494789763413e-8,4.142229169234557e-8,3.105891268653884e-8,-1.6474635677557083e-8,1.7315849277449284e-8,-1.3048155806066063e-8,-1.212627215408787e-8,4.667258965037515e-9,-1.5005657286862043e-8,-4.8593416362045967e-8,-4.009702071018864e-8,-1.2255544524544419e-9,2.6014713991156274e-8,-5.10797900171259e-9,-3.500664294652862e-8,-4.1513606744508136e-8,-5.255175170948772e-8,-1.7364899266646764e-8,3.314715516480661e-8,9.438340703680794e-10,-1.531811282343336e-8,-3.5874061503816584e-8,-1.4147425922110273e-9,3.070312692322359e-8,1.899431049572907e-9,-1.8472826362153175e-8,-4.779526354519544e-8,-2.7026818426580634e-8,-4.947781040537407e-9,1.4228621117840988e-8
8.235815429687784e-7,3.332471402310133e-7,1.6279651105626607e-7,7.904376234554897e-8,3.548966994954387e-8,2.3568101553220597e-9,-1.0067694802596048e-8,-9.997415349301296e-9,-9.322327928925162e-9,-6.149039863821838e-9,-1.1109785641398816e-9,7.426405568189192e-10,3.4674480038919433e-9,1.1952157367043784e-9,1.2900869313566492e-8,-3.5452832615863414e-9,-9.65184045173013e-9,1.6062255540124522e-8,2.6105570325287678e-8,2.110351971909902e-8,7.722359265716709e-9,-1.0552494408373372e-8,-4.58882628696976e-8,-4.246618493487023e-8,-3.949783741822834e-8,-1.9610420186139666e-8,-4.543101676609778e-9,-2.0486275246329573e-8,-2.605882386392757e-8,1.1875516541164992e-8,2.240394780284118e-8,4.749781855678864e-9,8.10892649290705e-9,8.455613018837371e-9,8.47739967160809e-9,2.2388374122849478e-8,1.0012898655377437e-8,-8.057439362774071e-10,7.363127583551447e-11,-1.0490971547633947e-8,-1.4132878074655802e-8,-1.6112034444851033e-8,-2.3897728977413323e-8,-1.4861567099851697e-8,-5.184733711073933e-9,-1.9456093778452565e-9,8.158546312754214e-10,6.668423115982975e-11,5.770381309572179e-9,6.232619299204796e-9,1.4614888309203954e-8,1.2850399364732254e-8,1.541357925207296e-8,1.1492419519018948e-8,2.6192787995819468e-9,2.52224706713562e-9,-8.892441065648718e-10,-3.898175480920412e-9,-1.7608850613926382e-9,2.1080428536398405e-8,-6.705991787070149e-9,-1.4201966606433025e-8,-1.7165103592035622e-8,-3.332912256089035e-8,-7.921796643770242e-9,-3.2845156678760158e-9,1.9757379690759717e-9,7.704878239225438e-9,1.698194918964281e-8,2.8456294219595893e-8,-3.880138748974613e-9,-2.1002664311805532e-8,-3.8023969468056434e-8,-3.286040878658692e-8,-2.2625368135426748e-8,-4.174587891122105e-8,-5.184731874247216e-8,-4.254040154595233e-8,-3.975921331877897e-8,-2.7015936410298135e-8,-3.160113156103251e-8,-1.6663440527587094e-8,-6.639448311441765e-9,7.093911438563049e-9,2.2943881180426692e-8,3.767485562111676e-8,1.9448674572143148e-8,1.240920372770886e-8,-1.1193560093851763e-8,-9.81315084414315e-9,-3.6218553621940196e-8,-3.019351404781677e-8,-4.395589898664295e-8,-4.9792835446691386e-8,-1.839802983478711e-8,-1.0260804110898563e-8,-5.299429517063342e-9,-2.4807533380192206e-9,2.5396424560161143e-8,3.089784001886023e-8,3.383377012402407e-8,2.220479782670486e-8,-1.934398454533463e-8,8.91885005645409e-9,1.623319209115003e-8,1.3899204662474563e-8,-1.340117351574614e-8,-1.401762641832179e-8,-1.2922225833069603e-8,-8.850086235259554e-9,-8.303347759557993e-9,-1.6600223889019754e-10,1.5826256955918243e-8,9.518050657770632e-9,1.0883201632363564e-8,1.1872705569732567e-8,-3.473498604943128e-9,-3.5959121072373337e-9,-5.062870835817459e-9,-4.0294157862863494e-8,-3.016069969654434e-8,-2.3403324708826964e-8,-3.985110448631632e-8,-3.4221989167889157e-8,-2.6071389927680976e-8,1.0799167923065649e-8,-7.468779978304477e-9,-1.4300328289265256e-8,-1.5360498413849346e-8,-1.1575005744422753e-8,-2.8786430710584083e-9,1.4054640486191505e-10,-1.0561587130342065e-8,5.090647217362516e-9,1.2038842759936054e-8,3.9443363516975625e-8,1.985572819563518e-8,-1.044489890622429e-9,1.5781950997331095e-8,-7.989585271228907e-9,-3.371749517133874e-8,-5.275932046850215e-8,-5.97334234346942e-8,-4.102715655467693e-8,-2.62331990782485e-8,-1.8326493287466283e-8,-1.0772096384689621e-8,-1.2038387763267516e-8,8.379037577852255e-9,-1.1249994371832071e-8,6.19857271042897e-9,6.360281121010711e-9,4.757066599481655e-9,2.891081401590436e-9,1.2747075898703935e-8,-6.608986202726527e-9,-1.5012569132542132e-8,8.467184331806841e-9,3.7265408711964115e-8,1.762467242686378e-8,2.300399311738531e-8,1.5059847409579223e-8,2.735127563882916e-8,3.46555476505894e-8,3.29755679665556e-8,3.3373220349285545e-8,3.6856773173317275e-8,1.3819392573300252e-8,2.00462820272328e-8,2.7405525229081094e-9,-9.1630928453073e-9,1.7948733973318898e-8,1.9878593769476356e-8,-6.2623616599900286e-9,-6.9952890497678355e-9,-6.249613354882508e-9,-3.5787061523177274e-9,-1.4994936978362768e-8,-5.246492205898426e-9,5.706960130139408e-9,3.0888832452839857e-9,1.316180994501931e-8,2.925728803937032e-8,2.540555487755343e-8,2.4966715166837985e-8,-2.429672273353374e-8,-3.865743067080307e-8,-2.8881284424384438e-8,-1.2578338332326444e-8,-8.020310557733985e-9,-1.5283062076407747e-8,-6.030001935171152e-9,1.2841335203342322e-8,3.884377813146173e-9,-5.670943311502181e-9,2.9478236485724794e-8,4.428456205729709e-9,3.3866660513426707e-9,4.020439208755341e-9,3.789349657768397e-8,2.5438120376664912e-8,4.1714043194673214e-8,2.9291592067491093e-8,3.8202340853232497e-8,2.0947830844104786e-8,-1.015155755401306e-8,-2.4464830805473954e-8,-1.794445998411603e-8,3.4369339522885036e-9,-1.0501372350508997e-8,-5.778364773493474e-9,-2.572624162469242e-9,-1.1754223318754139e-8,-1.1946613436740211e-8,-1.8194892021083382e-8,2.2815172573836786e-9,2.904419681678005e-8,4.048266461486711e-8,6.570811389976309e-9,6.015432302263088e-9,1.3753677972967597e-8,-1.6742861450802156e-8,-4.678046818049654e-9,-7.3076345889545706e-9,2.3101402864940325e-9,2.526788595880901e-8,4.898780691786414e-9,-3.492321055775539e-9,3.3249972215304368e-9,3.445275469663225e-8,1.7371276267926936e-8,-1.0536330761515133e-9,-2.08450801722333e-8,5.174946387905373e-9,1.2990391985145335e-8,1.1143657405815087e-8,1.1791494331485206e-8,-1.5363435731344803e-8,-1.3518047005259877e-8,-9.942761280388924e-9,-2.7369527601091913e-8,-2.1733849722528775e-8,-1.494661431102298e-8,3.60047721156753e-10,-2.8774065412060873e-10,-1.2725808124111394e-8,-1.1667807284004592e-8,4.902483270017284e-9,1.7909740006915163e-8,-4.449683309579944e-9,-1.1026552720976868e-8,-2.7189160840790975e-9,3.5203773810629644e-9,-5.67989927981977e-9,-1.4217379706623547e-8,-1.1245115643535296e-8,-2.4743354911362237e-8,-2.754658489832048e-8,-5.4405665606873585e-9,-3.868925847798972e-8,-2.6177275588690987e-8,-2.3330798273395966e-10,-1.0124031943724855e-8,-2.0456855115467453e-9,-1.8307990081714633e-8,-1.471490056577485e-8,-1.3205043191868463e-8,-2.301999159058754e-8,-1.2650534587913383e-8,-2.51543502908487e-8,-1.3784539079580383e-8,3.21601972604086e-10,1.3594893457137244e-8,1.999809847575968e-8,-8.535406177767116e-9,-5.91601637005015e-9,1.0885481610412508e-9,-2.461076227757956e-8,-2.6934054597949385e-8,-1.5921278933770676e-8,-7.868538568947652e-9,-1.6762114446340504e-9,7.453023021305944e-9,7.964808296136443e-9,8.540234216138515e-9,-1.961829572953841e-9,-8.856073760890592e-9,1.7164701842183332e-8,4.0122469174203665e-9,1.3299600468807451e-8,-1.9661726873016817e-8,-2.8455714646130187e-8,7.002307552630209e-9,3.1245102451691296e-8,8.926053555761541e-9,-7.537966973533885e-9,2.308423757978979e-9,1.816956679075059e-9,-3.95938678366055e-9,-2.8247728850339577e-8,-1.3663686287787946e-8,-1.4121642630875382e-8,-2.9241033855364965e-9,-2.0974845955037236e-8,-2.8963657881752676e-8,-3.1682840064771433e-8,-3.3266252374116165e-8,-2.7721355307424905e-8,-1.1382095214504609e-9,7.585558364006131e-9,2.7199779974785713e-8,1.860502568135743e-8,-2.86993317973517e-8,-2.600175224409657e-8,-2.5520143293363736e-8,-4.178362842090649e-8,-1.1615061667008128e-8,-1.690790804321759e-8,-2.3478440651441848e-8,-1.683988749495372e-8,-7.235014648988821e-9,-2.4530270789976198e-8,-9.49330868860494e-9,6.054438246375678e-9,-8.013292200423507e-9,-7.671958216372464e-9,2.8543363342387297e-8,3.0809042372427385e-8,3.320572488145406e-8,3.823003186502387e-8,3.848435841560728e-8,-6.053962828025005e-9,2.8493414776282424e-9,-7.930257171193364e-9,2.3026475900395278e-8,2.5775359175528844e-8,3.31628837210271e-8,5.48850663448062e-8,5.5454185683546864e-8,3.440501279265329e-8,4.344723632142992e-8,3.144735770596886e-8,1.9501234577959484e-8,8.854049526901775e-9,4.465536865789322e-9,-2.3522306191315862e-9,1.292756770775226e-8,2.5421669804449532e-8,7.004262931286804e-9,2.3250588969238978e-8,2.470685811553593e-8,4.086875561076638e-8,1.8961276581397147e-8,1.0655790284440854e-8,1.915161735348139e-8,2.435192527179497e-8,-3.2903271097481044e-9,-8.862787770407484e-9,5.182775861600823e-9,1.4578150421903405e-8,-8.72132678640763e-9,6.739368376766017e-10,-3.269543436023055e-9,-3.3154036933344027e-9,-7.1988990428423695e-9,-2.5533789861547718e-8,-3.808745809999062e-9,-1.6923800343982114e-9,-1.5786593916117143e-8,1.7101183118930731e-9,-1.1400165375446923e-8,-2.5042301215115538e-8,-1.4872804615338791e-8,-1.7166137146161057e-9,8.316550114992304e-9,1.0712537800136516e-8,1.0916277458461437e-8,3.461166154236448e-8,2.3085785659598492e-8,9.217000454132919e-9,-1.3017571585006928e-8,-3.825190132087366e-9,-5.228701325450008e-9,2.442876942525623e-9,2.6663407356040625e-9,5.6944657496615044e-9,6.52057064342199e-9,-2.548516232433421e-9,5.542657968487682e-9,5.633049740081799e-9,2.5987386053477285e-9,-5.8641545276715374e-9,2.488375138368178e-9,8.143669726153675e-9,5.015338298713846e-9,1.6537698402476723e-8,3.6464240647138286e-8,1.2248347288522837e-8,1.547899744791867e-8,3.187002920386246e-8,5.105752073689001e-8,3.297440744157813e-8,7.152087354795187e-9,2.169498946292893e-9,1.2617749304144337e-8,-5.058708990016676e-10,-8.897149804799135e-9,-5.2589129811468115e-9,1.3600889512595395e-8,4.144400272218731e-8,2.06413866541479e-8,1.2894544157604659e-8,9.695182501848114e-9,-7.157771722805885e-9,1.8911849834565305e-9,-1.0691273587029405e-8,-1.4675209257108349e-8,-3.2701457594901493e-8,-4.5120187394421995e-9,-1.1915387754535312e-8,-4.393694001837855e-8,-2.916671800318932e-8,-2.6099994545059686e-8,-3.198614620332074e-8,-3.51324100649062e-8,-2.074842955444046e-8,-1.683094322169362e-8,-1.3806741085664405e-8,4.1485012961921715e-10,5.302082934566906e-9,-6.662760736997671e-9,-2.44896792565901e-8,-2.575493117772198e-8,8.31633208930438e-9,-1.4614427598960687e-8,-2.2150331408870896e-8,-2.665820813678251e-8,-2.5211616841596545e-8,-5.704138032597046e-8,-3.497468263429373e-8,-1.9172896744459467e-8,1.2657814189925787e-9,-1.5257012833875955e-9,-1.1395077808376486e-8,1.5718741403422923e-8,1.9438726562623816e-8,3.794931058118507e-8,3.4547656133144026e-8,1.5467918630468292e-8,4.34931708461064e-11,1.7196667219549795e-9,4.981524178773288e-9,2.383309646895071e-9,1.6231830623179776e-8,1.667496387698679e-8,3.416691560482527e-9,-1.494715742476842e-8,-2.9593322218729052e-8,2.2627344040535426e-9,2.935051385650017e-8,2.389141687612025e-8,1.639441864248945e-8,-7.077249531989701e-9,-2.019641701222663e-9,9.495896893157388e-9,1.3894856844893306e-8,2.9239541355537585e-9,-9.701846658673076e-9,-3.984138323377829e-9,-1.5488925990437193e-8,-5.338353501846263e-8,-2.1261046409215294e-8,-1.4875764661220077e-9,1.066083267419413e-8,1.947390755513457e-8,4.876717728937219e-9,-6.376259647889798e-10,2.5992610630602167e-8,3.899843242706219e-9,-8.030814955098567e-9,-2.9741372683273997e-8,-2.476462635214702e-8,-2.9376554925663184e-8,-1.7507359126507072e-8,1.306211483144907e-8,2.57229241517899e-9,1.3458153164877266e-8,-1.5873317621294783e-8,-3.1331417779490065e-8,-2.956872013256035e-8,-3.3953782669645075e-8,-2.8425321234203102e-8,-1.492085645646223e-9,2.611427600216409e-9,9.960146656630439e-9,1.771614446535168e-8,-9.937307880857924e-9,1.0558858540777187e-8,1.644485858109457e-8,-1.5180517967646356e-8,-7.326072410295887e-9
5.684129050926094e-7,2.168090733592893e-7,1.0140982133701207e-7,3.210323897164389e-8,2.122541881052989e-8,7.771775224832948e-9,1.33417406637053e-8,1.6944387185354122e-8,9.444751174437315e-9,-5.774584027190355e-9,-8.605920595965406e-9,-1.2491978400952945e-8,9.589249268401323e-9,3.366477868558635e-8,3.971774227339909e-8,3.562461089841652e-8,3.242391467428684e-8,1.1702306587573331e-8,2.2361970695136193e-10,-1.0946268609021667e-8,2.0156856705492968e-9,-4.6245899973367366e-9,-3.126375588979614e-8,-2.385326017883233e-8,-5.321560748620818e-9,-1.4575441919205558e-9,6.67365680234891e-9,3.751715869350853e-9,1.5466069710697647e-8,1.330768590027017e-8,8.020597087892868e-9,9.908453363371207e-9,2.9117329909257616e-8,3.895670790389935e-8,2.5497611263178516e-8,1.3021079839980667e-8,1.6443855759040023e-8,-2.3802152254622873e-9,-6.229846443724532e-9,-1.5670476211306583e-8,3.145464390115943e-9,-9.348904401005967e-9,-8.448746032106877e-9,-8.168458913059815e-9,-5.74028754851022e-9,4.509409140766516e-9,1.0008059561359242e-8,2.3512456048714617e-8,1.7283296271434777e-8,2.4722605899707523e-8,7.200432256214025e-10,-9.295194695557086e-9,-1.50934830272152e-8,1.344629407321845e-9,1.6999261596765848e-9,-4.625762729116977e-9,-6.339188012090512e-9,-1.1894911545225686e-10,-1.131308312732238e-8,-1.3424505640210364e-8,-9.052441860835361e-9,-1.10101956488346e-8,6.262956743913778e-9,-1.7875220605559653e-8,-7.543261031800137e-9,3.2540626109054427e-9,-2.2628396615110925e-9,7.631023188422737e-9,7.688426512876268e-9,1.5100187037225652e-8,2.220795705684954e-8,-6.349686815468961e-10,9.90795560284107e-9,2.7289996366111744e-8,1.950561445165604e-8,1.896128651202618e-8,1.941021123955919e-9,4.887593632329976e-9,-3.448660515175076e-9,2.68836554568563e-9,2.2920050409396354e-8,1.652044091209376e-8,3.7078855639353195e-8,2.929896762323939e-8,9.887465563615055e-9,1.4392445979665815e-8,1.0473216734364891e-8,-9.13372816131285e-9,-9.380458737052908e-9,-4.336436554938328e-9,-2.5317513631156584e-8,-2.1277735658208153e-8,-3.186378881737157e-8,-1.4816865843004043e-8,-3.4787697198632683e-9,-1.1250800078926616e-8,-1.9350138088077525e-8,-5.597704033810066e-10,1.871680103096947e-8,8.665755346922804e-9,4.242917912485995e-9,2.8151470648761514e-9,-2.0467541551797186e-8,-2.7651297902602067e-8,-2.1059803287438237e-8,-2.6519383150986052e-8,-4.008100461899693e-8,-3.61065380701459e-8,-1.5747869094579442e-8,-6.087225162132778e-9,-1.423184650066098e-8,-1.0469020901483903e-8,-2.359212552603777e-8,-5.459325558453937e-9,2.002378158535379e-8,2.7275181092605373e-8,1.706211541125383e-8,-7.309769472099146e-9,1.988028218970217e-9,-7.125935664159409e-9,-1.3088977923347496e-8,-1.2088790354388926e-8,3.95615690771177e-9,1.5180280892437425e-8,-6.072128580711298e-10,4.1488994476724483e-10,1.7942935240112764e-8,2.7127868481189254e-8,3.331764648620428e-8,3.093185615409382e-8,2.1628833199847906e-8,1.0720073071214407e-8,1.6428553594283025e-8,1.68816671947596e-8,1.0806351823477319e-8,-1.7185012267404744e-9,-6.850580327537003e-9,5.160481908587953e-9,3.4639416386349144e-9,1.3008578671673498e-8,1.8171089908320955e-8,2.5182202534683048e-8,2.9596006895329382e-9,-1.3055355656846528e-8,-3.737346997229342e-9,-2.7954358175442244e-9,-2.0127754455938342e-9,1.0139005711776307e-8,9.325959248955861e-9,-1.632735126174659e-8,-1.0170712462243905e-8,-1.0584893542172593e-8,-6.827465824937261e-9,5.8349146796250045e-9,1.0317650405402367e-8,2.6588093346067946e-9,-8.29402456330939e-9,-2.199744000385014e-8,-8.839483275087493e-9,7.885584517930669e-9,2.149042377265858e-9,1.0597618993421288e-8,6.549366544685041e-9,-4.039180576690043e-9,-5.244132780167365e-10,-1.4541118117063244e-10,5.641570992940621e-9,1.853152818953972e-8,6.236651805326822e-9,4.841271496360022e-9,-1.6444365586755e-8,5.209048948042645e-9,-1.0518924414870518e-8,-7.802888511546298e-9,-1.2049560067425383e-8,-3.362366006239762e-8,-3.275545116146294e-8,-3.520367148430322e-8,-3.337717163425203e-8,-2.707745238057691e-8,-3.580165741240152e-8,-1.6589118124435008e-8,-1.1914714311444558e-8,-4.797171886409467e-9,-8.394816645547815e-9,-1.5797361211141075e-9,9.148860190450324e-9,8.48456481547876e-9,4.160818513642371e-9,1.0637434658949566e-9,-1.962161504265901e-9,-2.0690253082443896e-9,-7.644555153709428e-9,4.568354640262158e-9,7.315667227465548e-9,-1.4426752765096122e-9,8.098394239550568e-9,2.329951279664476e-8,1.9290752564528028e-8,4.7097041812172145e-9,-1.5207809145200322e-8,-1.8583029885179785e-8,4.104338917866915e-10,-3.1326908554938252e-9,-3.5353099997077403e-10,-1.4981259371893435e-8,-1.1152803509158116e-8,-1.496137053929958e-8,-2.3935730770814243e-8,-8.848949660780322e-9,-1.2751527626155756e-8,-1.7719620457343708e-8,-5.22948312418035e-9,-5.338803563623951e-9,-1.8223557257447026e-9,8.704745243736636e-9,1.5282112776950904e-8,3.209224667155287e-9,2.0630436230282064e-10,-3.865078990564948e-9,3.222518765528023e-10,2.875681290929747e-9,3.0191609016430194e-9,1.783593089205091e-8,1.1461470097255139e-8,-9.326568011466814e-9,5.8794234950620744e-9,4.701696020212977e-10,1.7036133237016637e-8,9.817782869144872e-9,-8.286036414997741e-9,-1.1062157640695297e-8,-1.3734144335035287e-8,-2.3578333430340973e-8,-2.486063098624137e-8,-3.56175926777632e-8,-1.0779417054858487e-8,-1.0210684716701983e-8,1.1771320276741753e-9,-5.0206302367465304e-9,-3.888722447561531e-9,-1.6638583269831903e-9,-5.018814704784181e-9,1.4563472711066503e-9,1.1034699648671206e-8,1.0111423987501268e-8,-6.783560193404499e-9,-2.3801176192403624e-9,-1.0520285123789287e-8,-2.6291129482579917e-8,-3.152670610425736e-8,-3.0217710143127716e-8,-1.4426146929991586e-8,1.463308245008714e-9,-1.2995331678475417e-8,5.594092840016795e-10,3.083196135782243e-11,-1.0492524883661936e-8,-3.2123415835217675e-9,6.357840914375504e-10,5.328328235225236e-9,8.622015329360873e-10,3.951799428912117e-9,-1.9799043824213511e-10,-1.2531569891676088e-8,-3.02386893849999e-8,-2.3523583255279665e-8,-2.308144259028253e-9,3.818760172251904e-9,1.262063244277922e-9,-9.0606877664334e-9,3.003319476287422e-9,9.83598070363938e-9,1.5651722711099122e-8,1.1410043897593474e-8,-2.995273919757361e-9,-2.429060224047489e-9,9.323526479270172e-9,-1.4646629593554707e-9,-2.08211480289904e-8,-3.1978962469459027e-9,7.649707744628939e-9,2.2151169687682427e-8,1.8388985165483323e-8,2.076010833806576e-8,2.7709878067256787e-8,3.143266283164061e-8,3.005135308927605e-8,3.5992795156328084e-8,9.997160792204172e-9,5.194681861343464e-9,-7.705548316306423e-9,-1.5063799375033446e-8,-5.963118848492601e-9,5.9718899354130696e-9,1.0509234107734167e-8,1.477007424421534e-8,1.1338817971631063e-8,9.10213892602876e-9,-1.643921805675277e-8,7.519487408806066e-9,2.0355282362139626e-8,6.7974531332447355e-9,7.546571116894491e-9,-7.393873356655421e-9,-2.3513177483244177e-9,-1.775541103789449e-8,-1.367410660252215e-8,-3.401410440678793e-9,2.9970233252853437e-9,7.797781371550218e-9,-3.2196374867243193e-10,-4.824931770450628e-9,-1.9229562215637334e-8,1.7871169860347813e-9,1.3534557571966538e-8,-3.0044190634861005e-10,1.9262351820391068e-8,9.082403216973701e-9,1.590050095061706e-8,3.981412904204258e-9,4.648974197442771e-9,1.0790284384919714e-9,1.5599154601697602e-8,1.819389836374114e-8,1.9380714976227718e-8,9.138820432904134e-9,7.808515697345498e-9,-6.445959056628457e-9,-1.8760402538981248e-9,2.0363814395200733e-9,9.252753845214931e-9,1.6285595972277066e-8,1.218951713981018e-8,3.409890008851586e-10,5.875621248891488e-9,7.933296375450073e-9,-6.981854843028911e-9,4.324255019354449e-9,9.958222734205438e-10,-7.180131128190723e-9,-6.304001624391325e-11,1.0656175717825518e-8,1.1350128886997371e-8,1.523803081838565e-8,-1.010677262360374e-8,-2.3231276132120765e-8,-1.6006050047525745e-8,-6.083564420439655e-10,2.255208916249047e-9,1.3103007016219328e-8,-9.343769119604568e-10,1.655061385337529e-9,1.3650088930432577e-8,4.7641861060028855e-9,2.020523072606229e-8,1.2832664881968312e-8,2.6085965539539147e-8,1.5095177442118056e-8,1.0580240561623071e-8,1.0399390062520339e-8,5.27817909170434e-9,4.205257515025839e-9,-1.5490280558036764e-9,-1.0130875495261175e-8,-1.0859585068092298e-8,-1.0481750494870314e-10,-2.3880240890507042e-8,-1.3731659453683629e-8,-1.2253429948702588e-8,4.526544070232765e-9,-3.903700333143833e-9,-4.551712895884786e-9,-2.518269615164074e-9,-8.61809879047655e-9,-1.8109085648149923e-8,-1.590700453082639e-9,-8.627924093774205e-9,-2.056277435246432e-8,-3.2766944249817406e-8,-3.4933223870984386e-8,-1.3098419183943134e-8,3.242571845235017e-9,2.0774613268097533e-9,-3.3512168093315043e-10,-4.823788370474264e-9,-1.0041663564196771e-9,-8.851544971824505e-9,7.927304548665671e-10,1.612363941121216e-8,6.507365444523332e-10,4.0185358512744806e-9,-1.0215252338242168e-8,-2.454351827132782e-8,-1.8409957990398793e-8,2.4060751975745366e-9,1.3059984307517069e-9,3.902894408267468e-9,-1.672609988576537e-8,-1.9523505717810373e-8,-5.736653071722973e-9,-7.471462518527876e-9,-1.6655380381374122e-9,4.979862886502279e-9,3.716510100074288e-10,-3.979691735540832e-9,1.560612902678897e-9,-6.737539437381129e-9,-1.4133796001084627e-11,-7.533390548703443e-10,6.962329342400141e-9,5.487313165596261e-9,3.560504377601695e-8,1.6557980177110756e-8,1.916630139347619e-8,2.737832881837201e-10,-5.521271156193923e-9,-1.8022759335939115e-8,-4.197930193843025e-9,4.833876673355388e-9,4.899649624584315e-9,8.965479215284229e-10,-1.2152192947284096e-9,2.1128705802680178e-9,7.984938929475903e-9,2.2214941943701908e-8,1.3742750624650615e-8,2.2891783291422123e-8,1.496582566569558e-8,-1.8647851298209304e-9,-1.6122313594039572e-8,-1.7141716024769484e-8,-2.1747375032088318e-8,-2.959715442215178e-8,-2.7624191140661475e-8,-1.1418180217394433e-8,-1.2537658264995467e-8,-2.3694105862103216e-8,-6.192223647932417e-9,-5.258558319256349e-9,3.398939651879172e-9,6.758365018227988e-9,1.298457928971954e-8,5.763228692151526e-9,5.332952128231973e-10,2.073135616609418e-9,-2.4472921324839935e-9,-1.6689858036718425e-8,-9.73977252131327e-9,-8.454326894127664e-10,-5.008533527174963e-9,1.0783436967145753e-8,2.3994379867747025e-9,-7.916640751746894e-9,-1.1323425035792417e-10,-1.3297026396804643e-9,8.319111350068553e-9,2.6091639228050446e-8,1.057833197679147e-8,2.3846782830828418e-8,2.68423131694895e-9,-2.074079206438918e-8,-9.492995356739307e-9,-2.4881979388249185e-9,1.0158747483569443e-8,2.3102292633647716e-10,-3.686449997040622e-9,-9.274270068552388e-10,-9.846738687557147e-9,-3.00692658849455e-9,1.830736531122914e-8,2.6180312884093987e-8,2.673151496335533e-8,1.8808590776067943e-8,2.1393509568512856e-8,1.1050198378679067e-8,1.4412519480752363e-9,-1.693039760157827e-8,-2.205557587601175e-8,-1.5729630784555073e-8,-1.1737662915596235e-8,-1.0727458119697984e-8,-1.2152161937239443e-8,1.0849231187702106e-9,-6.978574375672199e-9,-2.224446809038497e-9,-3.82852200872915e-10,8.470371069915509e-9,2.5767779031831503e-8,2.7251341100033165e-8,3.192290860512526e-8,2.1689998930355896e-8,2.4580968660084663e-8,1.4334203599518022e-8,4.564493969866478e-9,4.171686428221297e-9,1.703277617219542e-8,1.982571017124296e-8,1.4358755153028183e-8,-1.3841364907807818e-9,1.6850947627317785e-8
4.86340663580271e-7,1.9189938243817215e-7,1.0377649187251408e-7,6.511125039862922e-8,3.056603122867129e-8,9.961184908397119e-9,-1.4075339456678742e-9,-5.909083628605433e-9,-3.913166809717875e-9,-6.641984252879785e-9,-1.7165423848172945e-8,-1.1879142067692526e-8,-1.139672550154509e-8,-1.0913920984802034e-8,-1.7970297244821132e-8,-1.1500641580968926e-8,-1.70080867086406e-8,-2.1040725078685772e-8,-2.6025526537991116e-8,-1.7650823729483187e-8,-5.92713933692021e-9,9.757502371772962e-9,2.5346451551409075e-9,-3.1730095894601584e-9,2.4131496471038223e-9,2.904240125013105e-9,1.4159851186891207e-9,1.512356833430524e-8,1.4439393467639325e-8,1.0514435429375482e-8,-2.3138770570928717e-8,-1.3615689097277599e-8,-1.7976778693202494e-8,-6.840324497879253e-9,-3.333934487424912e-9,-2.0409361461709443e-9,1.1648028680897783e-9,2.8069988295782055e-10,-1.4720601522777456e-8,-7.38261399436229e-9,1.0567476616606909e-8,4.285049307093626e-9,8.114303909067686e-9,-7.14434924214985e-9,-1.160044601341561e-8,7.803497287598131e-9,8.64624287507577e-9,-6.8296174877826824e-9,2.4202335300744175e-9,-2.694532749292754e-9,-2.782698727626346e-10,-3.2058751619444295e-9,-6.867107242684097e-9,2.671627507796179e-9,5.979529953477988e-9,7.94199925364383e-9,1.2565101404171513e-8,1.8349010802787448e-8,7.2432474298815954e-9,-2.2897471373787614e-9,-3.723663842717301e-9,-7.051238886229667e-9,1.2694491601769996e-10,1.221192650483481e-10,6.265348357775412e-9,1.9917882300937567e-8,2.6538663937837065e-8,2.8829714274662615e-8,2.2330502713945827e-8,1.0052694332723198e-8,3.966595142385841e-9,1.8303968508134838e-9,-3.0756107691296136e-10,4.383147633112754e-9,-2.4145505576137015e-9,1.9369312396591414e-8,1.4748195848233744e-8,1.5099049967393465e-8,5.805629864745107e-9,2.031465808754299e-8,2.764352409831571e-9,4.9023360746221446e-9,1.1911488090224932e-8,1.0345555785557242e-10,-2.318550679368622e-9,7.07488441901386e-9,4.341613463005693e-9,-2.336586752952273e-9,3.632071125852871e-9,2.5736561080646813e-9,-2.5495199880888106e-9,-1.752995654477302e-8,-2.5638512298895655e-8,-2.682767849014126e-8,-1.854402040647984e-8,-1.3935290458725584e-8,-5.1695873871454405e-9,-9.527725117263775e-9,-3.968369096352806e-9,-1.1467997677149273e-8,5.5155385963244425e-9,1.874406098992121e-8,2.727018569036755e-8,1.918183842521996e-8,2.2565661293774064e-8,1.0142916054539828e-8,1.2266775236060652e-8,-8.008047278439312e-10,3.3678650333306815e-9,-1.3890087159731104e-8,-1.3506771922941937e-8,-1.2018813562933865e-8,-1.593387785118864e-8,-1.65376163872464e-8,-1.2404724899878935e-8,-2.2604023102855693e-8,-2.080106526146636e-8,-1.2554073462099671e-8,-1.8653867645459014e-8,-2.8714688784929202e-8,-3.6092819940476804e-8,-2.3522640069488233e-8,-1.7873262266507695e-8,-7.246213146693861e-9,-3.5872598801800323e-9,9.176413255361567e-9,-9.67010354262175e-9,2.8379405269303523e-10,-6.868359871076996e-9,-1.9151375725067308e-8,-9.069841641921787e-9,-2.2676408138298453e-8,-1.9548492991688588e-8,-5.057125903626902e-9,6.52018178210286e-9,1.6872844644770517e-8,1.3169316080261631e-8,1.3847293692825061e-8,1.6878794323184924e-8,1.1215941207692484e-8,1.4209176458858424e-8,1.4489464885925452e-8,2.267946318482521e-8,2.016625434744e-8,1.3773160224944803e-8,1.4693672020392573e-8,1.4334557321987313e-8,-2.3570100128284355e-9,-1.9542947917979568e-8,-1.5510062535774764e-8,-2.7465821595089864e-8,-3.2053739541125784e-8,-1.9516646439971946e-8,-1.8847203071824802e-8,-3.5093799664176124e-10,2.77681738463857e-9,3.978434892871484e-9,5.6238638339593384e-9,6.345701086452331e-10,-2.589033890298797e-9,6.3808183628796614e-9,1.576142071800626e-8,2.309523788897191e-8,1.596644901101414e-8,1.0242601172405872e-8,1.036271834602443e-8,6.93202983671522e-9,6.203193131427948e-9,-6.1180756563262805e-9,1.2987176784921921e-8,2.1072632282230552e-8,8.377702273801822e-9,-3.2359177955682097e-9,-1.2754713770047235e-8,-2.114785025423862e-8,-2.4686784398646996e-8,-2.166263101347229e-8,-2.1271606100828635e-8,-1.6174798010309615e-8,-2.0204668542322077e-8,-1.546859409921888e-8,-7.844456597472684e-9,-6.1871620899652145e-9,2.0797785224081497e-8,6.4455715340414015e-9,1.075602701783893e-8,1.4744572589551917e-8,1.547880454943386e-8,1.4787979683295197e-8,7.249335237805303e-9,1.6177229888168087e-8,2.921696802367944e-9,-5.570327795028123e-9,-1.0232280010649487e-8,-1.7839161945355334e-8,-1.2703274383385643e-8,-6.45933509690632e-9,-4.637796312400235e-11,6.290710372623031e-9,1.418881405058787e-8,1.9104078603060077e-8,1.476439660762354e-8,9.929083613368042e-9,6.524956271801635e-9,9.517536452957056e-9,1.2261374028352441e-9,1.6320831920632107e-9,1.0120441709345906e-9,2.2377165594096576e-8,2.5136123143232067e-8,1.2597142408285295e-8,2.1033194687152636e-8,1.1774818666096335e-8,8.768463524377759e-9,6.5421373591822994e-9,-9.658991139060772e-11,-5.2569194872130594e-9,1.1196972861679127e-8,6.945124501602324e-9,1.8711355058022368e-8,3.296659255198469e-8,2.7562265454447064e-8,5.820257457945496e-9,3.3360387795032552e-9,-9.331231930340337e-9,-1.960830980362227e-8,-1.9746222478067015e-8,-1.234242184147716e-8,5.017550021873022e-9,-2.450602928903453e-9,-4.5315899140678355e-9,-7.278598436928452e-9,-3.715468297513874e-9,-1.99261980468562e-8,-2.4928236867393534e-8,-2.9685182417287052e-8,-4.033659177939183e-9,7.446912949463373e-9,6.612146697382938e-9,1.9065530025365112e-8,1.6818147482385064e-8,3.1788802224233594e-8,2.846050163547677e-8,1.8869389796218633e-8,4.802227282460725e-9,1.0104003064179835e-8,6.635012121798863e-9,9.893588384213533e-9,1.311303275689203e-8,7.799233005496652e-9,1.392291452332245e-9,1.65901764810431e-8,2.4217975992378634e-8,9.091217130386638e-9,5.190051088768088e-9,-6.560064031179436e-9,-1.962245557770033e-8,-3.0491097474712447e-9,-1.14999060445357e-8,-1.4410235678654328e-8,-1.7231376419187616e-9,-4.3374269060254655e-9,-3.418768841916182e-9,-9.907250464855219e-11,-7.1394023719597455e-9,-3.270336191895186e-9,6.251910663416162e-9,9.623862893441351e-9,1.238724266007579e-8,1.667297508176259e-8,6.960451786804197e-9,2.1029500648025488e-8,2.9573277014487968e-8,3.4021947864179605e-8,1.054764495843405e-8,5.509259259260519e-9,-9.147277230298307e-9,-4.623278336956469e-9,-6.834976466396095e-9,-1.5409993725716086e-8,-1.4319162912913057e-8,1.3744443331731437e-9,5.634581573059662e-10,8.800511497158471e-9,1.2921854804564778e-8,1.9768437961570664e-8,3.1088418206392734e-8,3.880064115035992e-8,3.5235970664711914e-8,1.833427406493147e-8,6.2759543810406256e-9,6.487224419323837e-9,-1.6209154823510947e-8,-5.594481486374834e-9,6.353224021470087e-9,2.164489638450138e-9,7.160801033757638e-9,2.455566168191212e-9,3.691546195380774e-9,1.7192890016348365e-9,9.16424444094053e-9,-1.315284962230113e-8,3.8911004954026944e-9,-5.672816809325224e-9,-1.2629259858340215e-8,1.6487903466800899e-9,-9.74857689178155e-10,5.762271702754833e-9,1.60722573967786e-8,1.0743466097984414e-8,4.162749186117444e-9,2.6105965609500633e-9,-8.284699828749252e-9,-1.178182372019845e-8,-9.767315091897677e-9,-1.999310058055482e-8,-1.0260924533924092e-8,-6.690070411156301e-9,1.6473694707884121e-10,-1.5863087530635144e-8,-1.3888320361165648e-8,-1.0355594702375262e-8,-1.7025710067848656e-8,-6.871276217552395e-9,-5.166659220080756e-10,7.359281875269885e-9,5.5375200887060835e-9,5.8382255501051916e-9,-2.2741323707423933e-9,-1.3691266416594858e-8,-9.666545325565761e-9,-5.680913343320075e-9,-5.102188272313937e-9,-7.67471003392323e-9,-6.944692918331372e-9,-2.0396474406950744e-8,-2.054217949513376e-8,-2.6000216534534254e-8,-1.2163699181853898e-8,3.346568625374061e-10,-6.298461969876613e-9,-2.1183026013670905e-9,-5.87842779593878e-9,-8.943364930856624e-9,-8.516152436350262e-9,1.221402727653731e-9,-1.1945459101353254e-8,-3.2504099935166983e-9,-1.1485943443003857e-8,1.9901905552149704e-9,1.569811741853613e-8,9.651255393331788e-11,1.1535694092412737e-8,4.281501706013129e-8,3.953739434478233e-8,3.239250814772073e-8,2.3923420819085257e-8,2.625830519478076e-8,9.247272275682954e-9,-1.0926413359664796e-9,-8.346223462538242e-10,-8.502594021088215e-9,-1.3710646524095837e-8,-1.552952246428244e-8,-2.8506719573623905e-8,-1.5731673930955708e-8,-8.703908898532716e-10,-1.273586313397757e-9,-3.0465031312952315e-9,-6.633493266649579e-9,-1.031271735350237e-8,-1.8375089338006293e-8,-2.1221668990907684e-8,3.0298786962333023e-9,9.40547177145705e-9,1.4767383805376609e-8,2.7185508094952133e-8,1.67668022154501e-8,-5.868470538652901e-9,-8.497146134916397e-9,-8.995696573636034e-9,-1.1380726772453778e-9,-6.56971193779842e-9,-1.22291573724166e-8,-1.3531225294784722e-8,-1.6927850605974755e-8,-9.8573908730156e-9,-2.64629545640401e-9,-1.092047957145833e-9,6.665455893878785e-9,-3.0236491428228232e-9,-1.288725677430646e-9,1.2525521894859302e-9,-1.1215604620377489e-9,6.167375803137552e-10,-8.650154137685678e-10,-3.198537636275574e-9,2.213903299154615e-9,1.0345911742175593e-10,-2.098656173423899e-9,-4.123459086563141e-9,-2.3696053134133576e-8,-1.4060768670042673e-8,-6.123124433344287e-9,-8.42377097248543e-9,-1.3558843623852561e-8,-3.94507759161773e-9,7.972782216444162e-9,1.2878303110913312e-8,9.139787803108936e-9,-3.1197540555396047e-9,-1.5526515332000445e-8,-1.2246817822521726e-8,-1.2483824071486037e-8,-1.4166400803268316e-8,-8.532227458773449e-9,-5.64899880186412e-9,-1.3434992885898465e-8,1.6630650560807463e-9,8.44744006806237e-9,-7.72070497981928e-9,-2.141238591084444e-8,-1.2181648678023876e-8,-3.9848342665401454e-9,-8.34808920920163e-9,-4.317664175219455e-9,-3.7418189042375893e-10,7.389778765641939e-9,1.2979224574278012e-8,2.2712572782727386e-8,2.8451110253773705e-8,1.220711131473554e-8,2.281937000770275e-8,7.69512841791011e-10,-8.308604674222789e-9,2.5678750784740243e-10,-1.55384594032624e-8,-1.4045296912683493e-8,7.137611830329077e-9,1.3578949205858514e-8,1.5683043606917413e-8,1.6874271116269264e-8,1.0148613623140103e-8,5.568767227009133e-9,-8.040334325236447e-9,-1.556646198484582e-8,-2.6906260048896995e-8,-1.0821326570420727e-8,3.4432207624919346e-9,1.143346355813968e-9,-8.602524653717691e-9,4.350675050764009e-9,1.6006105211048173e-8,2.2818587650101686e-8,1.817449576032385e-8,2.1171165180056184e-8,1.3664243887562472e-8,3.199330709198104e-9,-1.555276122717938e-9,8.775507903943452e-9,1.6299731167546433e-8,2.120041804414665e-9,-1.0548183093748548e-8,-1.0790172984204963e-8,-4.00053000466758e-9,2.6571528915295404e-9,-5.636702580057592e-9,-5.552661088185931e-9,-1.0057743399207453e-8,-4.364498707532685e-9,-1.0783951092402473e-9,-1.2242737349333116e-9,1.5396499784270487e-8,2.2943358316281594e-9,1.6236795881931038e-8,2.2611084914647263e-8,1.3727671491484593e-8,2.830151035087167e-8,1.1586244405673305e-8,2.917441230504589e-9,8.508897330704859e-9,7.900974213337486e-9,6.1253507208271815e-9,-3.6876509162925066e-10,-1.1915219333298064e-8,-8.327934013419903e-9,-1.773804529558719e-8,-4.932059092750001e-9,-1.0089974236373365e-8,-4.948786209030912e-9,4.883589863182903e-9,-5.2468509281552596e-9,-7.647435912216878e-9,-1.08480109354923e-8,5.8567892003002175e-9,1.4920229807426157e-8,-1.0788043415485004e-8,-1.07525652108273e-8,-3.142100954602455e-9,-3.949601202486436e-9,-1.8368598090280313e-8
4.036837806230807e-7,1.5333961105420777e-7,3.9678782208830875e-8,1.4259851223955742e-8,4.971731970223693e-9,-5.3705465642935494e-9,-2.4272536736737567e-9,-3.637598796599628e-9,-7.635550031322602e-9,2.8075286284273928e-9,7.8771646433329e-9,-3.5484685737438715e-9,-1.798435150761769e-9,2.9724805170327115e-9,7.654400862011426e-10,1.599269190080179e-9,-1.5507664368684436e-10,2.186033563625858e-9,-4.558025611373094e-9,-9.485222808606796e-9,-1.303872725632314e-8,-3.839112951278753e-9,-5.589501584818382e-9,1.6432033723585556e-9,1.0403399301897086e-8,1.7942451070799915e-8,1.1466695692495422e-8,8.337391350213372e-9,6.424843958351364e-9,3.6167702051945124e-9,1.185474085534972e-8,2.1930540029800504e-8,2.3226221024561656e-8,1.750827877979625e-8,6.820286593073716e-9,8.274712988492913e-9,4.7608770383007694e-9,-4.579059835275511e-9,2.60067197226991e-9,5.34624147597804e-10,9.514976653852502e-9,2.4324873368361685e-8,2.425777142118061e-8,1.528631555393487e-8,1.3681438769879296e-8,1.2853084089517974e-8,8.175327329773801e-9,1.2003881522986024e-9,-2.6970706979926696e-10,-8.944669655750417e-9,-9.804987062823846e-9,-9.528854168040736e-10,-6.396219313099105e-9,-4.166654262984977e-9,-1.1177135940518906e-8,-2.3216535753176635e-9,1.0626241594512682e-8,1.3031194014328484e-8,4.715415211025251e-9,2.3246125068833837e-9,3.0200486838482692e-9,1.0832389971462541e-8,1.0372861821757191e-8,5.341681617604538e-9,-7.658798210656928e-9,-6.347126031544212e-9,-9.977086316206202e-9,-1.8741402582555947e-8,-1.635884077383182e-8,-3.652413887224725e-8,-1.8244179646817363e-8,-2.880329410325097e-9,6.206359968801899e-9,3.8716615796871917e-10,1.3964189497976763e-9,5.835161979866558e-9,1.8515311505656528e-8,1.4868497104237447e-8,7.65148931879676e-9,3.2297107825122474e-9,-5.4098941992466654e-9,2.463553695588922e-9,-1.810041651062047e-9,-8.11360394005681e-9,-1.0835676981524046e-8,2.976883340593162e-9,7.436507330778692e-9,3.759308616265172e-9,9.685509306455287e-9,9.454760167509122e-9,3.752198028534654e-9,-7.11619744731665e-9,4.302199060064826e-9,6.573260171823542e-9,3.7000966520689378e-9,3.6229401602237637e-9,5.661469486951912e-9,8.799207563164957e-9,1.0281876000455155e-8,-6.307459998208875e-10,-1.4947848849740543e-9,1.532377148574422e-10,6.191090135925843e-9,-1.5300809529438815e-11,-5.767898875567129e-10,-3.756974295309199e-11,1.3249627245966516e-8,1.367876884620292e-9,4.045724013901948e-9,-2.5818524901129414e-9,-4.5645873840557536e-9,9.86325461657131e-9,2.1147734476784374e-8,4.5723982774300824e-9,-7.563102720349862e-9,-6.213086849935633e-9,-1.0690502571592608e-9,-1.3070237080875093e-9,1.7909676046797795e-8,2.8270470916902838e-8,2.21765003744585e-8,1.5602299225717193e-8,1.2835864001021334e-8,2.0697604006087607e-8,6.921277065036956e-9,4.77138506893868e-9,-4.283885831029898e-9,6.12420511817292e-9,9.064891036015421e-9,1.2950609562512457e-8,5.711668077816521e-9,9.700526800427479e-9,4.602013970757284e-9,-7.743134772299909e-9,4.264896509422336e-9,-6.8054848871295696e-9,-3.552469931401987e-9,1.008880629105514e-8,-1.1635894397397575e-9,3.372560937605146e-9,1.223386756144551e-8,5.280290786032251e-9,-6.142082859472307e-9,-1.229918597592774e-8,-1.3615270646405026e-9,-7.521829183405289e-9,-4.65542712239035e-9,3.828531689674939e-9,3.498453601747422e-9,2.9446067560383905e-10,-1.2451507271772117e-8,-2.5930905384184577e-9,1.512529101549082e-8,2.1713025620408487e-8,1.0961915938259974e-8,4.871921253613014e-9,-3.4845382439152465e-9,-8.197078273389291e-9,5.080944234598774e-10,1.2176075187988744e-8,8.55820753534321e-9,2.7627003973879168e-9,7.044906420413283e-9,1.0524700502154449e-8,1.2383598586978393e-8,5.7033944602000856e-9,4.263698844185853e-9,2.6612772894670896e-9,4.0242581781170905e-9,-4.955930542504427e-9,1.2404343651026948e-10,1.649459676202654e-9,-1.5060627685593684e-9,-5.554792035668151e-9,-6.378527056230195e-9,-3.1296173788520968e-9,7.483791814008989e-10,-7.60430462935897e-9,-2.6591275524596118e-9,-6.32410640176539e-9,2.1285214348950547e-9,-1.8513743428004833e-9,-1.2893935834923263e-8,-1.234187925297227e-8,-7.223259295415517e-9,8.077061061670708e-9,2.7997312606060273e-9,-1.6900042211292061e-9,-1.2527861588032558e-8,-2.0777784092882758e-8,-9.288634030668555e-9,3.1894894584483287e-9,1.011706625763641e-8,-7.391622476957538e-10,-2.3031748387554593e-9,-3.541637571963311e-9,-7.386380733298982e-9,4.656671597133959e-9,-5.8981759740782275e-9,-1.4017333296689613e-8,-1.2385723054645449e-8,-1.24765078611983e-9,-1.8289340751516086e-10,-3.534603650853623e-9,7.539829778092319e-9,3.016946087139542e-9,-4.619154526052444e-9,-8.400657207599841e-9,9.337148971500277e-9,1.4438861209842974e-8,9.70734252961556e-9,-2.2107526336929085e-9,2.492195214355212e-9,-3.5313761538955503e-9,-6.758413549584337e-9,-1.2296653224269659e-8,-6.375278594074283e-9,1.225848323682219e-8,1.918641318179208e-8,2.009159332073379e-8,-2.4560208451953212e-9,-4.937258548127277e-9,-1.831949785113153e-8,-1.1946270723872125e-8,-1.2531283202589094e-8,-6.4924543953011265e-9,3.1853507449446975e-9,5.175419679513318e-9,-2.732489272629928e-8,-1.8970681074839585e-8,-9.269966950809595e-9,-3.2250897125887132e-9,1.4961578802854997e-9,7.72867803971587e-9,1.4967005194947418e-9,2.0791623897117426e-9,6.651764854393198e-10,-1.3736049995728582e-8,-5.664319909533478e-9,3.259119587677133e-9,3.3435257309578393e-9,9.23693850737321e-11,2.5000150303438844e-9,1.2588558143270558e-8,1.0704959848795062e-9,-7.940188066427342e-9,-9.209173697870404e-9,-1.5651854184476546e-8,-1.0879694515390141e-8,4.931980341856858e-9,1.2499028795659752e-9,-1.1135209438847585e-8,1.6806893872029641e-9,2.256430253069192e-9,-3.793330820958891e-9,-7.58288543677573e-9,-7.653379530364546e-9,-9.157439424153206e-9,-1.5200096178537215e-8,1.922073634343343e-11,1.80999626684254e-8,1.9560981567770578e-8,1.217358218776196e-8,1.309343156904649e-8,4.337027476072331e-9,8.13146180025255e-9,-6.2962550382032894e-9,-9.601123988238571e-9,-9.9434192029229e-9,-1.0431794209440223e-8,-7.130771061068588e-9,6.568348008286152e-9,7.681632951794277e-9,5.1354392066240156e-9,8.26855611192969e-9,1.4779515853105611e-8,9.776683644386279e-9,-1.8404780250935407e-9,-3.949593337173519e-9,-4.715127757676365e-9,9.113864026769614e-9,5.806702311105897e-9,1.420561395751569e-8,3.2503996288870633e-9,3.869790709107221e-9,-3.868178472958178e-9,-3.6267058396204422e-9,-8.310580311851011e-9,-1.5212922531773912e-8,-4.825641039460476e-9,1.5531060208111814e-9,-6.474430945200247e-9,-1.7142397323797412e-8,-1.0236749241549837e-8,-1.512095362664553e-8,-4.4373789856632125e-9,3.202286363177405e-9,1.3060468207860239e-8,-6.3537489932423385e-9,-7.983216154723949e-9,-6.348612535965474e-9,-1.4832860392528696e-8,-1.4228348575222766e-8,7.700173252077503e-10,3.074380390414277e-9,1.8008472645688537e-8,2.2578683882735804e-8,2.0710514833084578e-8,7.570766680311178e-9,-6.096850102130318e-9,8.964936099251928e-9,3.3631114837916375e-9,5.2304661710832e-10,-4.915488247527719e-9,-4.154347455335574e-9,-2.6792002671416648e-9,-1.4670224122280391e-8,-8.550463988567862e-9,-1.3648474260210973e-8,-2.253864014176089e-9,6.081446462683125e-10,-1.1092050744093676e-9,3.843603292532711e-9,-1.0940166334018419e-8,-6.530440142828962e-9,1.233926975671032e-10,-3.0830572079612956e-9,-1.0973786423880192e-8,-8.822830040970412e-9,1.672006145170525e-9,1.0528169636048843e-9,5.6441249395306125e-9,-6.257771993426585e-9,-2.684991251917093e-9,-1.0154282831563897e-8,-9.127144118955485e-9,-1.2712801918528074e-8,8.618466348551248e-9,1.9862116464907966e-8,1.0555350706770723e-8,-2.4229790470106333e-9,3.409532657542291e-9,4.3077175934066864e-10,-3.2494255861761178e-9,-4.57391670435401e-9,-8.347267272625536e-9,-5.2666655550849805e-9,-1.4643623466822917e-8,-1.812837655595712e-8,-1.9888772633068653e-8,-8.758877522312537e-9,-1.7278319810405476e-8,-1.0370452598132937e-8,9.090824830093385e-9,9.094650308739353e-9,7.330007262440844e-9,9.254000136376516e-9,4.44719066252931e-9,-2.6507002902618695e-9,-2.5064955208255635e-8,-2.217215268990753e-8,2.2122500642619695e-9,5.989567797684436e-9,1.207442317440387e-8,-3.314110490652012e-10,-4.466918130042272e-9,3.8573317631346097e-10,1.197918832904347e-8,1.0659017673523542e-8,-2.3190810488770057e-9,1.227224197081538e-8,1.2530936583616515e-8,1.1931663151162223e-9,-9.25748783791757e-9,-2.211038297361367e-8,-2.202042590040875e-8,-8.284072054708953e-9,4.755358480876987e-9,4.503004133320271e-9,1.1711010318273629e-8,6.727884373896628e-9,1.651154671251122e-9,6.187583147659598e-9,4.867495739326452e-9,2.5668689143926324e-9,-7.497087171418189e-9,2.7344946792807126e-9,3.6147047439007955e-9,-2.449269806732547e-9,1.5770422806986988e-9,-8.243392132797118e-9,-3.602974362236067e-9,-3.860969740963868e-9,3.3889876453747045e-10,1.615892106037825e-8,7.920696300703932e-9,-7.475853079136599e-9,1.1803703579287557e-8,2.3382070462304732e-8,6.4466395136951395e-9,8.178224378573834e-9,1.4207064193806351e-8,5.13230919717831e-9,3.5948836655739785e-9,-8.537082731447813e-9,-4.854903181660977e-9,-3.1606742057174113e-9,-2.0048552695945453e-9,9.53025748519875e-10,9.67955474488919e-9,4.4436606389479994e-9,8.052452782697063e-9,8.326548300309446e-9,6.627455571119125e-9,9.068495421908925e-9,1.3228530095468041e-8,1.918806184565561e-8,1.1045155578462381e-8,1.5935976831867302e-8,1.2709120224473273e-8,3.5017150125242976e-9,-7.086107172956212e-9,-7.361904954706522e-9,5.241172704940845e-9,7.808872009555438e-9,7.309340806400604e-10,-2.823909302344096e-9,3.808045791953851e-9,-6.646001586606612e-9,8.2081060357545e-9,2.239595811922096e-8,1.8309157527505844e-8,2.5585136465388083e-9,-3.194771443896132e-9,-9.296909605179557e-10,9.182953582367014e-9,3.880862844682316e-9,1.2831056969595278e-8,2.318189095440316e-9,2.2506287672933483e-8,2.8814094595562682e-8,1.8331219743227588e-8,1.0035010068482804e-8,5.1129309336782975e-9,4.840115392642029e-9,-5.124815327000359e-9,6.627753667367932e-10,1.1581925265302402e-8,1.935248087239413e-9,-5.858747627189224e-9,-4.277930393328771e-10,-1.5261920089824612e-10,1.116072054261616e-8,1.2374687922522879e-8,1.312948002156242e-8,-8.591638742569175e-9,-1.3154372492534957e-9,4.3543173795464514e-10,3.4669338813938945e-9,4.114286340680577e-9,-2.994554677106619e-9,-1.6106283524829008e-9,-2.6286230564666008e-9,-4.677539517655394e-9,-1.7461323764363862e-8,-7.948282755424076e-9,-2.964051677770701e-9,-8.347367864927204e-10,1.2236070148064973e-8,1.6678879559730086e-9,-1.4014600895199745e-8,-7.442732193468176e-9,6.566785762711983e-9,1.910315978489553e-8,2.0494153413257787e-8,4.050747685763013e-9,-1.351305218933045e-8,-3.344698954537021e-9,-8.440725574482277e-10,2.125085166809705e-9,1.4143158320806481e-8,2.4213759358295754e-8,1.706291921723988e-8,9.319058178714705e-9,1.1085868415314722e-8,2.409255271381019e-9,1.4514455638019668e-8,4.1657110833773637e-11,-1.3683693256651873e-8,-1.0586851361811063e-8,9.38293273336799e-9,6.105281000755796e-9,7.527938376698395e-9,7.249665459445222e-9,1.2055011632491146e-8,3.322753906248014e-9,-1.4643279208851885e-8,-1.3240295159238198e-8,3.044124477227574e-9,1.1881767103158775e-8,5.940408588921959e-9
2.629538001543349e-7,9.469287541405764e-8,3.775672389763961e-8,7.85885346366172e-9,-4.295589378191307e-9,-1.3697450843045725e-8,-4.374587358427442e-9,5.2137597928507085e-9,5.026857162052239e-9,8.630556887491204e-10,1.2351896009947736e-9,2.7115345328065417e-9,6.914823482962707e-9,5.743532068916285e-9,6.011049803278341e-9,2.9003884417267353e-10,-1.4920333886916692e-9,-7.189234596183955e-9,-7.198638064438334e-9,-7.2839782190363795e-9,-3.982677391356949e-9,-3.414366247470915e-9,-1.0883934488128737e-10,-3.0814204415231925e-9,3.1941259937951796e-9,-3.123148927591537e-10,1.8892052188395443e-9,-3.6327089511217016e-9,-3.062646938931225e-9,-2.3842947793219783e-9,-4.940223070368534e-9,-5.972258942997739e-9,-4.180956052290327e-9,6.214825042354713e-10,-9.442902642666991e-10,3.557670034802404e-9,2.918550272060467e-9,4.258195287157613e-9,5.139838116525522e-9,1.6907867673920228e-9,6.400966780204644e-9,5.675779739887411e-9,-5.932819123630671e-9,-1.250372180832026e-8,-9.830818705520275e-9,-2.9485464440224126e-9,3.6136076649808315e-9,4.498222446179697e-9,8.302989544306307e-9,1.0957984245842281e-8,1.510791643045658e-8,8.92191564394484e-9,-3.943482775822634e-11,6.080775480298364e-9,2.6879732231557305e-9,-2.1339353903869983e-10,-2.6095257139626413e-9,3.506452123849784e-9,9.555973271190474e-10,-3.957740246995e-9,-7.2857946424110585e-9,-3.1566329552242033e-9,1.3942775429360855e-9,-2.030443804285781e-10,4.184912304371445e-9,2.6647879591575735e-9,8.263780312596457e-9,5.441077830293901e-9,5.049379781283318e-9,-1.8197547448485577e-9,7.32052643778768e-9,4.91269888919245e-9,-1.1758311437313979e-9,-5.186967157036394e-9,6.821118056556302e-12,-5.935899118622171e-9,-1.0484660372868326e-8,-6.4206093195114035e-9,-1.2985032712047403e-10,3.0214259409043897e-9,-2.556438556971866e-9,-2.98581924731796e-9,-1.0037684748008323e-8,-3.936929436936636e-9,-3.6010444771482373e-9,-1.1359286736697887e-9,8.767546101318313e-9,1.0137373978655324e-8,-1.8146035991591496e-9,1.6939572708166606e-9,4.2216635290210924e-9,1.0105746551011401e-9,9.718685432569134e-10,1.8292819265674713e-10,-1.3689212860192547e-10,-2.2126653897478963e-9,2.2462795097172204e-9,2.4297672533837344e-9,-5.308839534191683e-11,-4.172219506659563e-9,-5.515046296294328e-9,-1.9444938959888517e-9,3.3572943534494406e-9,1.0503642831575997e-8,7.2777533833414476e-9,-5.128535045992078e-10,-3.1165321676088725e-9,-3.6933734516085235e-10,-1.6689468850625537e-9,1.7575863997466363e-9,1.6727442662347487e-9,6.272842122332868e-9,5.196990288379168e-9,6.691866259242038e-9,2.8654754813345724e-9,-1.280065497448005e-9,-2.5844181600309458e-9,-1.0440056852018016e-9,1.4467183629029532e-9,-4.910770418843426e-10,2.1429260361652713e-10,-2.5174957122241552e-9,-9.417301180315e-9,-6.812767643361248e-9,-8.324467670390187e-11,-7.037189327483813e-9,-1.5649785858501574e-8,-7.691810322401036e-9,-3.3803648012797166e-9,-4.533851441151359e-9,-4.257576460512954e-9,3.7885387190233205e-10,6.703420135633104e-9,2.2096314844827018e-9,-6.746656677544664e-9,-1.0772012763291102e-8,-9.700805207614973e-9,-7.080960639984088e-9,-5.734969629080041e-9,-9.494287884788666e-9,-4.908551736764366e-9,3.3544445294886233e-9,4.660360890560505e-9,7.133120184427396e-9,7.962003369387746e-9,9.27153981874974e-9,3.346728045974331e-9,3.5014058097656986e-9,-3.0384552547832004e-9,-8.831705282975556e-10,-4.544640218671793e-9,2.6309453655133886e-9,-1.2591011919745246e-9,-2.7445362184156727e-9,-2.1631620475295236e-10,-5.558541617308018e-9,5.007329259367105e-9,-1.0978780699232308e-10,-5.8276562549391126e-9,-7.640729731936698e-9,-1.5659293552788472e-9,-1.3687689767309683e-8,-1.582874429711898e-8,-1.8502480972359552e-8,-1.2307867975619168e-8,-8.20554349406342e-9,-3.776858645543731e-9,-6.288521954853887e-9,-7.005522666387464e-9,-7.999073809254164e-9,-2.1547461154763613e-9,1.8304620950140324e-10,3.541264789100819e-9,7.550002205065282e-9,-5.978836511968832e-9,-2.1349281909591345e-8,-1.2205799471026124e-8,3.433032048683069e-9,1.4217630558089194e-8,9.91514091016257e-9,5.236599184501745e-9,-7.457109213123555e-10,-1.4368245960143756e-9,-6.078712112424549e-9,-9.53823642294392e-9,-1.4370517024540914e-10,8.560001870667093e-9,2.9847738126766473e-9,-3.620742823265646e-9,-4.688987033957921e-9,-4.966789254202669e-11,-2.701217541791016e-9,7.2144919643506065e-9,1.011639210642521e-8,4.034767310592207e-9,3.4235565045857924e-9,4.726228020652326e-9,4.427973711162312e-9,4.552636311292765e-9,2.0096632536378548e-9,7.539072983769187e-9,1.8814658413009547e-9,8.915484999771088e-10,-5.758015142866404e-9,-7.852734526223098e-9,-8.766104521363776e-9,9.72620806957403e-12,-1.0054198264438293e-8,-6.3189382049421464e-9,-9.148510711527453e-9,-2.428152713750444e-9,-2.189375077523341e-9,-1.127049069749352e-9,-6.818131248406584e-9,-4.438404678091808e-9,2.0655079085370288e-9,-2.3603003178219577e-9,-3.887859321844172e-9,-6.572463323397641e-9,-1.2232540028055859e-8,-4.016941889341528e-9,-1.6286768041732619e-9,-1.7191767876229152e-9,4.582840278880602e-10,7.682918850042507e-10,-7.981426366832745e-9,-9.186139596692573e-9,-4.9220107861651514e-9,-1.6490937207837687e-9,-3.516212367686759e-9,5.901233293232646e-9,9.525437033101964e-9,6.497935497510541e-9,4.083874852291123e-9,5.27686690258487e-9,-1.8268981821112359e-10,3.172847430130589e-9,-2.4102037507456423e-9,-8.360827302284902e-10,-2.1158475572379324e-10,5.914831971085572e-9,9.662892924198819e-9,1.0994865691885693e-8,2.2809998993199348e-8,1.7134827103729596e-8,7.52829574540545e-9,6.939439196583596e-9,3.890633390743631e-9,-3.510687259462763e-9,4.62888836110428e-10,-1.7556155692632922e-9,-2.133334980146559e-9,-1.6734006187854361e-9,-2.0702157059062587e-10,-8.636421883066272e-9,-9.738305201537968e-9,-2.278438232397608e-9,7.756835996634503e-9,4.6934363161002215e-9,-5.391206457494143e-11,-3.3409783364950854e-9,2.5049582251297584e-9,-9.369590921809824e-9,-7.563252978796078e-9,1.4211023598748323e-10,4.1457668751960535e-9,-2.794054359061028e-10,4.402543497376318e-9,6.338473131421618e-9,3.4282085761291798e-9,-1.0052230388043223e-9,-1.1408053527016502e-8,-7.735207038086239e-9,-9.183948521092439e-9,-1.1529821178990869e-8,-1.303115029823302e-8,-7.079940214488827e-9,-1.1920649387291823e-8,-8.965999030452003e-9,6.56761826650304e-10,4.8077222187533995e-9,4.937218863191469e-9,3.3681838374917237e-9,-3.6901523267123235e-9,-1.0074786224339492e-8,-1.1992913601143252e-8,-5.6740112025542555e-9,8.751985235260497e-9,5.647488429420145e-9,1.855803099053756e-8,7.272134325601678e-9,6.379991330365039e-9,1.050552092423673e-9,-8.694872375735856e-10,-5.182311341540047e-9,-8.815582045572853e-9,-2.0245754772440217e-9,3.746467709579107e-9,-2.0410829696039736e-9,-2.6985874826782378e-9,-7.930421839923714e-9,-2.201732935561762e-9,-7.266691310278354e-9,3.5388815837974584e-10,-1.1116210344521892e-9,-4.466557780726394e-9,-1.2854799794186789e-8,-5.68796910272408e-9,-7.330788568273196e-9,-6.707689213965648e-10,2.038490402507563e-9,-1.273807748756516e-9,-1.2388276859465973e-8,-7.886542938205269e-9,-3.5025772522626724e-9,-8.943126359573923e-9,-6.625740956248246e-9,8.474664642118071e-12,3.1448665286187835e-9,9.789645670245455e-9,2.218202709119403e-9,-2.1972712132857624e-9,-7.914183439678724e-9,-5.797796796751626e-9,3.058309894423273e-9,-8.452289094566592e-10,-5.792175450319508e-9,6.941342312082253e-9,3.952301173188368e-9,-5.858454476367019e-9,-9.203633476904527e-10,-7.615770978823895e-9,-2.1017043286670484e-9,-3.1893268200827707e-9,1.5851730197692195e-9,1.665457135839205e-9,8.412730376140611e-9,4.715195997650235e-9,1.7112998366921055e-9,3.063256429928527e-9,-4.130410611705339e-9,-7.666098327266593e-9,-9.808361383563883e-9,-2.498129117324532e-10,7.344189753979474e-9,5.504380782567082e-9,6.410239670387136e-9,5.443253527957796e-9,2.8996986187190334e-9,-6.776325323846208e-9,4.041415446459968e-9,-3.7145749314876882e-9,-6.741974033406046e-9,-3.1038707110655278e-9,7.131871454827918e-10,3.6555750705092666e-9,-7.86041805224165e-9,3.871201024873345e-9,2.9495647924839083e-9,4.138755002280296e-9,6.3853936807742095e-9,1.7948562556804958e-10,-6.384669512726095e-9,-4.890529226373521e-10,-1.0337904532671724e-8,-3.909211282415861e-9,-1.939966767471384e-9,3.8439211060556196e-10,2.939390920689341e-9,6.1004526616262505e-9,8.776938249924623e-10,-1.872449880104055e-9,-1.6153456920601295e-9,-5.976065736190559e-10,-3.1232206993321804e-9,-5.296614015972533e-9,-1.7958169494393866e-9,-9.294611159083448e-9,-6.6801465722092854e-9,-5.661916348708977e-9,-1.1404193600014144e-9,3.970808189721075e-9,3.928200029292957e-9,2.9957069679918186e-9,-5.237841934758136e-9,5.403368794327245e-9,-1.8196850691148815e-9,-1.3302169696114455e-9,6.4737151974027505e-9,9.287747600751177e-9,1.9265645112919263e-9,-9.014479574605184e-9,-7.864680333006633e-9,4.2461956251051185e-9,2.7722875118694257e-9,-7.831178429520574e-9,-7.0367679471517666e-9,-1.1437059161517942e-8,-1.1308082818688254e-8,-1.6073244259055977e-8,-1.5564086842319194e-9,2.331491719306977e-9,5.9537274255906494e-9,6.5250907748882166e-9,1.5773182384445728e-9,-2.348807327114849e-9,3.4898785809267556e-9,-4.6539031117823825e-9,-7.2225034596815255e-9,-8.712469593378209e-9,-3.4190128625382276e-10,-2.540452007575522e-9,-2.8090937411289683e-9,-3.8106127659522155e-10,-9.462878256534745e-10,-8.762043605853183e-9,-1.0376133341005746e-9,3.9811258690306364e-9,-4.334996619872672e-11,-4.252741311007571e-9,3.5638503086606413e-10,5.6948327521265196e-9,7.956164540485354e-9,1.7471581199458386e-9,3.3359703935646826e-9,3.2921733229221513e-9,-6.196891704456339e-10,4.551992698601059e-9,1.063783696270836e-8,1.1143246724313035e-8,1.1868866998793804e-8,8.4069406777907e-9,7.4011744961450395e-9,3.2424084451753124e-9,9.763413078295193e-9,5.161254689416576e-9,9.316502513698836e-9,3.2486470732131388e-9,1.1792179697885136e-8,5.079821192441959e-9,5.440233859972398e-9,3.933261325615913e-9,8.466168985230097e-9,1.3552964095799735e-8,7.283261014133555e-9,-3.576001678383899e-9,-3.127036544925066e-9,-5.7974215691604115e-9,-8.7838620632114e-9,-1.067103953356452e-8,-1.1457345302623836e-8,-3.5911059633152156e-9,6.674359639483714e-9,3.578934676308975e-9,-1.5832635174186643e-9,-5.3687491038835e-9,-1.0762893003237078e-8,-7.825423344091853e-9,-2.5247347182945022e-9,2.5425025405106285e-9,8.5922157732674e-9,3.507142643602359e-9,-1.4284657764060278e-8,-1.568678663476002e-8,-6.858403008959118e-9,-8.018911430373432e-9,-1.5846874355413421e-10,8.02608901428708e-9,8.949158420896762e-9,6.866623612932511e-9,1.1629117443566273e-9,-6.8675178279183424e-9,-5.802686007016731e-9,-1.631421983778009e-9,8.363250163000837e-9,1.3103792771678047e-8,1.593305250191993e-8,9.39866019937281e-9,7.888727470051939e-9,1.277025596590825e-8,7.825936239458164e-9,6.103682168321012e-9,3.2048566183672355e-9,5.44641859778532e-10,-4.362467160863218e-10,-1.0393042248722322e-8,-3.0717064843930677e-9,3.0563614668236237e-9,8.386665922673916e-9,7.219888414645056e-9,7.92637890792857e-9,3.5700953540844116e-9,1.5937196430316593e-9,-6.485625686257254e-9,-1.2319226252571489e-8,-6.547140058805786e-9,-4.4833269418087634e-10,4.0187577430135655e-9,-2.216201044340649e-10,-2.688147631451066e-10,6.2772472993806344e-9
2.1078848379631185e-7,8.406506236754273e-8,3.385082815480889e-8,8.718752047209817e-9,2.812102373055763e-9,4.451022995063649e-9,2.1635250217798193e-9,-2.829414064628338e-9,-4.886542027079675e-9,-5.281587209324283e-9,-5.055007840001181e-9,-6.055918611333442e-9,-9.329098344894088e-9,-3.448015909580841e-9,-1.805680095571471e-9,-4.103980557728677e-9,-3.960589672048252e-9,-6.473811656911703e-10,-8.903538346453363e-10,3.4897705198408193e-9,2.8600855454756037e-9,5.4214878357841065e-9,5.400242426563983e-9,-3.1650307053270697e-10,-1.7772498703599928e-9,3.7800409574153446e-9,5.768647483230612e-10,-5.388011706989272e-9,-4.041981613826291e-9,-2.525556290935497e-9,-2.3975534344208606e-9,-6.0843539754045095e-9,-9.199716244455742e-10,-4.151002140287611e-9,1.1711346065766278e-9,-4.81285939104177e-9,-5.297096867734373e-9,4.1611934955247565e-9,1.6908157544057505e-9,3.198830968353508e-9,4.5549176484244495e-9,9.282877893440307e-9,7.508781008599005e-9,3.6546644335029874e-9,-3.5774786709050704e-9,-3.756055173682804e-9,-2.3142476663201838e-9,-2.338863181831716e-9,-3.5074239440475503e-9,-1.910033296123147e-9,1.1410796957664837e-9,7.4253764055239026e-9,9.490906613738392e-9,5.775817902810604e-9,9.794733685874955e-10,-2.7421354285027736e-9,7.813131426183339e-12,7.386622358601612e-9,9.217270063622189e-9,1.267857766593926e-8,1.8922101105544343e-8,1.3362068617792256e-8,1.2519371619877218e-8,1.7645145712069463e-9,4.834671130318876e-9,1.8041741529773252e-9,1.6430208111436586e-10,-2.2511889233303343e-9,-5.839101730654197e-9,-9.429966337902014e-9,-7.2871080850233084e-9,-7.003795722914441e-9,-6.40990384175487e-9,-5.815522556490498e-9,-6.928962251790684e-9,-8.354050329326419e-9,-9.624885086890716e-9,-1.0585782255509123e-8,-1.061412800040532e-8,-3.3282755522055053e-9,-2.88658762499031e-9,-2.0465610869354126e-9,1.5988269403064917e-9,-4.062253386508342e-9,-5.517537404956577e-9,-6.5060015048709955e-9,-4.659875128815716e-9,-2.1009802388568113e-9,-3.288821493421516e-9,-3.4532853376506202e-9,-3.950773365927482e-11,3.220707118751512e-9,2.885006391054139e-9,5.2099838530354904e-9,6.284158390993866e-9,3.599456828621763e-9,-2.0652004969234316e-9,5.751619631817229e-10,4.646713876873257e-9,6.995558852792034e-9,4.706684630593486e-9,-6.552197192514259e-10,-3.036423300604373e-9,-1.4028498843731466e-9,-4.258089654634473e-9,5.925329905393702e-10,-3.1211441911765847e-9,6.387256120602972e-9,1.030336198948834e-8,3.1925404422949598e-9,-8.415447514737963e-10,2.1302154389443704e-9,1.0023850525111985e-9,1.8928645776550126e-10,-3.6246798858207577e-9,-4.036753549061908e-9,5.202691538599095e-10,-2.4200641730545706e-9,-4.888357195753069e-9,7.287883177511367e-10,5.699967052792755e-9,6.082619460920453e-9,2.258300553101639e-9,-4.263777059735592e-9,-8.254238752950659e-9,-5.268081952568653e-9,-4.34254461105357e-9,-1.7403824955927175e-9,-1.4479236198963471e-9,-2.108639111488368e-9,-7.539028925420871e-9,-5.8173084439471935e-9,-8.86727853341971e-9,-7.1446644349814096e-9,-3.82820102722323e-9,-6.474138591996007e-9,-4.588952071391043e-9,-3.180494411664157e-9,-6.3966047341043786e-9,-3.870683783816439e-9,3.606346818433157e-9,8.39224752916017e-9,1.5893689413595982e-9,-1.1773023830386094e-8,-8.444448251709831e-9,3.7748478087041165e-9,-6.407859012669058e-10,-1.0571955029860873e-9,9.288483550219808e-10,9.222365154547492e-10,3.302771826567122e-9,-2.0848123249214e-9,3.855574402018398e-10,-3.525362526123029e-10,3.3162894074342747e-9,2.810945273629552e-9,-3.6419837439590642e-9,-1.7386917723166969e-9,-1.9073391671567337e-9,3.073945033776426e-9,2.2809509618682277e-9,3.2235651908854163e-9,2.1615513599123827e-9,2.3883512912250178e-9,-4.965018690610209e-9,-1.5140082645990354e-9,7.203797013685756e-10,3.279666605811485e-9,-1.3660811303577103e-10,-4.202335189025816e-9,2.5801771628119883e-9,2.232814396710008e-9,6.092956395371697e-9,9.79452080912579e-10,1.4587241532253805e-9,-4.147314317004921e-9,-4.17408493929423e-9,1.7278968234992289e-9,8.283989205839609e-9,1.0048133470700524e-8,3.737991482416381e-10,-2.57547978255317e-9,-4.3716019673589335e-9,-6.5847677292628214e-9,-2.6827535135252813e-10,1.749851678533478e-9,2.8652379387552324e-9,4.144476769788064e-9,-1.908313634379333e-9,-8.129371370685851e-9,-9.209172787731848e-9,-3.926267784674761e-9,-5.095815204963287e-9,-4.469947208442455e-9,-5.967509902709941e-9,-1.0081627349964828e-8,-2.916132295083509e-9,2.104910127143691e-12,-5.2604462051933215e-9,-1.1945281104311481e-9,3.2934897930074923e-9,1.7218503482449725e-9,2.1891849477930586e-9,3.6410628698451125e-9,-4.849964259518733e-10,5.563620424162455e-9,7.183105274291207e-9,4.714420784807917e-9,6.3349482920314195e-9,6.805724375709093e-9,8.922152769352359e-9,1.1954794029684242e-8,3.3900868072403905e-9,4.940301833496898e-9,5.586412580458089e-10,-1.6833608544731545e-9,-6.658210979561423e-9,-9.987133580600254e-9,-3.981660054602162e-9,1.4600902483473719e-9,-6.946887437053787e-10,1.5204485465794924e-9,7.10825806963412e-12,-2.996732115844804e-9,2.9357387591803433e-9,5.230029422737083e-9,-2.0832016362517314e-9,4.35476488963158e-9,9.39801803320817e-9,7.809689299051909e-9,1.4805499044830631e-9,-1.2011383468284974e-9,-1.1350411131399514e-9,-1.327349395787425e-9,-3.3760504008607343e-10,2.2798115444308633e-10,5.35260667164667e-10,-3.6523389551738947e-9,1.1506347576289634e-9,1.8845141004735834e-9,-1.6228104429563359e-9,-9.988326870844204e-9,-7.181919490304595e-9,-3.705306655700753e-9,9.434137994825834e-10,1.920547788178456e-9,5.584231855968974e-10,1.62909758867306e-9,4.1135402361805445e-9,5.747047094273097e-10,-3.879002700619473e-9,-1.077500794249023e-8,-1.3270954926348447e-9,-1.6888734876979423e-9,-3.1320708265333966e-9,-1.179289668055441e-8,-1.2327718953219567e-8,-7.991842677221007e-9,1.3822358612273993e-10,-3.997322021283709e-9,-3.995197706559996e-10,4.715941085773182e-9,4.187061576347912e-9,2.3103324696304635e-9,-6.457867256000843e-9,-3.527408374072764e-9,2.0104127378352717e-9,3.6725466556630103e-9,1.4537841224288962e-9,8.277169330448937e-9,1.3097917055929287e-8,1.7415910552676775e-8,9.487188128576598e-9,3.825914474854645e-9,-6.673538014885156e-9,-9.581252600912267e-9,-7.484736819915665e-9,-1.0546204227821855e-8,-4.472957495398398e-9,1.6999397411676216e-9,3.3559058190642076e-10,6.176641894641769e-9,8.625663282812862e-9,4.184883956469635e-9,-7.699577480091224e-10,-5.7292733501894176e-9,7.272243673173948e-10,-1.3113405005154554e-10,-2.5420028921174864e-9,-3.5418141126037705e-10,-5.32275387891288e-10,-8.052238073418845e-10,3.869971157428248e-9,2.991856631124153e-9,4.333201161891083e-9,2.258436039030748e-9,-9.29615884103238e-9,-1.2310171788044142e-8,-1.0878345592454701e-8,7.303546613275094e-10,1.0123297865817636e-8,8.730834880760165e-9,-5.594924126093884e-9,-3.2993403076245675e-9,-4.869660342674538e-10,-3.0883136125815197e-9,3.237562574212375e-9,2.2771366208760505e-9,-1.6061199236640123e-9,-4.289214417419734e-9,-1.966704057788877e-9,-1.114551873415999e-9,2.244695700956987e-9,-1.354365996640126e-12,2.3273672934923765e-9,4.926384121548968e-9,-1.030472388965844e-9,-5.113369018723323e-9,-3.319785823036651e-9,6.443095816423294e-10,2.710958073197052e-9,-1.5410772511310425e-9,1.1993060781219966e-9,-2.2880952912460524e-9,-5.778701992755051e-9,-3.1135367886900862e-9,-2.5255529805668572e-9,-2.0332899771463274e-9,1.1576678507327467e-9,1.748431555707125e-9,2.1661175204254906e-9,6.135496797623403e-9,7.791253948797308e-9,1.1167970686151061e-8,6.546434025657301e-9,-1.6564535932036855e-9,-9.247949265533124e-9,-1.0498359403076733e-8,-8.961691483278966e-9,-3.0649685287862252e-9,-2.7444185903052007e-9,-5.816173253921781e-10,-4.798899345586626e-9,4.120140534559345e-10,4.822931250728066e-10,1.8542172417155192e-9,5.6761817394862506e-9,5.770466167077039e-10,1.6007783905580504e-9,2.275150339218801e-9,-1.9564951639972188e-9,-1.1078320593996428e-9,-6.091797189184345e-10,1.2937945101535402e-9,-3.9995794555203645e-9,-5.960618920676093e-9,-8.099215429999488e-9,-4.789706599280755e-9,-4.2175689075890533e-10,-1.0479590670957305e-8,-1.1391902970668214e-8,-8.958437043663913e-9,-1.4122894417053566e-9,4.2015838662823355e-9,2.958764922855863e-10,2.739375975810185e-9,3.164572549314764e-9,-7.47114259017961e-10,2.1411263441657935e-9,-1.7375504022508413e-10,-3.91563582238386e-9,-7.20884870308535e-9,-1.5756463822087718e-10,-7.163356056950222e-10,5.832553698415127e-9,2.1831313544039147e-9,-1.1149625513572338e-9,-8.66844357496386e-10,2.3998506697292295e-9,7.899847607127474e-9,7.1849351870179135e-9,2.834243036998233e-9,6.07682150635509e-11,-1.2124147844765614e-9,-1.7211170511705054e-10,-3.2279809853067715e-9,-1.831204165413186e-9,-5.148367341634974e-9,-1.0510312589495905e-8,-1.4469243355631779e-8,-1.2003790143557182e-8,-7.749558769283255e-9,-3.1338336045539953e-9,-1.7323716469670416e-9,-1.2240712254255905e-9,-3.4000400464679956e-9,-8.622242585026814e-9,-9.503454060225415e-10,4.554889578376867e-10,2.7592827636565075e-9,1.3972766479385955e-9,-3.1170996881125947e-9,-6.1991342522614105e-9,-5.1517834671125405e-9,-7.878225619704255e-9,-4.6626956174952876e-9,-9.360737146172304e-9,-2.9126054182570723e-9,-1.4109411330251498e-9,-4.952932006503381e-9,-6.425229773973803e-9,-7.898937113265687e-9,-5.945682365936292e-9,-2.5463383518997506e-9,-4.200919351000521e-9,-3.1465822712124082e-9,-7.334057962555636e-9,-1.0982932732193171e-8,-9.367473655354105e-9,-7.770449662874267e-9,-2.186926165190253e-9,-2.9407960223861593e-9,-2.9701552177210353e-9,-1.1855791606418094e-9,3.1414883631187023e-9,3.034255075865701e-9,9.286722572748934e-10,-2.9155649056293228e-9,4.510200537225256e-9,3.3118897204852633e-9,8.664772833176627e-9,1.0329972992046694e-9,-2.8814069234658092e-9,-5.90835203550439e-9,-4.014449058751693e-9,-1.4902064089818876e-9,-2.431756281617393e-9,-1.7305727979058945e-9,-6.144754929356999e-9,4.243949771185454e-9,4.034928467361771e-9,2.8294029823987607e-9,-8.588587689179877e-10,-9.02801738042118e-9,1.0180536228744912e-10,-1.7597849268489942e-9,-5.049192162608332e-10,3.503922669633195e-9,2.375694096628054e-9,-1.7744764485481845e-9,-4.192878886247158e-9,-4.488927525615011e-9,-7.360774617128884e-9,-1.4007960874611185e-9,7.798756022820405e-10,3.80190646790629e-9,7.195544236300691e-9,5.2444638384389626e-9,-1.7926133658372212e-9,-1.0835586525530596e-9,3.976515929489749e-9,1.1783332652249848e-9,-1.4365439178009085e-10,-8.125441769389042e-9,-7.972903866583184e-9,-3.0065719128154597e-9,-1.5547490975117257e-9,5.6434930893411124e-9,-2.1696730115165645e-9,2.170270434050038e-9,-3.1365111198472764e-9,-1.1241117416230293e-9,-5.42622065199308e-9,2.7207729410728807e-9,1.5776790706212625e-9,-5.520285589082454e-9,-9.460776002395953e-9,-6.328104022105865e-9,3.991675338640994e-9,7.796873663727463e-9,3.585696134722784e-9,5.984606978309779e-9,6.14549757239341e-9,-1.2747835527178197e-10,4.043101273957737e-10,2.536258730820072e-9,-2.0642177692063383e-9,-1.906925968852366e-9,-4.371069829092516e-9,-4.4854515442798965e-9,5.011674843381077e-9,9.454778439159718e-9,9.638912761384203e-9,3.899591207016572e-9,8.213106388788776e-9,5.473914076698771e-9,3.191620472411334e-9,7.189500278972494e-10,-1.7561906168612443e-9,1.4147739016359119e-9,-1.0624939718303603e-9
1.578385416666789e-7,5.6348936951326437e-8,1.7671996007300292e-8,6.802386822520354e-9,7.999716212607082e-9,-2.5804705475777232e-9,-3.1987429553161953e-9,-5.631038319332893e-9,-2.168958026798416e-9,1.900896274425832e-9,3.7043796327266683e-9,-5.454925669883578e-10,-6.4017686128001765e-9,-4.902431881899319e-9,-4.614311207579687e-9,-6.7517789996176305e-9,-5.25077238151617e-9,-2.9898772688260244e-9,-1.6379424914972579e-9,-8.57418949603695e-9,-6.615738407261326e-9,-7.417379483030242e-9,-1.7448652306986831e-9,2.259091317589346e-9,5.048963101327343e-9,4.3398832070698344e-9,5.153108922297421e-9,3.16156835645862e-9,1.0153885555135205e-10,-5.095586230834905e-9,-6.331022423403239e-9,-7.504223474479927e-9,-1.0878850364919303e-8,-5.856613431557551e-9,-7.55270795472916e-9,-5.3919093778966335e-9,-2.285743800230139e-9,3.4234003138422654e-9,-3.4112898777468522e-9,-5.109836716669455e-9,-7.358915487303171e-9,3.247276162397417e-9,5.981340690264547e-9,5.114103985150956e-9,1.0425306380101237e-10,1.24835778768985e-12,4.440407982182586e-9,9.714793401443824e-9,7.400748302597418e-9,-1.371296587496175e-9,-4.623822908779441e-10,3.216438847868092e-9,5.205307037618267e-9,3.34659539175031e-9,4.081458106210602e-10,-1.299954121853333e-9,-4.551023955113195e-9,-5.491450637813954e-9,-4.9801612692236426e-9,-4.532414243112876e-9,-3.775480355697514e-9,2.852057209808005e-9,4.3141237568250336e-10,-2.9188190945782817e-9,-3.0401820556860216e-10,2.1087135111714656e-10,-5.620228983434102e-9,-4.9522470337763714e-9,-5.613778494176266e-9,-3.5504101075469308e-9,-5.425728261696429e-9,-3.579969950608409e-9,-5.146498874371032e-9,-7.335266756893088e-9,-6.109217084973786e-9,1.4878104317815238e-9,6.137952553936774e-9,1.4623360538542424e-9,-4.150486299074393e-9,-1.364371667852294e-9,-5.998730199726336e-10,-2.417956170351549e-9,3.644442816989916e-9,2.073773468984988e-9,2.2171857115114525e-9,-2.0075177564994147e-9,7.875636398264899e-10,9.038903774179488e-10,3.307736331205617e-10,3.174931496459e-10,4.605336880793725e-10,-3.77542128380521e-9,-5.198580525692076e-9,-4.879291271170894e-11,-1.1584023801102943e-9,-1.328992253472543e-9,-1.2780561365070588e-9,-3.330287091304465e-9,-3.1232890254788875e-9,1.255641818801441e-9,5.925313062628617e-9,4.56593945554754e-9,2.04052341714797e-9,-6.441796699967606e-10,1.2827730824469586e-10,1.216001660802456e-9,6.081679571871408e-9,4.496276071088632e-9,6.2824960355241835e-9,2.3322354259921423e-9,1.6891146398305169e-9,-3.212613213405163e-9,-2.2983196590097767e-10,-7.169959887551964e-10,-1.6782819727753978e-9,-6.431671915847291e-9,1.769984940107862e-9,2.04629172268187e-9,2.6391698995025825e-9,-8.545032513714614e-10,3.9796618878915023e-10,3.0768109768978122e-9,5.295288959218813e-10,-9.103796039870236e-10,-3.620053090059183e-9,-3.6351983836932848e-9,-5.554788907222993e-9,-4.3006056025766105e-9,-6.539768232260174e-9,-6.76740610244545e-10,1.216970750635021e-9,-5.455853954012008e-10,-2.7210116203475342e-9,-5.375792101206887e-9,-2.6186799163589593e-9,2.1457336201132764e-9,2.770452998028304e-9,2.186241815368571e-9,-9.506078103954015e-10,5.418349548146359e-9,3.0122753844920882e-9,-3.228922780306154e-9,-5.640704925578786e-9,-1.5577224821811341e-10,-1.7298299488847149e-9,-2.381562328001228e-10,6.7902471954737985e-9,8.060337300883524e-9,7.569448545234632e-9,5.15507852089261e-9,6.544482203810478e-10,1.9240890118043353e-9,2.779925734665628e-9,3.4094403497084166e-9,-4.5722032774733074e-10,6.534467625467983e-10,-3.6998905301986902e-9,-2.589659349431482e-9,-4.695902982049346e-9,4.383478672552287e-10,2.6370175820013425e-10,-3.7102026774300295e-9,-2.5976015891537575e-9,5.173432407108109e-10,4.280092344856819e-9,2.8827550839979584e-9,4.80720042289204e-9,3.6373051226209903e-9,1.0400168317054837e-9,3.8006363671593504e-10,-2.2208520439283686e-9,3.5260983194659545e-10,1.3098967448049604e-9,-4.844318258721455e-10,-3.4141474229894414e-9,3.1195189084660104e-9,1.5529512228776778e-9,2.5128153100601786e-9,3.1489926102675252e-9,1.6754712657740514e-9,-9.360968929638139e-10,3.4361497329454845e-9,2.1233819763962945e-9,-1.3044088463870203e-9,-3.596419883024962e-9,-1.5915362187737713e-9,-1.0502792816447617e-9,-3.4405405087630384e-9,-2.506167916856916e-9,4.298060495360621e-9,1.1291402784233822e-10,-7.168989752281423e-10,-2.5268770426831157e-9,-2.474318507617554e-9,-5.288291982563017e-10,-5.430933407676749e-10,-2.30321059995255e-10,-3.402694435760179e-10,-9.413127741871211e-10,-3.4118450160587355e-9,-4.997599218333299e-9,-6.093092801690061e-9,-7.0255884578934536e-9,-7.630850567636981e-9,-4.88675580115286e-9,-9.630047792446998e-10,7.8968417330321e-12,2.5265146658770677e-9,1.5953386578109397e-9,2.0752714341809575e-9,2.391099250632686e-9,-1.2431007681003778e-9,3.136921431131132e-11,8.651982429203077e-9,6.237733979240437e-9,4.0828126688412486e-9,1.8294059689250778e-9,2.4761516026263804e-9,-2.6550669795018576e-9,-7.955957925036128e-9,-4.3382303173066685e-9,3.6494537230019274e-9,6.420183261254419e-9,9.786632130823936e-9,3.817417964428125e-9,6.583072598701629e-10,1.9414597347101594e-9,2.5627228166280447e-9,2.0521295209546805e-9,2.536490058835182e-9,1.9970206531811096e-9,5.110105669752006e-9,2.274054647867842e-9,-5.644984040313276e-10,-7.73755284775558e-10,3.2037818436107023e-9,3.856562169412406e-9,6.7432434701735e-9,5.399437738102199e-9,1.0219913592877817e-8,8.543040874579778e-9,8.866065871974616e-9,2.1814365964931277e-9,-1.003593458552338e-9,-1.1415332432901434e-10,-4.403333170797951e-9,-6.592612789880552e-9,-4.937637376842748e-9,-1.6081894111936606e-9,6.04730180790998e-9,7.466349451331095e-10,-4.056175386931639e-9,-1.5870936202510588e-9,3.595652184741278e-9,3.4846169424697234e-9,-3.507216181702839e-9,-4.3626789064352825e-9,-1.3555583849992359e-9,1.8222911573147311e-9,1.6405473144328209e-9,1.1306897252877614e-10,-1.247502148704689e-9,6.481440108565769e-9,3.94354474170662e-9,-1.1309740718390494e-10,-2.3190687833131635e-9,1.7129707342774433e-9,3.4946028256229913e-10,1.0802711126623443e-9,-7.913703976909651e-10,-9.751827804057421e-10,-5.55385090231611e-9,-2.4569435440059936e-9,-2.740822292832282e-9,-4.378991045082311e-9,-5.171980120333262e-9,-1.8007200142637993e-9,-4.288090531158643e-9,-3.3445575460006873e-10,1.0079113390867319e-9,-7.033248526276425e-10,-5.062355823927978e-9,-4.838966605992751e-9,-6.244366753185724e-9,-3.131000743048519e-9,3.6567771037162625e-9,4.494675873653361e-9,2.7796024072858053e-9,-3.9936921644719147e-10,9.490398299646318e-10,1.616750199015022e-9,-1.9081789686792404e-9,-4.924398529054218e-9,-5.6241336051219445e-9,-3.2503036052031684e-9,-1.9988898333431846e-11,-2.4278895974738515e-9,9.767525116595087e-10,6.203066831811437e-10,2.317659034406459e-9,-2.8336314534206465e-9,-2.335633717835088e-9,-3.208466644056935e-9,2.0511823959100647e-10,-2.8977182489470306e-9,-3.085421192593913e-9,-5.333971032810122e-9,-4.148545781540216e-9,-4.6808355791535385e-9,-3.9878412353208576e-10,1.994774930943802e-9,-1.8056271554882305e-9,-4.4368650481271797e-10,2.5413430036220055e-9,3.805589264738431e-9,3.964955760729141e-9,2.2268663371100043e-9,-3.757568921320306e-10,-1.2540918577645092e-9,-4.378937405186118e-9,-6.124043457640406e-9,-6.242953439184307e-9,-7.053910580978326e-9,-1.533964218726146e-9,-8.569619615787795e-10,1.6246773893147168e-9,3.863480318040329e-9,5.561030559529473e-10,-1.1212757272696826e-9,1.4664405608296822e-9,1.7994529427656898e-9,3.174986010435575e-9,3.5811090966809076e-9,5.37850769575344e-9,4.22053740894662e-9,3.8297054090764955e-9,3.090304965800248e-9,2.1038548408867335e-9,1.8135508745354714e-9,3.0198373613204656e-9,1.610850337221944e-9,-1.0209896467682613e-9,1.7569494502242828e-9,-2.7986179525305798e-9,5.053224993712434e-10,2.6609639959483456e-9,-1.5507047253448382e-9,-5.693768662946963e-9,-2.2099579346218363e-9,-2.401180715184751e-9,-3.644005257679561e-9,-5.063305311040182e-9,-3.4491019136325276e-10,1.5701655105173955e-9,8.535668391093144e-10,-1.6201579092206305e-9,3.9872847135845334e-9,2.0401427649159268e-9,-3.778436721912127e-9,-3.971285241191789e-9,6.103431117923398e-11,3.8178389632709315e-9,3.52507788229396e-9,4.111894721598998e-10,-5.175016779517907e-9,-5.119464367031069e-9,1.8216362327462197e-9,6.440832497708204e-10,-5.3791595007293004e-9,-5.396864418040972e-9,-4.618694031469912e-10,-3.3087343486337765e-9,-2.0861484404011337e-9,-8.048049003969817e-11,1.7498587266128206e-9,6.716650780683854e-10,2.6079570306141336e-9,-7.043636839754776e-10,1.6780725657725231e-10,6.72506612847138e-9,1.275535983359607e-8,8.656690741541629e-9,2.063762692499933e-9,2.58336326628269e-9,6.107124546361136e-10,1.4863917983672156e-9,-9.494536715849298e-10,1.7093744796311018e-9,4.727500975465144e-9,2.3942440227102237e-9,1.6658095817957748e-9,-1.3517972468287284e-10,6.998560195432363e-9,1.2798360620828669e-11,-2.328236838752893e-9,-8.430149363291688e-9,-1.6449267708806317e-9,-2.5568602301715475e-9,-2.6784290534620353e-9,-4.593355980180147e-9,-5.254239234276902e-9,5.751429573677952e-9,6.2095401613367945e-9,6.630860812329115e-9,6.302801881228912e-9,4.926191107575671e-9,7.748496678488967e-10,1.014369252594269e-9,-2.6025237327533704e-9,8.348813403713229e-11,-1.0135586955079826e-9,-9.686538264070592e-9,-6.278297031317662e-9,3.826995968568898e-10,2.5347395611384962e-9,3.318123279153739e-9,5.548555249356956e-9,3.365202321259673e-9,8.178305875010327e-10,8.02678166211717e-10,-1.129908548122324e-9,-7.835687118106505e-10,-2.068677063283439e-9,-5.350382756173253e-9,-5.656303475271599e-9,-6.901460006693687e-9,-2.3036376578179857e-9,1.3898887556360857e-9,-3.6804219584078464e-10,-1.036139501402697e-9,2.9722515767745227e-10,2.8173323204526164e-10,4.484121187507971e-10,6.152522815924908e-10,3.517686363508392e-9,-2.548377107432855e-9,-3.037257742590399e-9,-3.2370384022116797e-9,1.3136010432024216e-9,-4.5374937852112673e-10,-2.664393288159277e-9,-3.5963095248791177e-9,2.8695752854730033e-9,5.899656613298111e-9,3.5045528819615474e-9,-5.676399261435743e-9,-6.536038064089034e-9,-1.9670563121250348e-9,-3.6275631798275106e-10,2.0093402853044988e-9,-1.9725797952397958e-9,-5.406761061174362e-9,-3.24911235290914e-9,-5.2148339730040085e-9,-3.7915614478068374e-9,-3.0722952794335003e-9,2.9930985902780064e-9,2.056653147533274e-9,-1.279280933720912e-9,-5.172271624215336e-9,-1.4969372201003017e-9,-2.915181119023744e-9,3.0598882611598834e-9,5.819884935412341e-9,-2.997700344377094e-10,3.0167087068167917e-9,5.965986125530315e-9,5.953008243993172e-9,-7.3486826516161e-10,7.328800866689695e-10,-5.049569915737729e-10,1.5214143663059024e-9,-2.3951503792558853e-9,1.8627381145457998e-9,2.7775030887071807e-9,4.25133482891539e-9,1.63140310106069e-9,-3.0397408486800583e-9,-7.529174642206406e-9,-4.752566941786246e-9,1.1975442335911562e-9,3.685340108094933e-9,2.177537100510226e-9,2.239984772567469e-9,3.4238045864581914e-9,8.45784916559634e-9,-2.2170390790688275e-9,-5.79031841832036e-9,-9.367149725105488e-9,-3.0180048026742774e-9,-7.862860658124547e-10,6.0262381685973804e-9,1.9630313622066853e-9,-3.047861131862437e-10,-6.70683118468649e-9,-8.229593598950148e-9,-5.805789558999574e-9,-4.508153134881493e-9,-2.832836530753592e-9,2.986445868500674e-9,-3.4101321373481055e-10
1.1580931110147288e-7,4.076846878556806e-8,1.2542972866913298e-8,3.3374808764540853e-9,1.6243678929493095e-10,3.780122153547124e-9,3.4729757426696656e-9,4.072346399490158e-9,2.253191840044977e-9,1.6425653741386955e-9,1.3340670988345127e-9,2.0225472717495307e-9,2.4416485395333557e-10,9.194291677641476e-10,1.5194603426952294e-9,7.31885162245935e-11,-1.7088424073794476e-9,-4.7508062177165495e-9,-3.2413104046281264e-9,-2.034314170703075e-9,-3.7058621751826246e-10,8.385418101360292e-10,-1.403621277932891e-9,-2.3994339138248187e-9,-1.2657427098764592e-9,-1.42505939263451e-9,-1.4322169846893723e-9,3.888131992369766e-10,3.1705921326570564e-9,-3.664256191716063e-11,-4.771819243148666e-9,-1.530961583258676e-9,2.1704967195063934e-9,3.1259959176212235e-9,2.4016688939096744e-9,2.7017254022562204e-9,1.7023250157203772e-9,8.235697030365948e-10,-1.968776311390962e-9,-1.516915656521227e-9,5.2421743655515616e-11,8.119055652170488e-10,2.031844894890772e-9,-1.3474696762513005e-9,1.5600278638611377e-9,-2.1291648717224734e-9,-2.2901967429483895e-9,-4.601642473309369e-9,-4.6101597921608954e-9,-1.6980621714345617e-9,-3.3969778232478285e-9,-2.174273866959812e-9,1.050198192622186e-9,-2.189359357125729e-9,-2.504973678564408e-9,-2.012454333895598e-10,-6.704617754848781e-10,-6.052006040685122e-11,1.7841889247586383e-9,3.0130226632663984e-9,3.6252239314524216e-9,-8.73234116350302e-11,-9.403799193142383e-11,-2.728958248540281e-9,-2.4274358076817273e-9,-1.8162117272287583e-9,-1.66885708931284e-9,-2.2956522292644642e-9,-5.991949982447982e-10,3.268400055555084e-9,1.402500010912585e-9,-2.17113748186032e-9,1.5454158169608642e-9,2.096333936177415e-9,-2.7878287341990746e-9,-1.9731903950114557e-9,-1.514434348167235e-9,2.054566018694653e-9,2.826478843424181e-9,1.575946776249059e-9,1.881241640280508e-9,1.875288113322708e-9,7.786259538538845e-10,-9.424607895542252e-10,1.8786362601118376e-10,-1.3788846958851284e-9,-2.47871206722103e-9,-3.0055972685719704e-10,1.0983866374923915e-9,3.5669520250569726e-10,-2.752413216478455e-10,3.784205649389584e-9,2.5273200979671403e-9,3.1477128656483387e-9,2.8290696578278235e-9,6.302767736659006e-10,3.28804351968723e-9,1.87154880736099e-9,1.401692336874986e-10,-4.417177348284741e-9,-6.582001109215883e-10,1.1998250490378943e-10,1.213042857494267e-9,1.0649661350106443e-10,1.0432182394841365e-9,1.8234109383215842e-9,7.157330023269788e-10,3.943424724986952e-10,2.8429419236606357e-9,8.713897968697378e-9,2.7204011367015085e-9,9.799553921916195e-10,-1.708581740124726e-9,4.936183971292646e-10,5.224137050947215e-9,1.0007336034926304e-9,2.0354711305147856e-9,5.238041264328076e-9,4.4425559994606075e-9,3.646402540334576e-9,-9.496827159713437e-10,-2.540617875164911e-9,-4.608198342018115e-9,-3.6659727126956887e-9,3.93694898119258e-9,1.076304811867038e-9,2.022115605486731e-9,4.080110633386397e-9,3.009808452405005e-9,1.9386034437718538e-9,4.363846752785927e-9,6.314024555392601e-9,8.85549194620817e-9,4.3955368989594785e-9,2.638880200788603e-9,1.2461874095619713e-9,-1.2633018926377594e-9,4.80460963902385e-12,3.1693095544322465e-10,1.905934066522754e-9,3.2239308489919025e-9,6.630056803827381e-10,-8.944389971140002e-10,-6.176689589650228e-9,-3.627579204545678e-9,-4.708880462772966e-9,-3.11728720285781e-9,9.245202724378609e-10,-3.0866888675345807e-9,-5.178246681728107e-9,-2.7825265598348603e-9,-3.111426431031943e-9,-7.12785414549918e-10,1.366842749142203e-9,2.3630671036985976e-10,-7.345281976188935e-10,-2.0276592307554046e-9,-2.517881660921171e-9,-9.171978297329617e-10,-7.252948140541117e-11,2.2219385893945034e-9,2.8602370119255633e-9,-2.3021880294916553e-9,-4.680973165167207e-9,-3.6748237422801275e-9,-3.6833709144827395e-9,5.050608008712773e-10,-7.936359640982838e-10,2.7533831025932216e-9,6.5601144273181135e-9,-3.971440837714726e-10,-2.021996898322417e-9,-8.779678451818041e-11,2.0099738595795963e-9,3.023325535800297e-9,-1.3576574919342085e-9,7.422747060468868e-10,-1.5350320874792157e-9,-1.0559352675575445e-9,-5.764256110829175e-10,-1.720469065962403e-9,-2.5405658366584733e-9,-3.848980495550231e-9,6.953244080259414e-10,8.512711804018545e-10,-2.0848478606127575e-9,-2.0927854886211058e-9,-1.1234012544001662e-9,1.6393658647205916e-9,4.567553043557418e-9,-6.567077489976629e-10,-5.232812468154056e-9,-3.772965683895063e-9,-3.781659133845182e-9,-1.47908940374618e-10,-3.424106427403003e-9,-4.25028179572143e-9,-2.786838934782527e-9,-3.1224558373961075e-9,-1.8209884271677857e-9,1.8500565074319637e-10,5.057636454498995e-10,8.268008029020961e-10,-3.280496374583538e-9,-6.635101983980818e-10,1.7915909009188474e-9,-3.0152445898219817e-10,-1.5507677556465724e-9,-7.912359212888198e-11,1.3938052891220388e-9,2.703496455961223e-9,2.9105512408710102e-9,1.9166991365428173e-9,-6.769878764321146e-10,-3.486210805233598e-9,-6.4335641764299e-10,3.3897071143935814e-10,6.768101186346719e-9,3.957216643762321e-9,2.6304269038101137e-9,2.9549304349871624e-9,-2.3411007424635673e-9,-6.953683835693272e-10,-3.01931275091722e-9,-3.6899379842931483e-9,-3.8653942870027234e-10,-1.0565967100729624e-9,1.5878485869732948e-9,-5.743775942391684e-10,-6.505446617010386e-9,-3.6939331658894373e-9,-5.363205530001831e-9,-2.0503490721413455e-9,-3.965029913157479e-10,-2.017647765459138e-9,-6.950070065155846e-10,-7.025060481928352e-10,-3.0408306006081204e-9,-2.178420285209032e-10,-5.675082428278308e-9,-5.635786145088584e-9,-1.8095061375147165e-9,-2.985508748607254e-9,-1.3247493752997122e-9,-1.4995577957305493e-9,-3.744211365801969e-12,-6.795771584040303e-10,-2.3102017178252325e-9,-1.2654700023225407e-9,2.1234343458531787e-9,1.4965753332849018e-9,6.523835294410035e-10,1.9862142012835453e-9,-2.2119621241663117e-9,-3.5621743127677334e-9,-4.192962012962637e-9,-3.4811382092702504e-9,-3.657921171965605e-9,1.710672233909319e-9,6.954408667920641e-10,-3.011841412370584e-9,8.43074618902448e-12,-4.2075120539634106e-9,-4.385093886404325e-9,-4.5628345576934905e-9,-3.578412976365342e-10,-7.02586647761631e-10,9.770447125858037e-10,-1.0057782972868733e-9,-7.950032511616806e-10,2.794976290659032e-9,3.3456987357124693e-9,9.724580457073143e-10,6.272264279092935e-10,5.19006130874673e-9,4.438235435894353e-10,-4.1033118601253144e-10,4.497160192602651e-9,3.6440608307729565e-9,2.281287056507191e-9,3.123539120711138e-9,3.4571854313468546e-9,5.410602953051736e-11,-3.3520433582145327e-9,-4.721049069781487e-9,3.7231564378180703e-10,1.2159880065280127e-9,-1.1743011792202177e-9,-1.6931699838434626e-9,2.388362977276453e-9,3.916393544477958e-9,5.498007878787624e-10,4.723740511249268e-10,-1.5331382409898047e-9,-2.344946751702042e-9,-1.7905610796015203e-9,-2.9953682260575157e-9,-2.833097671273906e-9,-2.4995806292626672e-9,-3.192821564765654e-9,-3.715438072134661e-9,-4.692143385646236e-10,-4.768358297792397e-10,-8.274412493112058e-10,1.0519996417725266e-9,-1.5296104630981062e-9,-2.9115130264243402e-9,-1.7176565604048106e-9,7.309794608510598e-10,4.7294736682921986e-9,2.4877219520211037e-9,-4.445388544712886e-10,-2.862898312845006e-9,4.015271694960109e-10,5.666135956552105e-10,1.0767117473902766e-9,-1.3453803974448973e-9,-6.876280701724544e-9,-1.3615382377275275e-9,-3.097093762369225e-9,-3.2788094233228437e-9,1.0856749581137116e-9,-1.170101009445373e-9,-3.081821443887565e-9,-3.783294578012901e-9,-5.6979743846099615e-9,-2.5886352723550065e-9,-3.637614932371451e-9,-8.713888080787389e-10,3.112181405853308e-9,6.75400864534643e-10,-3.5006492935369435e-9,-3.857339293617976e-9,-2.475732635805798e-9,-3.701993080101862e-9,-3.885247140238685e-9,-4.939188643512137e-9,-3.381343057800386e-9,-2.3448503768642376e-9,-2.7021609373726963e-9,-3.583080429555888e-9,-1.1491863911418125e-9,3.782519707782324e-9,5.348742104743966e-9,2.599052793192121e-9,-1.952895971754247e-9,-3.3606571182010793e-9,-2.1448289315364073e-9,-5.249852591237221e-11,2.567244865349781e-9,1.6846789596228982e-9,-6.012591759481964e-10,-4.3371907295067936e-10,-1.8453624509420947e-9,-3.96057720909106e-9,-3.970014691869643e-9,-4.1551886945787455e-9,-1.5275800410853486e-9,3.2131835622176096e-9,9.19417775791056e-10,-2.7849411516154325e-9,-8.0454741496019e-10,2.0069943107092928e-9,1.3469338435523792e-9,-2.0840611720094947e-9,-8.573845060446699e-10,-5.123141031983688e-10,-3.435541002394349e-10,-3.51352588725044e-10,5.248402516726545e-10,-2.843329811540066e-9,-6.339601827830976e-9,-2.9342496980600143e-9,-5.884888416001313e-10,1.0506166181761572e-9,-1.3866105976644181e-9,-6.85399928590379e-10,4.09818830428174e-9,2.494499968308232e-9,-4.2731856814589737e-10,-1.397005583681714e-9,-5.895982794328738e-10,-1.4346908359341105e-9,-1.9246439203438377e-9,-1.3990894760976255e-9,2.5115691574783054e-9,4.821934178650116e-9,1.4286993747144528e-9,6.0598128661566415e-9,1.8240474113637046e-9,5.672794766254828e-10,5.598278199756853e-10,-2.128562290087311e-9,1.8727611679904342e-10,2.5053138004251926e-9,2.1408017067997626e-9,-3.7225356981982382e-9,-5.291760551812143e-9,-6.418122958659364e-10,4.191886612282622e-9,2.571442350078849e-9,6.432354245750814e-10,-1.054432265608495e-9,-2.9333853917222743e-9,4.727348577056755e-10,1.1845395386453103e-9,2.616718863531308e-9,1.7101411170837339e-9,-2.7787759403185144e-10,-4.659794231616687e-10,-2.6372098001758505e-9,2.5840091830921344e-9,4.307514073560253e-9,1.7743955100747005e-9,-5.805380166709466e-10,-2.342503529013427e-9,-7.988415929193751e-10,-2.0199821236510927e-9,8.665984598131623e-10,2.488619502099543e-9,4.895057207202098e-10,2.8910723859960593e-9,2.5753145935476257e-9,4.073216272485664e-9,7.469289583900294e-11,4.1148299070063955e-9,3.435735701260204e-9,2.3390601439797737e-9,1.0594919347302703e-9,1.5979068743150187e-9,-5.397936550925816e-10,-4.371976988142759e-9,-3.1066642386170628e-9,-2.386948995524509e-9,-5.8072522472679925e-9,-3.4460934901966536e-9,-1.0826467885930135e-9,5.483520242631803e-9,6.209146620882741e-9,5.107431424704741e-9,-1.4821527731024573e-9,-4.418494956866963e-9,-2.0486302383815496e-9,-7.754216274098657e-10,-2.616209799896723e-9,-2.8087447181040564e-9,-5.019170352599943e-9,-1.9097588522058432e-9,-3.0202627141921654e-9,-3.5267552795620426e-9,2.712287661606312e-9,1.2887225957081245e-9,-3.1337576148026367e-9,-1.4867495869944768e-9,1.6350266745279126e-9,-1.6883629706820695e-9,-5.383654390266662e-9,3.2732540968770103e-9,5.111938067690382e-9,-4.3141205393962163e-10,1.0378857670009237e-9,-1.6325964706105798e-9,-1.641387157471095e-9,7.542724883032117e-10,-1.1038467594948874e-9,1.6647118087464309e-9,2.0279872935001443e-9,2.0209755689268975e-9,2.1433355138329716e-10,2.8034889639468726e-9,1.8688680510333866e-9,-7.378628942680052e-10,-3.532943783186556e-9,-4.472073968663297e-9,-5.4121312323091805e-9,-4.492572632682674e-9,-1.1522027553138873e-9,1.4284743759374072e-10,-1.5421090360969642e-9,1.058988539523573e-9,-3.6114220688664576e-9,-2.315024188262869e-9,4.638542678719569e-9,1.8308839592579254e-9,1.4175005386065447e-10,-5.59200051633489e-10,-2.4382687016123736e-9,-9.502604064949588e-10,-9.037721251676972e-10,-1.6066363642277773e-9,6.888863876419531e-10,1.0561967463117314e-9,8.609841714261672e-10,3.4814232813098313e-9,2.9115917402500457e-9,3.3359891076857184e-9,3.1967977143619284e-9,3.0574673381190727e-9,2.785134275198204e-9,-1.120260468611007e-9,-2.447622793699857e-9
8.383981963735237e-8,2.7483343404878862e-8,7.882984724971815e-9,1.3939351160435513e-9,4.409258903752487e-9,4.104865547066605e-9,2.2895615952049537e-9,-2.8283490648858547e-10,-7.406654612666477e-10,-4.4262068175419836e-10,-3.019213718299691e-9,-3.32732536858226e-9,-2.2728060740946406e-9,-1.214861356993082e-10,4.805127269804801e-10,4.115271538567704e-9,1.3826149393148011e-9,4.685879703427417e-10,3.8041412638586345e-9,6.124803230625742e-10,3.403248363444439e-10,2.008074957341785e-9,1.7362630072100254e-9,2.3768522353957706e-9,2.3736319671935074e-9,2.3924015424263536e-10,-3.739982819787454e-10,-1.597130520033579e-9,5.317917153596196e-10,-9.969094915375642e-10,-2.0692450025309846e-9,-2.5320640193811607e-9,2.5004339886967372e-9,9.700521322029153e-10,9.662483267804003e-10,1.1152853392704638e-9,-8.762397662148308e-10,1.4137224264006704e-9,-4.262691248030615e-10,-2.880125315650635e-9,-3.1918126364435404e-9,-2.584452389952678e-9,-1.0569228745090803e-9,3.7279661665986656e-9,-1.098301950765144e-10,1.113640975442599e-9,-4.254131537274263e-10,9.885203810798633e-10,-2.085150632901857e-10,2.2466480655877365e-9,6.087832557791064e-9,3.163085046443504e-9,3.621865079139109e-9,3.1572107912267404e-9,2.2767797149792363e-10,-6.649074291050253e-10,1.4887865107407633e-9,1.2128678448082488e-9,5.220496202483551e-9,2.2858079633824664e-9,3.51778229198205e-9,2.8970880119190193e-9,3.821250519835626e-9,2.2725713144850378e-9,2.5785823089600546e-9,3.0395716384473174e-9,8.69500234428257e-10,1.6398744155863163e-9,1.9461285626432924e-9,1.4777267613114651e-9,-3.8646879207483e-10,-1.6317625323875996e-9,-2.2573897539272576e-9,-1.2947748742463158e-9,-9.889729631364547e-10,-4.411679821737204e-9,-5.194915397212879e-9,-1.4694922776631958e-9,-2.096602361743866e-9,-2.568608768171744e-9,-1.6398308766345622e-9,-1.1410283960364825e-9,-1.1457807801143715e-9,-5.938212505685718e-11,-5.315221456386726e-10,-1.1600615466786187e-9,1.1762653210226826e-9,1.0163257459092778e-9,5.438487219232232e-10,-1.6113304252552518e-9,-1.2669854139470782e-9,-2.8357772194151522e-9,-6.507867214116137e-10,1.379492416903866e-9,-6.599313789557178e-10,-6.645094112563396e-10,-2.8632023723342836e-9,-3.809425751971847e-9,-3.815320698706264e-9,-1.4674498950918392e-9,-5.304733715945629e-10,4.072842911469857e-10,1.8171671359661995e-9,8.462832470689904e-11,-2.341471575595224e-10,-1.497055789536647e-9,-1.9741351393235344e-9,-2.887036567482705e-9,-2.049837711591596e-11,-9.702817636795565e-10,-1.6055794260768516e-9,3.4448595552478362e-12,3.60938566266688e-11,-2.469065595975861e-10,6.44611288631572e-11,-1.203617514867979e-9,1.6362021889739596e-9,2.2649587399377085e-9,-5.854901707854771e-10,-2.736108255289447e-10,1.96833218238667e-10,1.7762568561406802e-9,2.723265839801081e-9,6.595258821169465e-10,3.383090647966912e-10,4.927294001761989e-10,6.47279828508713e-10,9.607300986541251e-10,-6.315935707640875e-10,-1.430742853219699e-9,-3.0254193160094424e-9,-4.780479728436595e-9,-5.385994515025662e-9,-4.119266353088816e-9,-1.5775528798897e-9,-1.2639830454934794e-9,-2.8626363690991864e-9,3.909183722999497e-11,1.9862231400114744e-9,1.7009322191120158e-9,7.394022840790648e-10,4.533409508445944e-10,2.563730522536294e-9,3.237284610670112e-9,1.8325128071338781e-9,2.6663115297586015e-9,2.18289411426551e-9,-1.3056650309018017e-9,-5.096849214239275e-10,-1.9379358739355474e-10,-1.9828040862399635e-10,1.8823217166371063e-9,5.950347895880056e-10,-4.2249745476414714e-9,-3.588799916691001e-9,-7.027679373489907e-10,7.391215718863226e-10,2.526120601369691e-10,-1.8430243758983945e-9,-2.331052539920735e-9,9.214413844023764e-10,2.2437866565935257e-9,-8.214617185951763e-10,3.0429258177114224e-9,1.2656699222033692e-9,-1.3198753226056967e-9,-1.3248753704320734e-9,1.4154798341706635e-9,1.191605603311536e-10,-3.7011946842906534e-10,-1.344918480602935e-9,-8.64632728558554e-10,-3.839343598885399e-10,-1.6838122974852461e-9,4.167246158204169e-10,1.2226891780306762e-9,2.067347598061928e-9,9.284735321710686e-10,1.0866726971122746e-9,9.203548223288296e-10,1.0430697736798149e-10,-2.3371114296214056e-9,-7.172171716745763e-10,6.169765845184078e-10,6.50905486388639e-10,6.46715710657356e-10,1.1309754992065239e-9,6.828073887008723e-9,4.05625469737654e-9,2.0971821457570497e-9,-9.670536591136214e-10,-2.9299986461851394e-9,-2.6092706511329556e-9,-1.7983293369275469e-9,-4.5824008240300684e-10,2.1523261231765653e-9,2.6776713304537618e-9,9.51600196548043e-11,-8.529302594181895e-10,-8.194189904535771e-10,3.762370840041591e-9,5.726065846444846e-9,4.122970192980426e-9,1.534342308823887e-9,-1.10439107399921e-10,1.0341625880016551e-9,4.643320761116143e-9,4.147905328565129e-9,4.145199250477904e-9,5.332204543256533e-9,2.862151535290143e-9,2.568269518755181e-9,5.888531498867082e-10,4.198450139357654e-10,-7.381829640381043e-10,-3.710949899287867e-9,-5.036756806611421e-9,-3.7232680650377046e-9,-2.7001302759604063e-9,1.2583068146974409e-9,1.9153019750362268e-9,3.399464800643956e-9,2.7348503728277485e-9,9.114081912943744e-10,2.4511657302783823e-10,5.705768117875908e-9,2.8871365118076105e-9,-1.7184229993115807e-9,-7.2876952955403e-10,5.935566634402125e-10,2.2489952352524464e-9,9.170503118533926e-10,2.5740913399232545e-9,3.0692411089273e-9,7.382948918434919e-10,1.0667313183859251e-9,5.633902511235829e-10,1.3915008444838254e-9,2.8865862902971405e-9,5.504046084172081e-10,-1.4544283636540373e-9,-9.59308396133765e-10,-1.1311727754365191e-9,2.2023332352988114e-9,2.3657252214232297e-9,2.735502841334145e-9,-1.0945658079340603e-10,-3.1241675087395714e-9,-1.1225474903682765e-9,3.7872715649737226e-10,7.864744084072451e-11,1.9168381356191917e-9,-4.3328487634025896e-10,-7.734290546719433e-10,1.6093991126515785e-9,-2.0865767270060137e-9,1.7695054180805415e-9,2.6055376909032357e-9,2.9381762943455715e-9,1.589897021639734e-9,9.132000420216683e-10,1.0772568475167305e-9,-1.1153954708065083e-9,-1.0998835823708937e-10,2.223283782873686e-10,2.1779687585960397e-10,1.2251509059242915e-9,-8.036210468673545e-10,-1.444249252943318e-9,-3.9670131323612906e-10,-7.394221137510284e-10,-9.134238554214952e-10,-7.493769238209137e-10,-1.4310745027565236e-9,-1.097858358675738e-9,7.596312443610798e-10,2.4709919563983494e-10,-2.8081356963468483e-9,-2.474939442732722e-9,-1.8021723471384707e-9,3.9860715750079754e-10,-6.246073408044551e-10,-1.6487444851857031e-9,-1.6143224663937114e-9,-2.1297760900699706e-9,-3.836359498669751e-9,1.4325566444765174e-9,4.0703517034523113e-10,-9.600647352865182e-10,-7.947775698744143e-10,-1.3112597803587544e-9,5.595871935368649e-10,-2.1749935262808537e-9,5.507148336722673e-10,1.571005777064033e-9,2.000937495580471e-10,-2.5396130212230344e-9,-8.352497037790843e-10,-1.8669240128620134e-9,-1.1877673864446736e-9,-2.9055584052377858e-9,-6.84263673886651e-10,8.534103542803781e-10,8.490877207119573e-10,-7.904742981111962e-10,-1.4821287881631252e-9,4.014309640372016e-10,-1.8365223940525542e-9,-4.670447337307735e-10,2.623264142006656e-9,-1.165070056624631e-9,-8.261001428876926e-10,-6.590142711699959e-10,-1.5254113307962767e-9,-2.9096553553883205e-9,-2.9157239556901092e-9,-4.301872193045049e-9,-2.410112984193717e-9,-1.034621948064031e-9,1.0331166245784553e-9,1.647137628781066e-10,3.485765311961921e-9,3.350176653419038e-9,8.885007659778285e-9,5.940895052858685e-9,5.419198495365507e-9,2.4707832047392153e-9,9.067144210352122e-10,5.554418752644513e-10,-3.167810235178771e-10,-1.016185591439216e-9,-1.3688305289340895e-9,-2.5907127398155807e-9,-3.292134910607445e-9,-1.6746193897158397e-10,-2.086575176691186e-9,1.563853606854881e-9,5.146868360319507e-10,-1.8692114016124428e-10,-1.894383795713165e-9,-3.2545753761631635e-9,-1.474904221728158e-9,-1.1312085280280537e-9,-4.378569052976195e-10,2.178383940376057e-9,1.5162492995526338e-9,2.0368837862248393e-9,2.383008772296828e-9,-1.8224803531227193e-9,-9.52360221941902e-10,-1.9679654976011804e-9,8.31404152675819e-10,3.808780768998708e-9,2.5773587746374652e-9,9.93661248347363e-10,-1.1184502948884534e-9,-1.4752549283447226e-9,-3.063060577024767e-9,-7.827292922117176e-10,-1.1398770797536445e-9,-1.1452462916153334e-9,-2.559728420048826e-9,-9.79778911552741e-10,-8.087774101256412e-10,3.325065040883446e-10,7.689855811907895e-10,-1.1826014024788183e-10,1.2899036167512993e-9,2.2535311239852762e-10,9.278007951156052e-10,4.991680002203262e-9,5.697026333231809e-9,5.340741719744092e-9,2.8585355009848364e-9,2.5005805864345083e-9,1.964989844310282e-9,2.847954002675308e-9,1.0697606348203232e-9,-1.5978566282102278e-9,1.2386428943333052e-9,2.478364579686408e-9,-2.6815780163130108e-9,-2.5098460005221713e-9,9.072049043856927e-10,5.421267670330677e-11,-1.7320276359595163e-9,7.573578270377235e-10,2.1790039695093455e-10,1.99700546406643e-9,-3.2712345104083564e-10,-5.107431588705818e-10,-5.158929831773672e-10,1.9386734214259669e-10,1.261928554117359e-9,7.209176428891586e-10,-1.610442085192577e-9,1.6071070352393302e-9,7.071810970101081e-10,-1.627512511057387e-9,-9.159165347382915e-10,1.0522245645860148e-9,3.0222409770112636e-9,2.480006150212631e-9,7.217038748872066e-10,1.118748012078434e-9,1.5161711890187988e-9,2.2316472300631185e-9,6.076813423597202e-10,4.6514301431183686e-10,-2.9208047371860214e-9,-3.6114699167116366e-10,-1.2680462267708225e-9,-2.717136299881165e-9,-3.806560696238005e-9,-1.4653688880163962e-9,1.058769014872984e-9,-2.1998564626065733e-9,-2.02500762391305e-9,-5.107283823692234e-9,-1.8558534980554727e-9,-1.137182918603814e-9,-5.5377279657240304e-11,-1.5108572621920318e-9,4.787919279155503e-10,1.5629392777308112e-9,4.8269858949609e-9,3.734370372780549e-9,-8.124803074260101e-10,-4.8182175851535154e-9,-2.8244010677558593e-9,2.9935470110474906e-9,3.900480036438584e-9,1.7111316604940022e-9,-1.3917047733020738e-9,-6.67939548721063e-10,-1.2592381242876105e-10,2.424544682047798e-9,-1.3608005102932388e-10,4.974880157058828e-9,4.241053737258285e-9,2.9578349271003165e-9,-3.0841659401345883e-9,-3.456835935166252e-9,-1.2656275671809282e-9,2.4366590125316066e-9,7.827633477233726e-10,-8.29747309722786e-10,1.9605770786450696e-9,3.4706875668438396e-10,-2.7806382016579585e-9,-2.4194725562798664e-9,-2.2418295524219623e-9,-2.2479780220783895e-9,1.7950736186222071e-9,1.7908922096849949e-9,3.1282808537279287e-10,-4.484531614294637e-9,-1.5411499146722693e-9,-1.1779623234322643e-9,-3.0295695925561473e-9,-1.5586372473468513e-9,-2.6298278406244727e-9,-1.8100604098986716e-9,2.1114501442554373e-9,2.107403589166991e-9,-8.588894884558268e-10,1.5870231858851633e-9,2.1821191301199192e-9,5.528388473384571e-10,-2.3765793610577793e-9,-1.5534565668218992e-9,-2.302073909321971e-9,-3.4229879393052414e-9,-2.686299399187703e-9,-3.808509605651611e-9,-1.2107395380929667e-9,-3.822500461293778e-9,-4.388221374819126e-9,-6.4451456671527796e-9,-3.843538665299797e-9,-4.223595211092017e-9,-8.71881394221012e-10,-2.7444405395890943e-9,-9.822330383756565e-10,-1.274012663361241e-9,-3.666665051186011e-9,-4.047766018855523e-9,-1.4346288452871131e-9,1.9301321699358192e-9,6.584120933364484e-10,2.3845129819583097e-9,-1.7012899297943603e-9,-5.815141248348627e-10,-7.746840173083841e-10,-4.045965162069217e-10,2.032873845952975e-9,1.4647111544586511e-9,-1.3611944279834724e-9,-1.3670442934839366e-9,6.982456519543683e-10,-2.484809027853112e-10
5.896565755209019e-8,2.137189437648251e-8,4.184785641978248e-9,-6.43506860528263e-10,-7.963545105811679e-10,-1.9429417525249685e-10,-9.513508781028915e-10,-6.51124206323301e-10,7.076586531376259e-10,4.0379803780885465e-10,2.218023933116836e-9,1.9145259710822774e-9,3.9933637478416963e-10,-3.596124737718125e-10,8.510143056906125e-10,-3.632049215625662e-10,-1.7300765893229518e-9,-5.185390502056978e-10,6.939747480083117e-10,9.96316714301216e-10,2.514258065294132e-9,1.9056938696899482e-9,8.030202335346305e-11,-1.1381499314331909e-9,3.8138160484179033e-10,2.2065937514615465e-9,1.2920995102540303e-9,1.7480108595869233e-9,2.2294685040363872e-10,6.890343445010124e-11,-5.428682236606758e-10,3.708273901355244e-10,6.399853112126068e-11,-9.03590810151455e-11,-2.4484188180694054e-10,5.90816888797951e-11,-2.6948667486184107e-9,-1.7798190539623416e-9,-8.640280224300314e-10,8.17968901377895e-10,9.69787677296797e-10,2.0242885864851174e-10,6.606791012233112e-10,3.525945377980169e-10,-2.6254890863120933e-10,4.260542730194435e-11,-1.1872817726176113e-9,3.9294054714179245e-11,-2.469927920862872e-10,-1.8070212281465496e-10,1.4780626515659394e-10,7.842678847762065e-10,1.3985330641227132e-9,1.420153145113974e-9,5.176039283003653e-10,-2.257557800843258e-9,-1.0269030428986708e-9,-2.262765792416816e-9,-2.5739399190464448e-9,2.0156441686220454e-10,-7.264945102206151e-10,-1.6553144532338485e-9,-1.3257939699692344e-9,-1.01882201688975e-9,-9.294413648347284e-11,1.143148201126748e-9,-4.0597385859373813e-10,8.310059245376842e-10,1.1394958297799626e-9,-1.0157627972233608e-10,-8.042227608376445e-11,2.509675264589968e-10,5.597267567518438e-10,-3.7315565764541207e-10,-6.856031461428508e-10,-6.875782418345603e-10,-6.895549671431755e-10,-2.557452715413458e-9,-2.56020311038524e-9,-1.0067384137152757e-9,-1.3202223764635796e-9,-1.6339655239681992e-9,-3.8982002326782586e-10,-7.03437843483144e-10,-3.935400761896004e-10,2.2863108367764575e-10,2.2702570968321426e-10,-7.114070797031558e-10,-2.587832492709551e-9,-2.9031424404200002e-9,-2.5933858839119916e-9,-1.0321966569031007e-9,-1.9731009522335883e-9,-2.9147870542075496e-9,-2.2682234992910687e-9,-1.3078081461871487e-9,-9.734826701030257e-10,5.922787743739683e-10,-3.659408998643635e-11,-6.659907967994211e-10,-1.6098788540060017e-9,1.2146189138213929e-9,5.849565785193962e-10,-1.3026703436805133e-9,-1.9106994589910784e-9,-1.2839661847962699e-9,-1.28621679886936e-9,-3.4381348842738253e-10,-3.4567294385991996e-10,-3.475339546713541e-10,-9.799575667729165e-10,1.2258018184272942e-9,2.779628131172043e-10,-3.5499359080191366e-10,-2.251716844231332e-9,-1.6224987417946973e-9,-4.4530732144281866e-11,-1.3110982205043395e-9,-6.573469182529896e-10,-2.6402128569085073e-11,-6.613480533995816e-10,-6.399758562293215e-10,1.2592582503404854e-9,-9.375772857742214e-10,3.5120344877498754e-11,1.008637089323389e-9,2.9117656985771373e-9,1.6411066053065223e-9,-2.659699471750509e-10,-1.2212341042590452e-9,-2.4952455085350885e-9,-1.5438051990466847e-9,-1.2279806051169462e-9,-2.752009861556408e-10,3.599053917689011e-10,1.9749024100216205e-9,3.6147893618886553e-9,4.257526755351295e-10,4.2419541421817447e-10,-5.34822438846105e-10,-1.8139413441294912e-9,-6.984671512054533e-10,-3.80944684507637e-10,-5.426948636998866e-10,1.374315317291381e-9,2.333054873131617e-9,2.6524047025699504e-9,-5.505940541290172e-10,-1.5136960696703236e-9,-2.1571067864026786e-9,-1.1978300919771018e-9,4.038303608353537e-10,-1.3628061957939303e-9,-1.2046070421238988e-9,7.790496945976344e-11,7.188494454192658e-10,7.411295881525469e-10,7.634287493602428e-10,1.1851778854953954e-10,-6.878840076679118e-10,-6.899318230157194e-10,-2.3027561810250786e-9,-1.1774718327483235e-9,1.0999086061269164e-10,1.7211245184075696e-9,1.7201040133164003e-9,-2.1798792544894799e-10,1.0314300284049952e-10,-5.448165837655126e-10,4.2297085600397963e-10,7.447903471974274e-10,-5.508047595791563e-10,7.419044248958312e-10,9.023677357183398e-10,7.390135397011893e-10,-2.131450718401712e-9,-1.7859710273802076e-9,-1.440193893663039e-9,1.7998614072741347e-10,1.3145822409396373e-9,3.3900001496636997e-10,8.247764994015306e-10,8.233618197609393e-10,1.95519036799978e-10,-7.822313204807699e-10,-2.086321180243351e-9,2.7955355128755285e-9,2.4691935691123374e-9,5.129835796995175e-10,1.8156624069591981e-9,1.1622731270626184e-9,1.8197729623893987e-10,1.6494469614377828e-9,-4.746698421580437e-10,-8.03420545228e-10,-1.4593634170341908e-9,-1.4617780729905044e-9,-1.5543156489475245e-10,2.1340487553680904e-9,1.1507670092822443e-9,1.8047181650060737e-9,4.926776796364292e-10,-1.1484074221394955e-9,3.25510558949056e-10,1.5977069957945088e-10,5.106142827393975e-10,1.8057337726671607e-10,-4.783731232089922e-10,-1.51611312344486e-10,1.1621495671426449e-9,1.7372022350431294e-10,-8.155727543355924e-10,-2.464402218634176e-9,-2.1377944174072265e-9,-1.8109008700724645e-9,-1.78915255311343e-9,1.1774809281995766e-9,1.8602763622815633e-10,1.920984480152598e-11,1.6691517315148275e-9,1.5028381017165567e-9,-1.514854627674445e-10,-1.4764798786992564e-9,-1.4545082821938647e-9,-1.78802276361714e-9,-7.969593280466094e-10,-1.363876781664567e-10,-1.1378784647119361e-10,-4.47299395451653e-10,5.461000053810249e-10,-1.1936202059373056e-10,8.750575372140618e-10,2.0915372705940504e-10,-4.5733755888720647e-10,-7.918838029278708e-10,-7.958154005452415e-11,9.416143814004526e-10,2.605087579866959e-9,9.388182810248338e-10,-7.289249402400043e-10,-7.064572941421022e-10,-7.08586759038244e-10,-4.3295215904245436e-11,2.9596009864244684e-9,2.870353910490348e-10,-1.051278914334051e-9,-1.0535660850619066e-9,-7.21403245497038e-10,-5.434485832560889e-11,-1.729938188587329e-9,-7.278371216993488e-10,9.452488705757183e-10,-7.321359126494838e-10,-1.404978384781528e-9,-1.382671694337757e-9,2.931036116996194e-10,-3.8018150209552243e-10,-1.7259532254713592e-9,-2.3285032094640266e-11,-3.120200065798586e-13,1.0070348668980865e-9,-3.978224496340472e-12,-1.0158948128446096e-9,-7.650984559550143e-12,-9.489828428413633e-12,-1.3599127742263377e-9,-1.6996551037748524e-9,-1.3648065643566202e-9,-1.1984573648517762e-9,-8.630839958424362e-10,4.86294794391393e-10,1.160778054126671e-9,6.521497340420605e-10,-1.717897408700778e-9,-2.3975302911701507e-9,-3.0777740796012714e-9,-2.7421901454533154e-9,-1.0504420376697008e-9,-3.7452554391726654e-10,-1.7085870074679707e-9,3.253364584201879e-10,1.68193993867063e-9,4.398685437444146e-9,1.339872020102306e-9,1.3386246681681266e-9,-3.3846689294466167e-10,-1.021160373460058e-9,-6.829790434775872e-10,-6.600030823211637e-10,-1.0029630346139693e-9,-3.2335492234205817e-10,1.0390961556547749e-9,-6.68633529764184e-10,-6.707960297352127e-10,-6.729604902682863e-10,-5.042605993980358e-10,-1.702958344799014e-9,-1.705594278639687e-9,2.758418667126974e-12,1.0532218017351958e-9,-3.1820209473210135e-10,3.6511699988401186e-10,3.105983557363885e-9,3.1055292922984083e-9,1.3894087493710938e-9,1.4135067966926937e-9,3.819426035740457e-10,7.238479324515011e-10,3.12862118826465e-9,1.0646786652599296e-9,-6.062902593245724e-10,7.684797251240394e-10,2.3167002414438606e-9,1.7990651362947782e-9,1.108605011028707e-9,-6.170689645089218e-10,-6.192306279112757e-10,-2.7621770395491646e-10,-2.7822513824004254e-10,4.107517833635028e-10,-1.6648518576036697e-9,-6.30068706236542e-10,2.326801671402564e-10,2.3090188338319342e-10,1.0948393911057522e-9,5.737865930315515e-10,7.783393453028395e-11,1.1162762597125581e-9,7.679759948978847e-10,-6.218986334001077e-10,7.041242306170453e-11,-6.262563120904308e-10,1.1093857439225644e-9,1.8034541688877036e-9,3.5418205991357227e-9,1.4532825536426618e-9,1.9743684824520954e-9,1.1024633718414127e-9,2.4951924419566863e-9,1.099685453716109e-9,-2.971136706246817e-10,-9.971794476690446e-10,-1.523306349731283e-9,-8.272407100438059e-10,1.092718110366074e-9,1.6158129528256574e-9,9.150102202280612e-10,2.135564864854925e-10,7.369720180267106e-10,7.354066847453418e-10,3.289064182286972e-11,1.108786425143457e-9,8.08782542654187e-11,-1.6758173038652887e-9,-6.251269397540753e-10,4.783937268203768e-10,-1.7433336608347485e-10,-1.2052385787933817e-9,1.9941713905844062e-10,9.014892120591909e-10,5.47880351206353e-10,4.297122143433887e-9,4.147001798952833e-9,2.736595251348299e-9,2.030411588559594e-9,9.706294176413918e-10,-7.963507192579263e-10,-1.858451843129587e-9,-8.009476748165359e-10,-4.4964992918074377e-10,-9.802232650680851e-11,4.3090141471605653e-10,-1.0197159928196171e-10,2.5031541154331295e-10,-1.1692215022000164e-9,-1.8808987353624973e-9,-1.5289516803298511e-9,-4.668092465068549e-10,-8.240624325029315e-10,-1.1816524909044948e-9,-1.0064286383722917e-9,-1.1983558208027472e-10,2.012788990958912e-9,9.439875939310983e-10,9.424942024791345e-10,-8.403728175484142e-10,-1.0352025020417723e-10,1.6775468172345637e-9,1.3196174116380113e-9,6.043993720565868e-10,-4.686152948281785e-10,-1.185359493151031e-9,-1.1878686788243928e-9,-4.751259059355402e-10,-1.5242857650890135e-9,-2.2164754922650304e-9,-1.655843362547588e-9,-7.628137517256146e-10,-1.1236069321199437e-9,-1.1260950857793239e-9,-1.128585609108876e-9,-1.4900687139427395e-9,-5.6089820947743095e-11,3.277776863633982e-10,-2.1640207630204763e-9,-1.780792967369226e-9,-7.040610926227627e-10,-3.46338979611717e-10,-7.08657713080548e-10,-7.10959320741623e-10,-1.073799230195167e-9,-1.0762778338985715e-9,-1.0787588117434603e-9,-3.591334488570876e-10,-1.806182790889089e-9,-1.447616718546743e-9,-2.1734288661890963e-9,-1.8146948216579012e-9,-2.5413805055146406e-9,-1.0961924201172516e-9,3.503852692083538e-10,-3.495592736829817e-10,-1.4127956051290942e-9,2.7066363051513217e-10,1.1412039592295703e-10,-1.7035143612649612e-9,-6.163620833839414e-10,1.0834632427269863e-10,8.337542574193251e-10,1.5598627293715216e-9,4.665750560529017e-10,-1.7203558835487013e-9,-2.0875438948256507e-9,-1.334539948870873e-9,-2.4299938801044985e-10,8.49598354991193e-10,8.480216081156033e-10,1.5769527340311028e-9,4.794316895282449e-10,-1.3503726820735146e-9,-9.872338126838912e-10,-9.897064876323723e-10,-9.921815655691518e-10,-8.114989995538303e-10,1.0235587200340525e-10,8.337618316275123e-10,-2.6839570715892126e-10,-2.705254682955251e-10,-1.3742953864082433e-9,-2.7479122097667706e-10,3.0312113315359584e-9,8.868503928517042e-11,8.6724434369661e-11,-2.8334773319399403e-10,-6.537816526320851e-10,-1.7615171676206401e-9,7.886283070653293e-11,7.689261970526413e-11,-2.6685750262076045e-10,-2.6899903197345915e-10,9.823010753278283e-11,9.626552989731248e-11,4.6403427825576e-10,1.202080878861463e-9,9.036021794786579e-11,-1.7630136795178903e-9,-2.1363605158584524e-9,-1.5834631686502858e-9,-1.0026545991379313e-9,-6.341593805137423e-10,1.9618529196978433e-9,1.960797152824239e-9,1.5881819386801373e-9,8.434573619512916e-10,1.2137732064658846e-9,1.2123459320462624e-9,4.66331824815046e-10,2.782952969618599e-10,-2.3322234178381713e-9,-1.7761400709938487e-9,-1.4060211088385628e-9,-1.4087501950272836e-9,-1.383925093478034e-9,-6.119058693382876e-10,-1.3617852368171858e-9,5.052799981761206e-10,-2.1717770288751824e-10,-5.660260983730251e-10,-1.9383404194841452e-10,-1.959712065173993e-10,-9.478820872012696e-10,-1.2977887693797996e-9,-1.6757380921918301e-9,-3.1526946059409013e-9,-2.405045455118541e-9,-9.050091754365948e-10,-9.075086829623659e-10,2.1857710335993841e-10,-5.361313491199583e-10,-9.15022195090108e-10,-9.175317081407603e-10
4.302854938272035e-8,1.3193302784077208e-8,4.147984282487853e-9,2.0361378098163497e-9,8.282727672919079e-10,2.0355371236301026e-9,2.03523641925819e-9,5.236630157031804e-10,-3.8437196559869875e-10,-3.8564449301451893e-10,5.209379183399925e-10,1.4282488008968033e-9,-6.923301290641799e-10,-1.2812745101690181e-9,-9.798048081603646e-10,-7.163738604478128e-11,-9.828364495736746e-10,5.330048341063627e-10,2.285032480773685e-10,8.349054667322865e-10,-7.739773123275741e-11,-7.855258865851122e-11,-3.837924974344573e-10,1.1544582068611534e-9,5.451399796066504e-10,1.457592904352203e-9,-9.795499740513117e-10,-1.2857713615693716e-9,-3.729517509690669e-10,8.455522330639428e-10,5.39697824511339e-10,5.387882271023632e-10,2.3256166586605122e-10,-3.793531404667846e-10,8.416188559468451e-10,1.1465180740237717e-9,1.1458529052928012e-9,5.333151318523727e-10,2.26340060273888e-10,-8.088448312223039e-11,1.143186822493017e-9,1.4489526380791003e-9,1.7549672460294091e-9,-8.555095167790758e-11,-7.003359434697169e-10,-1.0086888059143345e-9,5.250553077862957e-10,-1.3189655335120252e-9,2.1590305469914905e-10,-7.074469793135926e-10,-1.323991402116961e-9,-6.915922787839021e-10,-3.852020167639264e-10,-6.944341963204881e-10,5.551225924408649e-10,-6.78542913227186e-10,-1.296589121002155e-9,-9.898194261259008e-10,2.4290230887417716e-10,1.7853273994667078e-9,1.7849174951929854e-9,1.166614308889659e-9,5.478039009404548e-10,2.37685666448391e-10,5.647737955864717e-10,1.1827697606913501e-9,1.4916924079651347e-9,2.523271833276141e-10,-6.782215457992781e-10,-4.087427187946346e-11,-3.3327458974771565e-10,-2.43401808905765e-11,1.2158871486463112e-9,1.2152404215434961e-9,-3.38416829511867e-10,-6.315427325953369e-10,2.9962241015759293e-10,6.284910107865971e-10,6.276004233313999e-10,-6.182647908476916e-10,3.072868839812204e-12,6.249242430041205e-10,-3.108581855223029e-10,6.231364320118196e-10,6.222414165336826e-10,-6.267213339981173e-10,6.204491610153625e-10,3.0727655753542175e-10,6.186539332656044e-10,1.5553584138541158e-9,1.5548479842220208e-9,3.0316162641098945e-10,-6.366405641178567e-10,-1.264169865926309e-9,-3.26301337705453e-10,6.12347122763514e-10,2.9799870586034794e-10,-1.6611341019502256e-11,-1.2725996404748622e-9,-1.2552085743597128e-9,3.3203124999985636e-10,3.3100854780012974e-10,-2.984724281553565e-10,-6.141188252293206e-10,-1.2445197049096448e-9,3.269091986904849e-10,3.2588222098433964e-10,3.248543849600091e-10,6.388425990439085e-10,-1.5680958300419747e-9,-1.885197937652087e-9,-9.40915538812522e-10,-1.258020587764211e-9,-1.891068099065788e-9,-1.2614099544155359e-9,-1.2631067694182874e-9,-1.5808790211496067e-9,-6.34091371236007e-10,-3.191875667303503e-10,-6.369637653548134e-10,-3.2179654269162814e-10,-9.565793024358554e-10,-1.2750244330752953e-9,-8.713422615396739e-12,6.243870352180017e-10,-9.628817413911031e-10,-1.281866081365617e-9,-2.2361976037006777e-9,-6.499494813467899e-10,1.891057746379491e-9,1.890680347189226e-9,3.5000182397111912e-9,1.928618885812666e-9,9.73224624074517e-10,9.72458660759592e-10,1.6089186438021005e-9,6.521767158087344e-10,6.512739155076864e-10,1.2334408744970827e-11,-3.079932519705045e-10,-6.091796466315379e-10,3.6707330475855807e-10,6.591773866725664e-11,-2.354933688462178e-10,1.0250047815932052e-10,-2.1860501690648123e-10,2.020833825010441e-9,7.395561156496171e-10,1.0590605841102302e-9,1.0778132893281265e-9,1.397733615708186e-9,4.5429595730278536e-10,1.51894934223301e-10,1.507728213588081e-10,-1.1351250947236656e-9,-8.154663191974494e-10,-1.1384703327116301e-9,-2.1049600069551142e-9,-1.7853058678873484e-9,-4.997394473711569e-10,1.6246982826876115e-10,8.252453367224117e-10,-4.45168690396465e-10,-4.4655108770823544e-10,1.9720270088205304e-10,-1.266126047527252e-10,-1.2786029388379657e-10,1.9387442253705095e-10,-7.766028338940554e-10,8.381720013669202e-10,1.1607355746310395e-9,8.364997627875584e-10,8.356625660244215e-10,-1.3662414383978807e-10,-1.109746869791502e-9,1.1572414708619796e-9,1.8050093894100078e-9,5.070919229607495e-10,-1.4291638753280903e-10,-4.688314490345904e-10,-7.752800393780917e-10,-1.2694880988465355e-10,-7.78352320539913e-10,5.20964875824266e-10,5.199870999385152e-10,1.9351368557221443e-10,8.436644698937285e-10,-4.6028002620695215e-10,-7.87601056217466e-10,-4.630890040117473e-10,-1.4430933007319449e-9,-1.7712652516452744e-9,-1.4082960234909194e-10,-4.687215706891096e-10,-7.968979206148546e-10,-1.4463826624876756e-10,5.081875857340555e-10,-8.015645186363425e-10,8.534438317193799e-10,-4.572966463854588e-10,8.517637882450271e-10,2.8174832119712877e-9,1.1779835390948925e-9,-1.3489817636515325e-10,-1.1621627252951296e-10,2.1085071545792737e-10,8.666773292112539e-10,2.086050607595085e-10,-4.500414417833966e-10,2.0635548523227128e-10,-1.2381900641525956e-10,2.0410197859888793e-10,5.3230960783066e-10,-7.865950595690304e-10,-7.881576531327869e-10,1.9958313072382836e-10,1.984509456553236e-10,-7.928536471936886e-10,-4.642199486588261e-10,8.557415052419765e-10,5.244036982889718e-10,8.741506928533499e-10,8.733116484572349e-10,-4.5123555062153375e-10,-1.4458744223132901e-9,-1.4477343644009974e-9,-1.4495959423216521e-9,-1.1199499424266563e-9,-4.5835863463961724e-10,-1.279858494925322e-10,5.346253467123681e-10,1.1978205986213473e-9,5.528406492913627e-10,-4.4530403344811026e-10,-1.1117963957263887e-9,5.498834927643453e-10,8.8172308516564e-10,8.808818254475402e-10,-1.1932416685769297e-10,5.459284103505283e-10,5.449374522014354e-10,8.77509338503329e-10,-1.244699914707151e-10,-1.2575929754901403e-10,-7.747566845066408e-10,-1.1104909186718535e-9,2.656465665979346e-10,-1.0732800367683127e-9,-1.0749935242744994e-9,-2.0606033806645402e-9,-2.0423954046634934e-9,-1.374448314476808e-9,-7.059069653130749e-10,-3.721156672541492e-10,6.329616849712775e-10,-7.105725343008659e-10,-7.121304961375127e-10,-3.7774671405656423e-10,-4.306464135823693e-11,-7.16812724147361e-10,2.90802916942554e-10,9.627753171889848e-10,1.6353482289637054e-9,9.611457074348594e-10,6.233349759273052e-10,-5.1923661170280054e-11,2.841027623044618e-10,2.64511563362179e-9,2.3074539733509645e-9,-3.647571260160296e-11,-6.929998477547127e-10,-1.6881661972644672e-9,-6.755595174763006e-10,3.3795655313349135e-10,-6.786691790618189e-10,-6.596355250375767e-10,-9.793979052861398e-10,-3.0316038691942973e-10,-1.3219047599197633e-9,-6.452125057664353e-10,3.9214996246328344e-10,1.0908708251975219e-9,2.129951421591078e-9,9.03581750456997e-11,8.914195859617867e-11,4.2811446228118287e-10,-1.2539747761149944e-9,-5.748055820533697e-10,1.049776890373133e-10,1.0376533438413452e-10,-5.793670744640733e-10,-2.3977649654234243e-10,1.0012168154064197e-10,-1.2667868650244042e-9,-1.2686238009683126e-9,4.382007432612522e-10,1.4627987693541997e-9,1.4621983630637373e-9,1.119399206390224e-9,-9.354798394100137e-10,7.753752805845295e-10,-2.535339786875741e-10,7.7354623732099e-10,1.1156074571394025e-9,4.2858068963855615e-10,4.2750692511119206e-10,7.698781469111099e-10,-1.2717653814316724e-9,-5.860976643453791e-10,1.0019594750778955e-10,-8.914106981780885e-10,-1.904852545554856e-9,-8.528941180274476e-10,-1.199103004847799e-9,-1.8903315006820593e-9,-8.369220908536737e-10,-1.5286177460642376e-9,-1.498877055007046e-10,-1.5123297659725407e-10,-8.435656780487213e-10,-8.452303842437928e-10,5.363442214983864e-10,1.2272495224425146e-9,-5.041057747368511e-10,-8.51904509632493e-10,1.8576167163462124e-10,-1.6203969896632786e-10,1.2236640546451015e-9,-1.6475381823535627e-10,5.280562450610023e-10,-8.619618322227926e-10,-1.211048002434938e-9,-8.653266437166929e-10,-1.7156103476845336e-10,-8.686976690822017e-10,-5.223391212602551e-10,-1.7566046387460343e-10,-5.253976815454204e-10,-1.223987777091463e-9,1.6891935318119095e-10,1.677079761098842e-10,-5.315318019878037e-10,-1.8389351565706163e-10,-5.346073936699319e-10,1.841007867804831e-10,-4.951698605012012e-10,-4.754236304536354e-10,5.73020598591966e-10,5.719924976492548e-10,-1.2965994139832038e-10,9.204080534036346e-10,1.9714533101830595e-9,-4.845323384358831e-10,-4.860554060491431e-10,2.1467588278059118e-10,-1.1916889694655574e-9,-1.54499943137203e-9,-1.8986396277273814e-9,-1.9008264313944457e-9,-4.952236897480872e-10,-4.967567353167605e-10,5.585397078951089e-10,9.099398451316058e-10,9.090621876762296e-10,9.08183708444262e-10,2.0143045074846718e-10,-1.314141920337373e-10,-1.1925854300139436e-9,-1.3415050349641392e-10,5.716783330738051e-10,5.706389830765358e-10,-1.3826461011552966e-10,-8.478344660831375e-10,-4.952782276075504e-10,-1.4239032757175295e-10,5.654275599139084e-10,-8.546768922475019e-10,-8.56391527536937e-10,-1.47909430596759e-10,-1.1934920343875131e-9,-1.1737585167702887e-9,-8.720064350042612e-11,6.446134470573221e-10,-1.1360871283014224e-9,-4.257282842058924e-10,9.97851180575273e-10,6.405625854108897e-10,6.395474736069233e-10,2.817508855934298e-10,9.944638899137574e-10,-7.774102597725043e-11,-4.363866790754302e-10,-8.045756758366167e-11,-4.3944494248906636e-10,-8.317926881328669e-11,-8.004759757766272e-10,-1.5184545237160747e-9,-8.038863132021436e-10,2.6983964419664973e-10,2.6864228380491634e-10,-8.090139991170455e-10,-1.8876971103218367e-9,-8.124406033365897e-10,1.7011717945108183e-9,1.3411504349861992e-9,1.7001366422122853e-9,9.799235322568023e-10,9.790608613083785e-10,9.781973656268161e-10,9.773330440287522e-10,-1.0514040256263184e-10,-1.1886502047753998e-9,-1.551434970849526e-9,-4.703499618439913e-10,9.729990057181895e-10,-1.1207237913281246e-10,-8.366109881866348e-10,-4.546079224517607e-10,-1.9038499454455582e-9,-1.9061033542743186e-9,-1.9083589298423586e-9,-1.1857292798641725e-9,-1.55025847651378e-9,-1.5523459836412453e-9,-1.5544355018544987e-9,-1.919669418413515e-9,-1.0535067472557757e-10,-1.0674519691661498e-10,1.7101997831174793e-9,6.181492584255523e-10,-1.1093684767616792e-10,-1.1233676583705514e-10,-4.781096275991503e-10,-4.796885358985e-10,-8.459932938336478e-10,-8.477518832385046e-10,-4.844344404960249e-10,-1.2076477531752494e-10,-1.2217421207917866e-10,-8.325742702504144e-10,-8.12090787185933e-10,-4.256231300093275e-10,3.273622059065123e-10,1.4251275004964211e-9,-4.0802551700419706e-10,-1.142932774622662e-9,-4.111350781962195e-10,-1.1467597854378667e-9,-1.5158887820964867e-9,-4.1581079088087305e-10,1.0529113971706127e-9,1.0520658225342788e-9,6.832895161203872e-10,3.1415290066261043e-10,-5.5344552151358624e-11,-1.1621426846560003e-9,-7.954240882670901e-10,-5.951612099035979e-11,-7.989313536103043e-10,-8.006875638900218e-10,-1.1718182643418964e-9,-4.346512300259815e-10,-8.059665355157597e-10,-6.789612083773027e-11,-8.094944926500566e-10,2.9957988291401957e-10,-1.5539541149220672e-9,2.9713432074553427e-10,1.0375637181645006e-9,-4.4733520858713223e-10,2.934569421645708e-10,-8.218971137633864e-10,-8.236759061405814e-10,1.4049938104120802e-9,2.1481628109278994e-9,-8.290228242640446e-10,2.8606948104291897e-10,-8.325962465591246e-10,-4.617246553339871e-10,-4.633313938211443e-10,6.54150050422272e-10,1.3995237756749609e-9,1.3988369718832847e-9,2.773952269908457e-10,6.499211937223229e-10,2.7490579909981226e-10,-1.004820040575971e-10,-4.762427707551375e-10,-8.523770571014115e-10,-1.0478728873872301e-10,2.6866055524880525e-10,2.674077761189273e-10,6.414129362184431e-10,6.403446348278679e-10,-1.1199137925702526e-10,-1.2408985252915107e-9,-8.66899495761373e-10,6.360607622519424e-10,-1.246932080265275e-9,-1.6255192234127845e-9,-1.2509645061726254e-9
4.2672495900852265e-8,1.7887903268464717e-8,7.788880144432079e-9,3.868059314406593e-9,1.3026072232546134e-9,1.0001901831247225e-9,1.603930524114271e-9,1.3013917387859883e-9,1.300985926956801e-9,9.05911140250077e-11,-6.161061588192939e-11,-5.166748813415228e-10,-2.1495016356307377e-10,6.929845841700781e-10,1.298544199950096e-9,3.8845346626419193e-10,-6.734560484972026e-11,1.2973189112466447e-9,9.933157672352754e-10,3.853511343810561e-10,3.8457398773490614e-10,3.837962141048139e-10,7.893369346979204e-11,-5.303818641342297e-10,3.814591237138126e-10,-2.2822657760133606e-10,-2.2925361939369892e-10,7.441743563858699e-11,6.831563667391238e-10,5.300241359759645e-10,6.818369186014026e-10,3.7598382608252497e-10,-2.354333481688654e-10,-5.419062122530634e-10,-8.486276350268033e-10,-5.442223023374803e-10,-1.4628173671556973e-9,-1.1414653622264418e-9,-5.13792012236014e-10,-2.0875585591667753e-10,-8.223990777599871e-10,-5.172403247561689e-10,-2.1183327333657729e-10,-1.1329101356413725e-9,-1.1343130611106006e-9,-8.287841569749443e-10,-1.4441803892633464e-9,-2.1697902973714328e-10,3.966063051793535e-10,-5.264770938840919e-10,8.748280127971088e-11,8.657418877850693e-11,1.0090967549405332e-9,3.92691167231662e-10,-2.2421843158736486e-10,-5.334443378365591e-10,-1.1512377151755469e-9,-1.769536858685123e-9,-8.455077305453133e-10,9.638009937639917e-11,-5.050593092242481e-10,-1.8015248421466237e-10,1.4502087633641298e-10,1.6126108103611286e-10,-4.4113927857143684e-10,5.032354899258663e-10,2.0675484854563743e-9,2.0919755593852838e-10,8.280040599684847e-10,8.445652948663325e-10,5.51049441261792e-10,-9.835816127672074e-10,-1.2952853623390598e-9,-9.862979345055952e-10,-5.585178040771097e-11,-3.675585738625982e-10,-6.623010029583052e-10,-1.2682732844639568e-9,-1.6361364323744722e-10,9.419585627483873e-10,1.8927584218940802e-9,1.269583220795703e-9,-6.006259507433239e-10,-1.8488655415134227e-9,-1.5387004309287012e-9,-2.1643287002080087e-9,-2.1661832998422226e-9,3.3016345611745686e-10,-9.20277796570932e-10,-1.546687521861355e-9,-1.5482889170225898e-9,-1.549891641694158e-9,1.312317192543095e-11,1.2643829303295144e-9,1.2639472312911338e-9,3.2356882373271586e-10,9.49630300050809e-10,1.5762128429325245e-9,6.347899434460595e-10,-6.212532364775842e-10,5.45799977598585e-12,-3.0960146848075343e-10,-9.391524156647001e-10,-7.833291380122878e-10,-6.273757908458518e-10,-1.887092634575018e-9,-1.871409566345165e-9,-1.2433874975283668e-9,-8.949533625769698e-10,-5.462277728911149e-10,-1.1605184694844254e-9,-9.86792197708506e-10,-1.1459461720719334e-9,-1.1473951125783463e-9,-1.7804634130776266e-9,-1.4662381261589767e-9,-1.783897253874487e-9,-2.1018229859775232e-9,-1.7873368609867237e-9,-1.1561143144163006e-9,1.0884913137885146e-10,1.3748760184902994e-9,1.6913531626166237e-9,1.6910917736161768e-9,5.808463403664796e-10,5.801171494290611e-10,-2.141261852358589e-10,4.1988733944162127e-10,2.3427266861962023e-9,3.1548634232228552e-9,8.05888274577914e-10,8.228736043590276e-10,-1.1475566549375777e-10,5.209069726893775e-10,1.1571069419275237e-9,1.4752316267714896e-9,5.186331556282399e-10,5.178739335965033e-10,5.171140687010169e-10,1.4738128327182002e-9,2.2716781957873797e-9,3.3896436768119865e-9,3.2303208375816156e-9,2.911015448735582e-9,2.751354208016734e-9,2.2715911541292277e-9,8.311140523655596e-10,-4.5046833220224255e-10,-7.720174778994756e-10,-7.733295545879844e-10,5.079452478596876e-10,8.279604534628912e-10,8.273281219623234e-10,1.1477521103885447e-9,8.260618417450778e-10,5.040972103993447e-10,8.247934006401816e-10,5.025533968215921e-10,5.017805012537178e-10,1.949465729606284e-9,2.432336439952225e-9,2.1102326409321153e-9,2.7547315514907686e-9,8.381994181329588e-10,-1.301378327194858e-10,-4.5389083493812934e-10,-1.322310740644738e-10,1.8970443456817014e-10,8.350380214805137e-10,1.8788292415884622e-10,-4.598276711006358e-10,-1.7551708624323558e-9,-1.4153093355228795e-9,-7.692788624203191e-10,-4.466483835502599e-10,2.0035444305679657e-10,-1.2478874450970362e-10,-4.502118659441416e-10,-4.514017396231803e-10,-6.149193183917963e-10,-1.2899126789124368e-10,-4.549775178333653e-10,-4.5617150072144956e-10,-7.825803457142296e-10,-1.3320830776114765e-10,-4.5975963849784396e-10,-1.1122286659469092e-9,1.8939558249275202e-10,5.143943577075513e-10,8.396743953846685e-10,1.0021363968322716e-9,-1.4062328475197538e-10,-4.681682351993049e-10,8.371204284640912e-10,1.49001086240756e-9,1.82026283631874e-10,5.081503283357298e-10,8.345575897522932e-10,1.4885813855103426e-9,1.5063653661110824e-9,5.413120533936898e-10,-7.704988004066459e-10,-1.7555486333962178e-9,-7.731833224939282e-10,-1.0845340510986905e-9,-1.3779665525416893e-9,-1.3613778901946404e-9,1.1579958960572676e-10,6.079827467040024e-10,-3.794751470815796e-10,2.77445702306171e-10,1.9225164793005044e-9,1.9223459555516306e-9,-3.8418376092305815e-10,-7.149874818804569e-10,2.729922469134082e-10,-5.7813414251521925e-11,-1.0490231518002713e-9,-1.3806980621856898e-9,-1.3823172524000559e-9,-1.7144292873124087e-9,-1.3855598957253594e-9,-3.9483860166026556e-10,-3.9602767211193147e-10,-3.9721778744097303e-10,-6.71911698907817e-11,-7.309645916359683e-10,-1.0638128480984794e-9,-3.8361503111321104e-10,-3.664205163859232e-10,-3.49210852306452e-10,-1.3282669102475587e-9,-4.992721231663571e-10,-9.990924223442306e-10,-1.9981538123847633e-9,-1.667376938697462e-9,-1.003480806495018e-9,-3.3899793444965763e-10,6.591937851973011e-10,-6.746121728546026e-10,-9.101726804869812e-12,-1.012951633279774e-11,9.899761250576176e-10,-3.460471309527107e-10,-6.812329330266281e-10,-1.0167160174083303e-9,-1.0181931207065454e-9,-6.852194946108765e-10,-1.3557518167126846e-9,-3.5313390646866416e-10,3.340305909233819e-10,-6.534282592433603e-10,3.5084008573738283e-10,1.4621891584310904e-11,6.845875381277445e-10,3.482184803061412e-10,1.3547233315789546e-9,-6.613625519121927e-10,-1.670967984544457e-9,-3.2777380903242364e-10,3.4383353312649715e-10,-6.666757048709844e-10,3.4207406817238747e-10,6.780373434438643e-10,1.0143011225393691e-9,5.080017735502015e-10,5.071939521342412e-10,1.689378265652791e-10,-8.220124829265039e-13,-6.773591670732531e-10,-9.978817898182314e-10,-9.806388664503525e-10,-1.658526751883513e-9,-3.0688302105500367e-10,3.6895765155235363e-10,-3.092376797856447e-10,1.7224623079341392e-9,2.061162368672909e-9,7.045767239510523e-10,-3.139597194012577e-10,-6.545665131251731e-10,-3.163271232193602e-10,7.016766372191769e-10,1.040832906660461e-9,1.2291151334875558e-9,1.568815760055326e-9,8.877928358825321e-10,5.466517018961945e-10,1.5678069096166858e-9,3.384631178943782e-11,1.0556936032317974e-9,-6.504445673738946e-10,-1.9979535695090175e-9,-1.3170608342686051e-9,-6.35550789204767e-10,-6.368878529716549e-10,-9.80113810412979e-10,-6.395656220771969e-10,8.140564050685878e-11,-1.2890228280529177e-9,-9.481506690137281e-10,-2.6430343409966054e-10,-6.08296803427136e-10,-6.096263307918301e-10,7.61575622293804e-10,7.428997570778545e-11,7.326974560699581e-11,4.158511603172919e-10,7.122649280485754e-11,-1.3054614298093156e-9,-9.630402831041754e-10,-6.203062801662385e-10,4.115165541553363e-10,6.610201103992767e-11,4.0977715958754166e-10,-2.8081496522660083e-10,-6.270209804797677e-10,-2.8319104381754e-10,6.095404402402993e-11,1.4418940116309429e-9,7.501914080222882e-10,7.494743435850113e-10,-2.8915033183544843e-10,-9.826012827819228e-10,-6.378286856167703e-10,-6.391852389512093e-10,-6.405430402647907e-10,-1.3354321856485672e-9,-6.432623937243166e-10,3.966295479533198e-10,-6.459867598169502e-10,-6.47350826933918e-10,-6.487161524153397e-10,-6.500827380033498e-10,4.432083425295313e-11,2.1729629373693845e-10,9.127424658897835e-10,9.120952479744264e-10,5.629180846535629e-10,5.621083869524323e-10,1.0845760280942266e-9,7.349935610633741e-10,-3.1326363256415123e-10,3.8419346368648705e-10,3.37997118850017e-11,-6.665806919046569e-10,-1.01778761067885e-9,-1.3693207783325835e-9,-3.205850222927409e-10,1.780060921615343e-9,3.779146871880319e-10,3.770143800081362e-10,-6.762896251266388e-10,-1.0286461281414667e-9,-6.790752397043733e-10,-6.804699949754632e-10,3.725002465268504e-10,1.9975457865552144e-11,-1.388229252443806e-9,-1.7224078226477285e-9,-1.3721810166236428e-9,-1.0216267428052644e-9,-1.3756280286287325e-9,-1.3773539541530323e-9,-6.735380055149121e-10,-1.0278736778115468e-9,-1.009877199695771e-9,-6.581669814517738e-10,-1.0129940402365582e-9,4.624372313074339e-11,7.527106076228051e-10,-6.637486475827934e-10,-1.0192452974866122e-9,7.505103760161187e-10,3.9534451902097764e-10,7.490401036012583e-10,3.935391232603609e-10,7.475670610075159e-10,1.1019286725887161e-9,4.1050641496845657e-10,-6.566933543685143e-10,-6.580946607258305e-10,-6.594972903186099e-10,-6.41182287632514e-10,-1.6911681888157554e-9,-6.045003248059117e-10,-9.623232305166307e-10,-6.072614938940026e-10,-6.086440394956491e-10,-1.3239269451887576e-9,-1.6827691486451308e-9,1.0177650981349133e-10,1.205308430613759e-10,-2.1832419192248872e-10,-1.7988209003339414e-10,2.0664781011598175e-10,-1.5651978324067593e-9,-4.921196251106371e-10,5.819795890429097e-10,2.0157497436817014e-9,1.656789090060677e-9,5.795059893844122e-10,-4.988040732562381e-10,2.1852039797493722e-10,-5.014867821208229e-10,-1.4315442606731754e-10,5.753675728911174e-10,-1.4550113341843848e-10,9.338980858180358e-10,1.2936023760140797e-9,9.32578682247735e-10,5.712093458832365e-10,2.0949387030766007e-10,1.2916491945271521e-9,2.274893980644268e-10,-4.963120793842703e-10,-8.592340728713671e-10,-1.222504527225943e-9,-1.3843816639560428e-10,-3.206637006333397e-10,-1.5898727895158924e-9,-1.229306219085579e-9,-1.2310107335397987e-9,-5.071314800436092e-10,5.804126125845141e-10,-1.4670698127871092e-10,2.1542468011614456e-10,9.413984596266355e-10,9.407366467129496e-10,1.3039179646080842e-9,1.3034306424571748e-9,-1.5383906962485852e-10,-1.248146543744422e-9,-1.6144171140838116e-9,-8.868692906902593e-10,5.711850657340667e-10,2.0306522655269292e-9,2.0305155604608337e-9,2.761242396447978e-9,2.0302417523519317e-9,1.2985313988925248e-9,2.3959316898954476e-9,1.297545836776037e-9,1.2970523370288496e-9,1.6630566293688783e-9,1.960340462492e-10,-5.387067209525411e-10,-1.6411970882835528e-9,-9.086985389868643e-10,-9.102691744601438e-10,-1.766994422305952e-10,1.8983597664295058e-10,9.246592462824237e-10,9.239811732142074e-10,5.550128735199714e-10,-9.197252448501414e-10,-9.213066538822129e-10,5.524318721348709e-10,9.205808459772602e-10,-1.8767659476911773e-10,-1.2970205624182941e-9,1.7942480037938757e-10,1.7837806337428174e-10,-9.324199922694742e-10,1.7628150467737714e-10,5.455119981509885e-10,1.741808229545973e-10,-1.9751565590656127e-10,-9.404049696538615e-10,-5.709971076427924e-10,-1.3148023130547553e-9,-2.0246428177682165e-10,5.394123237277092e-10,-1.8435142800452487e-10,1.8634127746740082e-10,1.8529123621341782e-10,9.28825579830633e-10,9.281415218785701e-10,-4.1955958871788165e-12,-1.9176466772185574e-10,-9.390643382893931e-10,-1.313889591724799e-9,-1.3156866999549815e-9,-1.317485590146721e-9,-9.455162016923508e-10,-5.731776128524302e-10,-9.487517439152666e-10,-1.3246990236427992e-9,-5.774805737315252e-10,-2.042183697830463e-10,-9.552421450310011e-10,-9.568687836381936e-10,-9.584970424033563e-10,-9.601269237482294e-10,-2.1049178251127733e-10,-9.633915638884148e-10,-9.650263275514032e-10,-1.7190545832709574e-9,-2.0974522740456833e-9,-2.0996562356103154e-9,-2.1018624011365118e-9
