Energy	p(K=0)	p(K=1)	p(K>=2)
-0.673469387755102	0.0	0.0	1.0
-1.0408163265306123	0.0	0.009900990099009901	0.9900990099009901
-0.4897959183673469	0.0	0.0	1.0
-1.5510204081632653	0.11510791366906475	0.16546762589928057	0.7194244604316546
0.12244897959183673	0.0	0.0	1.0
-1.7755102040816326	0.41292134831460675	0.199438202247191	0.38764044943820225
-0.8775510204081632	0.0	0.0	1.0
-0.46938775510204084	0.0	0.0	1.0
-0.9183673469387755	0.0	0.0	1.0
-0.30612244897959184	0.0	0.0	1.0
-1.7346938775510203	0.34576271186440677	0.18305084745762712	0.4711864406779661
-0.3469387755102041	0.0	0.0	1.0
-0.22448979591836735	0.0	0.0	1.0
-0.5510204081632653	0.0	0.0	1.0
-0.42857142857142855	0.0	0.0	1.0
-1.3061224489795917	0.010752688172043012	0.0967741935483871	0.8924731182795699
-1.653061224489796	0.25	0.22169811320754718	0.5283018867924528
-1.183673469387755	0.0	0.0196078431372549	0.9803921568627451
-1.836734693877551	0.7681660899653979	0.10726643598615918	0.1245674740484429
-0.9387755102040817	0.0	0.006711409395973154	0.9932885906040269
-0.02040816326530612	0.0	0.0	1.0
-0.08163265306122448	0.0	0.0	1.0
-1.6734693877551021	0.33649289099526064	0.17535545023696683	0.4881516587677725
-0.9795918367346939	0.0	0.0	1.0
-0.14285714285714285	0.0	0.0	1.0
-1.5714285714285714	0.13917525773195877	0.15979381443298968	0.7010309278350515
-0.7551020408163265	0.0	0.0	1.0
-0.04081632653061224	0.0	0.0	1.0
-1.3265306122448979	0.0	0.045454545454545456	0.9545454545454546
-0.7346938775510204	0.0	0.0	1.0
-0.6530612244897959	0.0	0.0	1.0
-1.0816326530612246	0.0	0.004608294930875576	0.9953917050691244
-0.5714285714285714	0.0	0.0	1.0
0.16326530612244897	0.0	0.0	1.0
-1.0204081632653061	0.0	0.0045871559633027525	0.9954128440366973
-2.0	1.0	0.0	0.0
-0.10204081632653061	0.0	0.0	1.0
-0.7755102040816326	0.0	0.0	1.0
-0.7142857142857143	0.0	0.0	1.0
-1.2653061224489797	0.017857142857142856	0.03571428571428571	0.9464285714285714
-1.2244897959183674	0.006578947368421052	0.046052631578947366	0.9473684210526315
-0.7959183673469388	0.0	0.0	1.0
-0.40816326530612246	0.0	0.0	1.0
-1.8571428571428572	0.5347721822541966	0.12949640287769784	0.33573141486810554
-0.24489795918367346	0.0	0.0	1.0
-0.1836734693877551	0.0	0.0	1.0
-1.6122448979591837	0.15816326530612246	0.23469387755102042	0.6071428571428571
-0.12244897959183673	0.0	0.0	1.0
0.1836734693877551	0.0	0.0	1.0
-1.346938775510204	0.017241379310344827	0.08620689655172414	0.896551724137931
-0.6122448979591837	0.0	0.0	1.0
-1.7551020408163265	0.45569620253164556	0.1962025316455696	0.34810126582278483
-1.469387755102041	0.030303030303030304	0.10606060606060606	0.8636363636363636
0.08163265306122448	0.0	0.0	1.0
-0.5918367346938775	0.0	0.0	1.0
0.0	0.0	0.0	1.0
-1.0	0.0	0.0	1.0
-1.5918367346938775	0.15934065934065933	0.17032967032967034	0.6703296703296703
-1.4081632653061225	0.022388059701492536	0.06716417910447761	0.9104477611940298
-1.4285714285714286	0.008064516129032258	0.10483870967741936	0.8870967741935484
-1.7142857142857142	0.3759124087591241	0.19343065693430658	0.4306569343065693
-1.530612244897959	0.06622516556291391	0.11920529801324503	0.8145695364238411
-1.8979591836734695	0.5257270693512305	0.11185682326621924	0.3624161073825503
-1.6326530612244898	0.23979591836734693	0.18877551020408162	0.5714285714285714
-1.1224489795918366	0.006134969325153374	0.0	0.9938650306748467
-1.3877551020408163	0.025	0.08333333333333333	0.8916666666666667
0.061224489795918366	0.0	0.0	1.0
-0.9591836734693877	0.0	0.0	1.0
-1.1428571428571428	0.0	0.018633540372670808	0.9813664596273292
-1.0612244897959184	0.0045662100456621	0.0045662100456621	0.9908675799086758
-0.6938775510204082	0.0	0.0	1.0
-1.9387755102040816	0.56951871657754	0.0481283422459893	0.38235294117647056
-1.2857142857142858	0.008333333333333333	0.041666666666666664	0.95
-0.20408163265306123	0.0	0.0	1.0
0.10204081632653061	0.0	0.0	1.0
-0.4489795918367347	0.0	0.0	1.0
-1.6938775510204083	0.2872727272727273	0.23272727272727273	0.48
-1.7959183673469388	0.6314553990610329	0.15258215962441316	0.215962441314554
-1.9183673469387754	0.9775687409551375	0.02243125904486252	0.0
-0.32653061224489793	0.0	0.0	1.0
-0.5102040816326531	0.0	0.0	1.0
-1.510204081632653	0.06622516556291391	0.15894039735099338	0.7748344370860927
-0.6326530612244898	0.0	0.0	1.0
-0.16326530612244897	0.0	0.0	1.0
0.02040816326530612	0.0	0.0	1.0
0.04081632653061224	0.0	0.0	1.0
-1.816326530612245	0.47474747474747475	0.1414141414141414	0.3838383838383838
-1.9591836734693877	1.0	0.0	0.0
-1.3673469387755102	0.0	0.12030075187969924	0.8796992481203008
-0.5306122448979592	0.0	0.0	1.0
-0.2857142857142857	0.0	0.0	1.0
-0.8367346938775511	0.0	0.0	1.0
-0.3673469387755102	0.0	0.0	1.0
-0.8571428571428571	0.0	0.0	1.0
-1.2040816326530612	0.0	0.02857142857142857	0.9714285714285714
-1.1020408163265305	0.0	0.0335195530726257	0.9664804469273743
-1.2448979591836735	0.0	0.02459016393442623	0.9754098360655737
-1.489795918367347	0.12213740458015267	0.13740458015267176	0.7404580152671756
-0.8163265306122449	0.0	0.0	1.0
-0.061224489795918366	0.0	0.0	1.0
-0.8979591836734694	0.0	0.0	1.0
-0.3877551020408163	0.0	0.0	1.0
-1.4489795918367347	0.05128205128205128	0.08547008547008547	0.8632478632478633
-1.8775510204081634	0.9213483146067416	0.05118601747815231	0.02746566791510612
-1.163265306122449	0.006172839506172839	0.012345679012345678	0.9814814814814815
-0.2653061224489796	0.0	0.0	1.0
