Energy	p(K=0)	p(K=1)	p(K>=2)
-1.3356401384083045	0.14457831325301204	0.13253012048192772	0.7228915662650602
-0.2837370242214533	0.0	0.0	1.0
-0.08996539792387544	0.0	0.0	1.0
-0.07612456747404844	0.0	0.0	1.0
-0.8096885813148789	0.0	0.0034965034965034965	0.9965034965034965
-0.7681660899653979	0.0	0.0	1.0
-0.698961937716263	0.0	0.0	1.0
-1.7093425605536332	0.7679558011049724	0.11049723756906077	0.12154696132596685
-1.5294117647058822	0.40816326530612246	0.29591836734693877	0.29591836734693877
-1.0311418685121108	0.007874015748031496	0.031496062992125984	0.9606299212598425
-1.7508650519031141	0.8064516129032258	0.05069124423963134	0.14285714285714285
-0.8650519031141869	0.0	0.0043859649122807015	0.9956140350877193
-0.657439446366782	0.0	0.0	1.0
-0.671280276816609	0.0	0.0	1.0
-1.5017301038062283	0.3804347826086957	0.1956521739130435	0.42391304347826086
-0.9480968858131488	0.010416666666666666	0.036458333333333336	0.953125
-0.46366782006920415	0.0	0.0	1.0
-0.2422145328719723	0.0	0.0	1.0
-0.21453287197231835	0.0	0.0	1.0
-0.7820069204152249	0.0	0.003816793893129771	0.9961832061068703
-1.6124567474048443	0.6090225563909775	0.15789473684210525	0.23308270676691728
-0.15916955017301038	0.0	0.0	1.0
-0.643598615916955	0.0	0.0	1.0
-1.2525951557093427	0.09195402298850575	0.13793103448275862	0.7701149425287356
-1.6816608996539792	0.632768361581921	0.15819209039548024	0.20903954802259886
-1.8754325259515572	0.9337175792507204	0.03170028818443804	0.0345821325648415
0.07612456747404844	0.0	0.0	1.0
-1.792387543252595	0.8498168498168498	0.06227106227106227	0.08791208791208792
0.020761245674740483	0.0	0.0	1.0
0.08996539792387544	0.0	0.0	1.0
-1.944636678200692	0.9927483683828862	0.0014503263234227702	0.005801305293691081
-1.0588235294117647	0.012738853503184714	0.06369426751592357	0.9235668789808917
-0.7958477508650519	0.0	0.0	1.0
-0.740484429065744	0.0	0.0	1.0
-0.5190311418685121	0.0	0.0	1.0
-1.5986159169550174	0.4444444444444444	0.27350427350427353	0.28205128205128205
-1.0449826989619377	0.026490066225165563	0.033112582781456956	0.9403973509933775
-0.9619377162629758	0.0	0.016666666666666666	0.9833333333333333
-1.3771626297577855	0.1951219512195122	0.12195121951219512	0.6829268292682927
-1.5155709342560553	0.3838383838383838	0.2222222222222222	0.3939393939393939
-1.2802768166089966	0.11842105263157894	0.13157894736842105	0.75
-1.930795847750865	0.9974811083123426	0.0	0.0025188916876574307
-1.4186851211072664	0.2	0.17647058823529413	0.6235294117647059
-1.9031141868512111	0.9925	0.0025	0.005
-1.1695501730103806	0.03260869565217391	0.08695652173913043	0.8804347826086957
-0.4083044982698962	0.0	0.0	1.0
-1.778546712802768	0.8676470588235294	0.049019607843137254	0.08333333333333333
-1.4740484429065743	0.2111111111111111	0.2777777777777778	0.5111111111111111
-1.2110726643598615	0.061224489795918366	0.15306122448979592	0.7857142857142857
-0.03460207612456748	0.0	0.0	1.0
-1.4325259515570934	0.2571428571428571	0.12857142857142856	0.6142857142857143
-1.4602076124567474	0.2696629213483146	0.23595505617977527	0.4943820224719101
-1.7370242214532872	0.7731958762886598	0.12371134020618557	0.10309278350515463
-0.006920415224913495	0.0	0.0	1.0
0.03460207612456748	0.0	0.0	1.0
-0.9896193771626297	0.01507537688442211	0.02512562814070352	0.9597989949748744
-2.0	1.0	0.0	0.0
-1.833910034602076	0.9169139465875371	0.02967359050445104	0.05341246290801187
-0.32525951557093424	0.0	0.0	1.0
-0.8788927335640139	0.0	0.009216589861751152	0.9907834101382489
-1.4463667820069204	0.28169014084507044	0.16901408450704225	0.5492957746478874
-1.6955017301038062	0.7396449704142012	0.11242603550295859	0.14792899408284024
-1.958477508650519	1.0	0.0	0.0
-0.615916955017301	0.0	0.0	1.0
-1.7231833910034602	0.7901234567901234	0.10493827160493827	0.10493827160493827
-1.8615916955017302	0.9383886255924171	0.018957345971563982	0.04265402843601896
-1.3079584775086506	0.15384615384615385	0.17582417582417584	0.6703296703296703
-1.5709342560553634	0.43564356435643564	0.26732673267326734	0.297029702970297
-0.3944636678200692	0.0	0.0	1.0
-1.6678200692041523	0.6604938271604939	0.1419753086419753	0.19753086419753085
-0.5467128027681661	0.0	0.0	1.0
-0.6851211072664359	0.0	0.0	1.0
-0.4359861591695502	0.0	0.0	1.0
-0.726643598615917	0.0	0.0035211267605633804	0.9964788732394366
-0.6020761245674741	0.0	0.0	1.0
-1.0173010380622838	0.005649717514124294	0.02824858757062147	0.9661016949152542
-0.1453287197231834	0.0	0.0	1.0
-1.3217993079584776	0.0875	0.15	0.7625
-1.1141868512110726	0.04424778761061947	0.08849557522123894	0.8672566371681416
-0.35294117647058826	0.0	0.0	1.0
-0.3391003460207612	0.0	0.0	1.0
-1.3494809688581315	0.17647058823529413	0.1323529411764706	0.6911764705882353
-0.5605536332179931	0.0	0.0	1.0
-0.5051903114186851	0.0	0.0	1.0
-1.2941176470588236	0.07575757575757576	0.19696969696969696	0.7272727272727273
-1.1003460207612457	0.02564102564102564	0.05128205128205128	0.9230769230769231
-0.9204152249134948	0.0	0.02512562814070352	0.9748743718592965
-1.806228373702422	0.8939929328621908	0.045936395759717315	0.06007067137809187
-1.3633217993079585	0.1827956989247312	0.20430107526881722	0.6129032258064516
-0.2560553633217993	0.0	0.0	1.0
-1.9169550173010381	0.9841075794621027	0.008557457212713936	0.007334963325183374
-0.42214532871972316	0.0	0.0	1.0
-1.2664359861591696	0.0625	0.2125	0.725
-1.2387543252595157	0.038461538461538464	0.11538461538461539	0.8461538461538461
-0.629757785467128	0.0	0.0	1.0
-1.1557093425605536	0.03636363636363636	0.10909090909090909	0.8545454545454545
0.006920415224913495	0.0	0.0	1.0
-0.1314878892733564	0.0	0.0	1.0
-0.47750865051903113	0.0	0.0	1.0
-1.5570934256055364	0.375	0.27884615384615385	0.34615384615384615
-0.9342560553633218	0.0	0.0	1.0
-0.020761245674740483	0.0	0.0	1.0
-0.5882352941176471	0.0	0.0	1.0
-1.4048442906574394	0.14864864864864866	0.32432432432432434	0.527027027027027
-0.11764705882352941	0.0	0.0	1.0
-0.4913494809688581	0.0	0.0	1.0
-1.6262975778546713	0.49264705882352944	0.23529411764705882	0.27205882352941174
-1.1418685121107266	0.04132231404958678	0.05785123966942149	0.9008264462809917
-0.71280276816609	0.0	0.0	1.0
-0.44982698961937717	0.0	0.0	1.0
-1.820069204152249	0.8860294117647058	0.058823529411764705	0.05514705882352941
-1.5432525951557095	0.38095238095238093	0.2571428571428571	0.3619047619047619
-0.31141868512110726	0.0	0.0	1.0
-0.8927335640138409	0.0	0.009009009009009009	0.990990990990991
-0.18685121107266436	0.0	0.0	1.0
-1.5847750865051904	0.39285714285714285	0.21428571428571427	0.39285714285714285
-0.20069204152249134	0.0	0.0	1.0
-0.3806228373702422	0.0	0.0	1.0
-0.10380622837370242	0.0	0.0	1.0
-0.2698961937716263	0.0	0.0	1.0
-1.8892733564013842	0.9764492753623188	0.010869565217391304	0.012681159420289856
-0.5743944636678201	0.0	0.0	1.0
-1.1972318339100345	0.06930693069306931	0.09900990099009901	0.8316831683168316
-1.0726643598615917	0.03076923076923077	0.03076923076923077	0.9384615384615385
-1.1280276816608996	0.036036036036036036	0.04504504504504504	0.918918918918919
-1.3910034602076125	0.16049382716049382	0.19753086419753085	0.6419753086419753
-0.22837370242214533	0.0	0.0	1.0
-0.9065743944636678	0.0	0.022123893805309734	0.9778761061946902
-1.4878892733564013	0.3584905660377358	0.19811320754716982	0.44339622641509435
-1.972318339100346	1.0	0.0	0.0
-0.8512110726643599	0.0	0.004048582995951417	0.9959514170040485
-1.7647058823529411	0.8584905660377359	0.06132075471698113	0.08018867924528301
-1.0865051903114187	0.015037593984962405	0.07518796992481203	0.9097744360902256
-0.532871972318339	0.0	0.0	1.0
-0.17301038062283736	0.0	0.0	1.0
-1.6401384083044983	0.5298507462686567	0.21641791044776118	0.2537313432835821
-0.9757785467128027	0.027624309392265192	0.022099447513812154	0.9502762430939227
-0.04844290657439446	0.0	0.0	1.0
-0.06228373702422145	0.0	0.0	1.0
-1.0034602076124568	0.00625	0.0375	0.95625
-1.6539792387543253	0.5454545454545454	0.1893939393939394	0.26515151515151514
-0.754325259515571	0.0	0.0	1.0
-0.36678200692041524	0.0	0.0	1.0
-1.1833910034602075	0.06896551724137931	0.11494252873563218	0.8160919540229885
-0.2975778546712803	0.0	0.0	1.0
-0.8235294117647058	0.0	0.0038022813688212928	0.9961977186311787
-1.8477508650519032	0.9206349206349206	0.047619047619047616	0.031746031746031744
-0.8373702422145328	0.0	0.0	1.0
-1.2249134948096885	0.10465116279069768	0.16279069767441862	0.7325581395348837
