Energy	p(K=0)	p(K=1)	p(K>=2)
-0.3884297520661157	0.0	0.0	1.0
-1.7851239669421488	0.9788732394366197	0.007042253521126761	0.014084507042253521
-1.7768595041322315	0.9926470588235294	0.007352941176470588	0.0
-1.5950413223140496	0.922077922077922	0.05194805194805195	0.025974025974025976
-1.7603305785123966	0.9664429530201343	0.020134228187919462	0.013422818791946308
-1.4793388429752066	0.673469387755102	0.22448979591836735	0.10204081632653061
-0.33884297520661155	0.0	0.0	1.0
-1.3388429752066116	0.6122448979591837	0.16326530612244897	0.22448979591836735
-0.5289256198347108	0.0	0.0	1.0
-1.9008264462809918	1.0	0.0	0.0
-0.6446280991735537	0.00975609756097561	0.004878048780487805	0.9853658536585366
-0.71900826446281	0.009950248756218905	0.009950248756218905	0.9800995024875622
-0.6776859504132231	0.00510204081632653	0.0	0.9948979591836735
-0.49586776859504134	0.0	0.0	1.0
-0.2975206611570248	0.0	0.0	1.0
-1.2892561983471074	0.5714285714285714	0.1836734693877551	0.24489795918367346
-0.32231404958677684	0.0	0.0	1.0
-0.9752066115702479	0.14545454545454545	0.10909090909090909	0.7454545454545455
-2.0	1.0	0.0	0.0
-1.8677685950413223	0.9953488372093023	0.004651162790697674	0.0
-0.47107438016528924	0.0	0.0	1.0
-1.4132231404958677	0.6976744186046512	0.20930232558139536	0.09302325581395349
-1.9586776859504131	1.0	0.0	0.0
-1.1983471074380165	0.40625	0.21875	0.375
-1.0826446280991735	0.23595505617977527	0.21348314606741572	0.550561797752809
-0.2231404958677686	0.0	0.0	1.0
-1.421487603305785	0.8372093023255814	0.13953488372093023	0.023255813953488372
-1.6115702479338843	0.9	0.05	0.05
-0.39669421487603307	0.0	0.0	1.0
-1.56198347107438	0.7903225806451613	0.12903225806451613	0.08064516129032258
-0.5950413223140496	0.0	0.0	1.0
-1.6942148760330578	0.9484536082474226	0.030927835051546393	0.020618556701030927
-0.6942148760330579	0.005405405405405406	0.010810810810810811	0.9837837837837838
-1.6446280991735538	0.95	0.0125	0.0375
-1.322314049586777	0.6222222222222222	0.17777777777777778	0.2
-1.3471074380165289	0.43902439024390244	0.1951219512195122	0.36585365853658536
-1.371900826446281	0.6888888888888889	0.2	0.1111111111111111
-1.3057851239669422	0.4	0.17142857142857143	0.42857142857142855
-0.6363636363636364	0.0	0.0040650406504065045	0.9959349593495935
-0.04132231404958678	0.0	0.0	1.0
-0.09917355371900827	0.0	0.0	1.0
-0.7107438016528925	0.005025125628140704	0.010050251256281407	0.9849246231155779
-1.0578512396694215	0.2903225806451613	0.10752688172043011	0.6021505376344086
-0.7520661157024794	0.012121212121212121	0.024242424242424242	0.9636363636363636
-1.2644628099173554	0.42105263157894735	0.22807017543859648	0.3508771929824561
-1.0330578512396693	0.1839080459770115	0.1839080459770115	0.632183908045977
-0.768595041322314	0.023121387283236993	0.028901734104046242	0.9479768786127167
-1.628099173553719	0.9142857142857143	0.04285714285714286	0.04285714285714286
-0.48760330578512395	0.0	0.0	1.0
-1.8264462809917354	1.0	0.0	0.0
-0.14049586776859505	0.0	0.0	1.0
-1.3305785123966942	0.5945945945945946	0.2972972972972973	0.10810810810810811
-1.0909090909090908	0.25333333333333335	0.13333333333333333	0.6133333333333333
-0.049586776859504134	0.0	0.0	1.0
-0.8512396694214877	0.027586206896551724	0.07586206896551724	0.896551724137931
-0.5867768595041323	0.0	0.0	1.0
-0.8181818181818182	0.03164556962025317	0.0759493670886076	0.8924050632911392
-0.15702479338842976	0.0	0.0	1.0
-1.2727272727272727	0.4117647058823529	0.3137254901960784	0.27450980392156865
-1.396694214876033	0.65625	0.25	0.09375
-1.2396694214876034	0.42857142857142855	0.23809523809523808	0.3333333333333333
-1.0082644628099173	0.10084033613445378	0.11764705882352941	0.7815126050420168
-0.256198347107438	0.0	0.0	1.0
-0.3140495867768595	0.0	0.0	1.0
-1.8099173553719008	0.9887005649717514	0.011299435028248588	0.0
-0.8429752066115702	0.04316546762589928	0.05755395683453238	0.8992805755395683
-1.677685950413223	0.9545454545454546	0.045454545454545456	0.0
-0.4132231404958678	0.0	0.0	1.0
-0.4380165289256198	0.0	0.0	1.0
-0.45454545454545453	0.0	0.0	1.0
-1.1570247933884297	0.3333333333333333	0.20512820512820512	0.46153846153846156
-0.5041322314049587	0.0	0.0	1.0
-0.0743801652892562	0.0	0.0	1.0
-0.4793388429752066	0.0	0.0	1.0
-1.7107438016528926	0.963963963963964	0.018018018018018018	0.018018018018018018
-0.11570247933884298	0.0	0.0	1.0
-0.10743801652892562	0.0	0.0	1.0
-0.5454545454545454	0.0	0.0	1.0
-0.9669421487603306	0.11214953271028037	0.11214953271028037	0.7757009345794392
-0.7272727272727273	0.0	0.016129032258064516	0.9838709677419355
-0.5619834710743802	0.0	0.0037313432835820895	0.996268656716418
-0.9586776859504132	0.11428571428571428	0.0761904761904762	0.8095238095238095
-1.8512396694214877	1.0	0.0	0.0
-1.9338842975206612	1.0	0.0	0.0
-0.4462809917355372	0.0	0.0	1.0
-1.43801652892562	0.6964285714285714	0.21428571428571427	0.08928571428571429
-0.628099173553719	0.004347826086956522	0.0	0.9956521739130435
-1.2975206611570247	0.4888888888888889	0.3111111111111111	0.2
-1.2231404958677685	0.46551724137931033	0.10344827586206896	0.43103448275862066
-0.5371900826446281	0.0	0.0	1.0
-1.6694214876033058	0.9375	0.0375	0.025
-1.0661157024793388	0.22580645161290322	0.17204301075268819	0.6021505376344086
-1.4710743801652892	0.7291666666666666	0.125	0.14583333333333334
-0.1652892561983471	0.0	0.0	1.0
-0.05785123966942149	0.0	0.0	1.0
-1.7355371900826446	0.9727272727272728	0.02727272727272727	0.0
-0.01652892561983471	0.0	0.0	1.0
-1.462809917355372	0.7647058823529411	0.11764705882352941	0.11764705882352941
-0.2727272727272727	0.0	0.0	1.0
-0.5537190082644629	0.0	0.0	1.0
-1.2066115702479339	0.3018867924528302	0.3018867924528302	0.39622641509433965
-0.1322314049586777	0.0	0.0	1.0
-1.024793388429752	0.15306122448979592	0.14285714285714285	0.7040816326530612
-0.7024793388429752	0.0	0.016304347826086956	0.9836956521739131
-1.2479338842975207	0.43478260869565216	0.2608695652173913	0.30434782608695654
-0.8347107438016529	0.0125	0.0375	0.95
-0.23140495867768596	0.0	0.0	1.0
-0.6198347107438017	0.0	0.0	1.0
-1.0991735537190082	0.2261904761904762	0.19047619047619047	0.5833333333333334
-1.140495867768595	0.3611111111111111	0.1388888888888889	0.5
-0.8264462809917356	0.014814814814814815	0.05925925925925926	0.9259259259259259
-1.9669421487603307	1.0	0.0	0.0
-1.8760330578512396	1.0	0.0	0.0
-1.6528925619834711	0.9183673469387755	0.030612244897959183	0.05102040816326531
-1.8181818181818181	0.9888888888888889	0.011111111111111112	0.0
-1.8925619834710743	1.0	0.0	0.0
-1.4462809917355373	0.7407407407407407	0.1111111111111111	0.14814814814814814
-1.834710743801653	0.9948717948717949	0.005128205128205128	0.0
-0.371900826446281	0.0	0.0	1.0
-1.71900826446281	0.9586776859504132	0.024793388429752067	0.01652892561983471
-1.859504132231405	1.0	0.0	0.0
-0.2066115702479339	0.0	0.0	1.0
-0.6033057851239669	0.0	0.003787878787878788	0.9962121212121212
-1.5537190082644627	0.8307692307692308	0.12307692307692308	0.046153846153846156
-0.24793388429752067	0.0	0.0	1.0
-0.5206611570247934	0.0	0.0	1.0
-0.9090909090909091	0.06716417910447761	0.08208955223880597	0.8507462686567164
-0.18181818181818182	0.0	0.0	1.0
-0.7851239669421488	0.00625	0.0375	0.95625
-1.2314049586776858	0.36538461538461536	0.34615384615384615	0.28846153846153844
-1.6859504132231404	0.9509803921568627	0.049019607843137254	0.0
-0.6611570247933884	0.0048543689320388345	0.0	0.9951456310679612
-0.4297520661157025	0.0	0.0	1.0
-1.9504132231404958	1.0	0.0	0.0
-1.4297520661157024	0.6458333333333334	0.20833333333333334	0.14583333333333334
-1.975206611570248	1.0	0.0	0.0
-1.578512396694215	0.8615384615384616	0.1076923076923077	0.03076923076923077
-0.3305785123966942	0.0	0.0	1.0
-1.9173553719008265	1.0	0.0	0.0
-1.5206611570247934	0.8181818181818182	0.10909090909090909	0.07272727272727272
-1.537190082644628	0.7619047619047619	0.1746031746031746	0.06349206349206349
-0.09090909090909091	0.0	0.0	1.0
-0.5785123966942148	0.0	0.0	1.0
-1.7024793388429753	0.9454545454545454	0.03636363636363636	0.01818181818181818
-1.2148760330578512	0.3880597014925373	0.26865671641791045	0.34328358208955223
-0.512396694214876	0.0	0.0	1.0
-1.7520661157024793	0.9823008849557522	0.008849557522123894	0.008849557522123894
-0.2396694214876033	0.0	0.0	1.0
-1.7272727272727273	0.9818181818181818	0.01818181818181818	0.0
-0.38016528925619836	0.0	0.0	1.0
-0.35537190082644626	0.0	0.0	1.0
-0.8760330578512396	0.051094890510948905	0.06569343065693431	0.8832116788321168
-0.6859504132231405	0.0	0.010416666666666666	0.9895833333333334
-1.3884297520661157	0.7333333333333333	0.2	0.06666666666666667
-1.512396694214876	0.8461538461538461	0.07692307692307693	0.07692307692307693
-1.4545454545454546	0.6666666666666666	0.16666666666666666	0.16666666666666666
-1.9090909090909092	1.0	0.0	0.0
-0.9421487603305785	0.0673076923076923	0.1346153846153846	0.7980769230769231
-0.7768595041322314	0.006289308176100629	0.0440251572327044	0.949685534591195
0.0	0.0	0.0	1.0
-0.9917355371900827	0.1188118811881188	0.09900990099009901	0.7821782178217822
-0.2892561983471074	0.0	0.0	1.0
-1.1322314049586777	0.22988505747126436	0.2988505747126437	0.47126436781609193
-0.36363636363636365	0.0	0.0	1.0
-0.2644628099173554	0.0	0.0	1.0
-0.9173553719008265	0.056	0.056	0.888
-1.3801652892561984	0.6428571428571429	0.16666666666666666	0.19047619047619047
-1.8429752066115703	0.9947916666666666	0.0	0.005208333333333333
-0.859504132231405	0.047619047619047616	0.06802721088435375	0.8843537414965986
-1.7933884297520661	0.9929078014184397	0.0070921985815602835	0.0
-1.115702479338843	0.3870967741935484	0.24193548387096775	0.3709677419354839
-1.0165289256198347	0.15053763440860216	0.1935483870967742	0.6559139784946236
-1.9421487603305785	1.0	0.0	0.0
-0.7603305785123967	0.011764705882352941	0.0058823529411764705	0.9823529411764705
-1.603305785123967	0.8717948717948718	0.10256410256410256	0.02564102564102564
-1.1900826446280992	0.375	0.08333333333333333	0.5416666666666666
-0.4214876033057851	0.0	0.0	1.0
-1.1074380165289257	0.1927710843373494	0.21686746987951808	0.5903614457831325
-0.17355371900826447	0.0	0.0	1.0
-0.9338842975206612	0.07692307692307693	0.09401709401709402	0.8290598290598291
-1.5041322314049588	0.7391304347826086	0.15217391304347827	0.10869565217391304
-1.0743801652892562	0.1794871794871795	0.21794871794871795	0.6025641025641025
-0.8016528925619835	0.005847953216374269	0.03508771929824561	0.9590643274853801
-1.0495867768595042	0.17307692307692307	0.17307692307692307	0.6538461538461539
0.01652892561983471	0.0	0.0	1.0
-1.884297520661157	1.0	0.0	0.0
-0.4628099173553719	0.0	0.0	1.0
-0.8925619834710744	0.09482758620689655	0.06896551724137931	0.8362068965517241
-1.3636363636363635	0.5675675675675675	0.21621621621621623	0.21621621621621623
-0.2809917355371901	0.0	0.0	1.0
-0.03305785123966942	0.0	0.0	1.0
-0.8842975206611571	0.024793388429752067	0.04132231404958678	0.9338842975206612
-0.024793388429752067	0.0	0.0	1.0
-1.165289256198347	0.4	0.18666666666666668	0.41333333333333333
-0.5702479338842975	0.0038314176245210726	0.0	0.9961685823754789
-1.9256198347107438	1.0	0.0	0.0
-0.9834710743801653	0.125	0.175	0.7
-0.6694214876033058	0.004608294930875576	0.013824884792626729	0.9815668202764977
-0.9256198347107438	0.05785123966942149	0.12396694214876033	0.8181818181818182
-0.8677685950413223	0.032520325203252036	0.08130081300813008	0.8861788617886179
-1.487603305785124	0.6190476190476191	0.2857142857142857	0.09523809523809523
-1.7685950413223142	0.9774436090225563	0.022556390977443608	0.0
-1.9834710743801653	1.0	0.0	0.0
-0.7355371900826446	0.011976047904191617	0.017964071856287425	0.9700598802395209
-0.6115702479338843	0.0	0.00423728813559322	0.9957627118644068
-0.19834710743801653	0.0	0.0	1.0
-1.28099173553719	0.5	0.175	0.325
-1.3553719008264462	0.6666666666666666	0.19047619047619047	0.14285714285714285
-0.34710743801652894	0.0	0.0	1.0
-1.5289256198347108	0.7666666666666667	0.13333333333333333	0.1
-0.9504132231404959	0.10714285714285714	0.09821428571428571	0.7946428571428571
-1.4049586776859504	0.6875	0.14583333333333334	0.16666666666666666
-1.0	0.13333333333333333	0.18095238095238095	0.6857142857142857
-1.1487603305785123	0.19047619047619047	0.30158730158730157	0.5079365079365079
-0.6528925619834711	0.0	0.008438818565400843	0.9915611814345991
-1.1735537190082646	0.3709677419354839	0.3387096774193548	0.2903225806451613
-1.5454545454545454	0.7959183673469388	0.10204081632653061	0.10204081632653061
-1.1239669421487604	0.28169014084507044	0.18309859154929578	0.5352112676056338
-1.256198347107438	0.42857142857142855	0.14285714285714285	0.42857142857142855
-1.743801652892562	0.9734513274336283	0.02654867256637168	0.0
-0.1487603305785124	0.0	0.0	1.0
-0.7933884297520661	0.006211180124223602	0.062111801242236024	0.9316770186335404
-0.19008264462809918	0.0	0.0	1.0
-0.12396694214876033	0.0	0.0	1.0
-1.3140495867768596	0.5576923076923077	0.17307692307692307	0.2692307692307692
-0.08264462809917356	0.0	0.0	1.0
-1.5702479338842976	0.8676470588235294	0.08823529411764706	0.04411764705882353
-1.5867768595041323	0.9047619047619048	0.06349206349206349	0.031746031746031744
-1.1818181818181819	0.4482758620689655	0.20689655172413793	0.3448275862068966
-1.4958677685950412	0.8958333333333334	0.041666666666666664	0.0625
-0.30578512396694213	0.0	0.0	1.0
-0.8099173553719008	0.015267175572519083	0.05343511450381679	0.9312977099236641
-1.0413223140495869	0.16666666666666666	0.2638888888888889	0.5694444444444444
-1.6611570247933884	0.961038961038961	0.03896103896103896	0.0
-0.21487603305785125	0.0	0.0	1.0
-0.9008264462809917	0.1056338028169014	0.07746478873239436	0.8169014084507042
-1.6198347107438016	0.9315068493150684	0.0410958904109589	0.0273972602739726
-0.743801652892562	0.005405405405405406	0.016216216216216217	0.9783783783783784
-1.6363636363636365	0.9764705882352941	0.011764705882352941	0.011764705882352941
-1.8016528925619835	1.0	0.0	0.0
-0.06611570247933884	0.0	0.0	1.0
-0.4049586776859504	0.0	0.0	1.0
