1.0,0.9625484764542936,0.9675346260387812,0.9666481994459833,0.9585595567867036,0.9485872576177286,0.9516897506925208,0.9407202216066483,0.9209972299168975,0.9122437673130194,0.9006094182825485,0.927202216066482,0.918781163434903,0.9120221606648199,0.9120221606648199,0.9057063711911357,0.8893074792243767,0.8979501385041552,0.8922991689750692,0.8996121883656509,0.8952908587257618,0.9027146814404432,0.9006094182825485,0.8969529085872576,0.8917451523545706,0.8913019390581718,0.8930747922437673,0.8880886426592798,0.8900831024930748,0.8901939058171745,0.882437673130194,0.8848753462603878,0.8870914127423822,0.8877562326869806,0.8878670360110803,0.8887534626038781,0.8886426592797784,0.8844321329639889,0.8873130193905817,0.8762326869806094,0.888421052631579,0.8845429362880887,0.8853185595567867,0.8840997229916897,0.8785595567867036,0.8828808864265928,0.8776731301939058,0.8709141274238227,0.8741274238227147,0.8698060941828255,0.8753462603878116,0.877229916897507,0.8764542936288089,0.8649307479224376,0.8606094182825484,0.8593905817174515,0.8565096952908587,0.8578393351800554,0.8547368421052631,0.8509695290858725,0.8496398891966759,0.8483102493074792,0.8489750692520776,0.8486426592797784,0.8524099722991689,0.8522991689750693,0.8499722991689751,0.849196675900277,0.8466481994459834,0.8458725761772853,0.8460941828254848,0.8481994459833795,0.8470914127423823,0.848421052631579,0.848421052631579,0.8480886426592797,0.8496398891966759,0.8476454293628809,0.8493074792243768,0.848421052631579,0.8469806094182826,0.8488642659279778,0.8466481994459834,0.84797783933518,0.8500831024930748,0.8468698060941828,0.8480886426592797,0.8476454293628809,0.8480886426592797,0.8455401662049862,0.832797783933518,0.8257063711911358,0.835567867036011,0.8247091412742382,0.8017728531855955,0.7901385041551247,0.79601108033241,0.8014404432132964,0.8024376731301939,0.7971191135734073,0.7998891966759003,0.7990027700831025,0.801218836565097,0.801218836565097,0.8016620498614958,0.8100831024930748,0.7892520775623268,0.7953462603878116,0.8006648199445984,0.8004432132963989,0.7973407202216066,0.7966759002770083,0.7921329639889196,0.7951246537396122,0.7936842105263158,0.7968975069252078,0.7965650969529086,0.7963434903047092,0.7952354570637119,0.7961218836565097,0.7959002770083102,0.7945706371191136,0.7943490304709141,0.7941274238227147,0.7964542936288088,0.7870360110803324,0.786038781163435,0.7777285318559557,0.7844875346260388,0.7669806094182825,0.7718559556786704,0.7735180055401663,0.7738504155124654,0.7771745152354571,0.7745152354570637,0.7793905817174516,0.7768421052631579,0.7742936288088643,0.7759556786703601,0.7700831024930748,0.7710803324099723,0.770415512465374,0.7693074792243767,0.7690858725761773,0.7706371191135734,0.7708587257617728,0.764764542936288,0.7660941828254848,0.7550138504155125,0.7533518005540166,0.7531301939058171,0.7544598337950138,0.75202216066482,0.7543490304709142,0.7554570637119113,0.7587811634349031,0.7543490304709142,0.7457063711911357,0.7460387811634349,0.7479224376731302,0.7397229916897506,0.7414958448753463,0.7398337950138504,0.7414958448753463,0.7386149584487535,0.7522437673130193,0.7514681440443214,0.7512465373961219,0.7513573407202216,0.7494736842105263,0.7494736842105263,0.7514681440443214,0.747590027700831,0.7521329639889197,0.7529085872576178,0.7514681440443214,0.749584487534626,0.7471468144044321,0.7483656509695291,0.7464819944598338,0.7479224376731302,0.7480332409972299,0.7485872576177285,0.7469252077562327,0.7486980609418282,0.7469252077562327,0.7452631578947368,0.7478116343490304,0.750803324099723,0.7478116343490304,0.7483656509695291,0.7501385041551246,0.7471468144044321,0.7451523545706371,0.7452631578947368,0.7465927977839335,0.7479224376731302,0.7471468144044321,0.747590027700831,0.747590027700831,0.7483656509695291,0.7492520775623269,0.7481440443213296,0.7478116343490304,0.7464819944598338,0.7439335180055402,0.7444875346260388,0.7457063711911357,0.7452631578947368,0.746371191135734,0.7482548476454294,0.7458171745152354,0.7457063711911357,0.7451523545706371,0.7478116343490304,0.7354016620498615,0.7349584487534626,0.7335180055401662,0.7345152354570638,0.7320775623268698,0.7317451523545706,0.7320775623268698,0.7326315789473684,0.7300831024930748,0.7272022160664819,0.7254293628808864,0.7260941828254848,0.7256509695290859,0.7257617728531855,0.7242105263157895,0.7226592797783934,0.7203324099722992,0.7229916897506925,0.715567867036011,0.7173407202216067,0.7196675900277009,0.715567867036011,0.7129085872576177,0.7152354570637119,0.715567867036011,0.7150138504155125,0.7123545706371192,0.7183379501385041,0.7187811634349031,0.7167867036011081,0.7176731301939058,0.7126869806094183,0.7145706371191136,0.7098060941828255,0.7106925207756233,0.7102493074792243,0.7111357340720221,0.7122437673130194,0.7106925207756233,0.7133518005540166,0.7120221606648199,0.7120221606648199,0.7101385041551247,0.7103601108033241,0.7099168975069252,0.7110249307479224,0.7120221606648199,0.7104709141274238,0.7081440443213296,0.7071468144044322,0.7082548476454293,0.712797783933518,0.6905263157894737,0.6989473684210527,0.7022714681440443,0.6981717451523546,0.6987257617728532,0.6978393351800554,0.6970637119113573,0.6967313019390582,0.6965096952908587,0.6979501385041551,0.6991689750692521,0.6985041551246537,0.6973961218836565,0.6978393351800554,0.6899722991689751,0.6889750692520775,0.6896398891966758,0.6876454293628809,0.6714681440443213,0.6737950138504155,0.6881994459833795,0.6870914127423823,0.6862049861495845,0.6833240997229917,0.6796675900277008,0.6797783933518006,0.6802216066481994,0.6836565096952909,0.6765650969529086,0.6825484764542936,0.6811080332409972,0.6805540166204986,0.6757894736842105,0.68,0.6764542936288088,0.6701385041551247,0.6694736842105263,0.6700277008310249,0.6736842105263158,0.6721329639889196,0.6725761772853186,0.6736842105263158,0.6726869806094182,0.6719113573407203,0.6722437673130194,0.6729085872576177,0.6711357340720222,0.6701385041551247,0.670803324099723,0.6538504155124654,0.6566204986149584,0.6549584487534627,0.6580609418282548,0.6586149584487535,0.658393351800554,0.6593905817174516,0.6580609418282548,0.6619390581717451,0.6610526315789473,0.6585041551246538,0.6587257617728531,0.6587257617728531,0.6609418282548476,0.6609418282548476,0.6648199445983379,0.662825484764543,0.6627146814404432,0.6644875346260388,0.6612742382271468,0.6639335180055401,0.662825484764543,0.6638227146814405,0.6648199445983379,0.6577285318559557,0.654404432132964,0.6548476454293629,0.6532963988919668,0.6549584487534627,0.6537396121883656,0.6538504155124654,0.655623268698061,0.6536288088642659,0.6550692520775623,0.6552908587257618,0.6546260387811634,0.6555124653739612,0.6567313019390582,0.657617728531856,0.6569529085872576,0.6569529085872576,0.6561772853185596,0.6560664819944598,0.6614958448753463,0.6438781163434903,0.6463157894736842,0.6474238227146815,0.6407756232686981,0.6393351800554017,0.6387811634349031,0.6335734072022161,0.6350138504155125,0.6342382271468144,0.6324653739612188,0.6364542936288089,0.6309141274238227,0.6312465373961219,0.6324653739612188,0.6356786703601108,0.6351246537396122,0.6349030470914128,0.636786703601108,0.634016620498615,0.6361218836565097,0.6342382271468144,0.6312465373961219,0.6337950138504155,0.6314681440443213,0.6326869806094183,0.631578947368421,0.632797783933518,0.6342382271468144,0.6322437673130193,0.6331301939058172,0.6316897506925208,0.6314681440443213,0.6322437673130193,0.6310249307479224,0.6298060941828255,0.6298060941828255,0.6293628808864266,0.6175069252077562,0.6169529085872576,0.618393351800554,0.6190581717451523,0.6159556786703602,0.6156232686980609,0.6157340720221607,0.6152908587257617,0.6176177285318559,0.614404432132964,0.6160664819944598,0.6137396121883657,0.6077562326869806,0.6076454293628809,0.6087534626038781,0.609196675900277,0.6095290858725761,0.6074238227146814,0.6094182825484764,0.60797783933518,0.6089750692520776,0.6113019390581718,0.6047645429362881,0.6149584487534626,0.6179501385041551,0.6172853185595568,0.614404432132964,0.6175069252077562,0.6117451523545706,0.6108587257617728,0.6128531855955679,0.6120775623268698,0.6122991689750692,0.6120775623268698,0.6125207756232687,0.6122991689750692,0.6150692520775624,0.6095290858725761,0.6124099722991689,0.6109695290858725,0.6138504155124653,0.6122991689750692,0.6137396121883657,0.6168421052631579,0.6167313019390581,0.614404432132964,0.6150692520775624,0.6142936288088643,0.6130747922437673,0.6141828254847645,0.6130747922437673,0.6100831024930748,0.6101939058171745,0.6105263157894737,0.610415512465374,0.6127423822714682,0.6138504155124653,0.6149584487534626,0.6125207756232687,0.6110803324099723,0.6081994459833795,0.6097506925207756,0.6098614958448754,0.6116343490304709,0.6121883656509696,0.6120775623268698,0.6129639889196676,0.6120775623268698,0.6172853185595568,0.6132963988919667,0.6115235457063712,0.6115235457063712,0.6142936288088643,0.6152908587257617,0.6149584487534626,0.6137396121883657,0.6148476454293629,0.6024376731301939,0.6023268698060942,0.6018836565096953,0.6001108033240997,0.5997783933518006,0.5988919667590028,0.6,0.6014404432132964,0.600775623268698,0.6013296398891966,0.6024376731301939,0.6031024930747922,0.603213296398892,0.6029916897506925,0.6002216066481995,0.6066481994459834,0.6086426592797783,0.6043213296398892,0.6069806094182826,0.6062049861495845,0.6085318559556787,0.6057617728531856,0.6068698060941828,0.6057617728531856,0.6075346260387812,0.6036565096952908,0.6006648199445983,0.6018836565096953,0.6021052631578947,0.6018836565096953,0.603213296398892,0.60797783933518,0.6108587257617728,0.6090858725761773,0.60797783933518,0.60797783933518,0.6089750692520776,0.6099722991689751,0.6073130193905817,0.6097506925207756,0.6098614958448754,0.6100831024930748,0.6134072022160665,0.6124099722991689,0.6116343490304709,0.6095290858725761,0.6098614958448754,0.6125207756232687,0.6124099722991689,0.611191135734072,0.6113019390581718,0.6075346260387812,0.6065373961218836,0.6067590027700831,0.6018836565096953,0.605207756232687,0.6081994459833795,0.6086426592797783,0.6083102493074792,0.6077562326869806,0.60797783933518,0.6053185595567867,0.6063157894736843,0.6063157894736843,0.6049861495844875,0.6074238227146814,0.6077562326869806,0.6106371191135734,0.6060941828254848,0.608421052631579,0.6038781163434903,0.6037673130193906,0.6087534626038781,0.608421052631579,0.6073130193905817,0.6069806094182826,0.609196675900277,0.6085318559556787,0.607202216066482,0.6056509695290859,0.6062049861495845,0.6058725761772853,0.6043213296398892,0.603213296398892,0.6028808864265928,0.6040997229916898,0.6056509695290859,0.6048753462603879,0.6045429362880886,0.605207756232687,0.6076454293628809,0.6085318559556787,0.6083102493074792,0.6028808864265928,0.60797783933518,0.6080886426592798,0.6050969529085872,0.6021052631578947,0.6028808864265928,0.60398891966759,0.6048753462603879,0.605983379501385,0.6062049861495845,0.6057617728531856,0.6066481994459834,0.6070914127423823,0.6048753462603879,0.6063157894736843,0.6106371191135734,0.6100831024930748,0.6115235457063712,0.6097506925207756,0.6106371191135734,0.609196675900277,0.6108587257617728,0.6110803324099723,0.610415512465374,0.6055401662049862,0.6077562326869806,0.6080886426592798,0.6090858725761773,0.6066481994459834,0.6099722991689751,0.6087534626038781,0.6069806094182826,0.6074238227146814,0.6088642659279778,0.60797783933518,0.6129639889196676,0.6105263157894737,0.6110803324099723,0.6127423822714682,0.6110803324099723,0.6126315789473684,0.6108587257617728,0.6090858725761773,0.613185595567867,0.6115235457063712,0.610415512465374,0.6127423822714682,0.6116343490304709,0.6090858725761773,0.6090858725761773,0.609196675900277,0.6115235457063712,0.6105263157894737,0.6098614958448754,0.6099722991689751,0.6108587257617728,0.6089750692520776,0.6099722991689751,0.6114127423822715,0.6117451523545706,0.6086426592797783,0.6109695290858725,0.6100831024930748,0.610415512465374,0.6147368421052631,0.6067590027700831,0.6074238227146814,0.6063157894736843,0.6043213296398892,0.607202216066482,0.6067590027700831,0.6097506925207756,0.6124099722991689,0.6158448753462604,0.6150692520775624,0.6147368421052631,0.6107479224376732,0.6125207756232687,0.613628808864266,0.6180609418282549,0.614404432132964,0.6175069252077562,0.6159556786703602,0.6152908587257617,0.6147368421052631,0.6170637119113573,0.6155124653739612,0.6167313019390581,0.6155124653739612,0.6122991689750692,0.611191135734072,0.6135180055401662,0.6142936288088643,0.6132963988919667,0.6100831024930748,0.6120775623268698,0.6119667590027701,0.6097506925207756,0.6087534626038781,0.609196675900277,0.6074238227146814,0.6078670360110804,0.6100831024930748,0.6087534626038781,0.6090858725761773,0.6088642659279778,0.6074238227146814,0.6086426592797783,0.6083102493074792,0.6070914127423823,0.6038781163434903,0.6070914127423823,0.6050969529085872,0.6077562326869806,0.60797783933518,0.6053185595567867,0.6053185595567867,0.6097506925207756,0.6067590027700831,0.5961218836565096,0.6017728531855956,0.6013296398891966,0.6011080332409973,0.6001108033240997,0.6014404432132964,0.5986703601108033,0.5977839335180055,0.6001108033240997,0.6008864265927978,0.6005540166204986,0.6002216066481995,0.6009972299168975,0.6001108033240997,0.5991135734072022,0.6018836565096953,0.5997783933518006,0.5984487534626038,0.598005540166205,0.5962326869806094,0.5922437673130194,0.5881440443213296,0.5882548476454293,0.5911357340720221,0.5926869806094183,0.594792243767313,0.5962326869806094,0.5964542936288089,0.5961218836565096,0.5950138504155125,0.5939058171745152,0.5891412742382272,0.5882548476454293,0.5881440443213296,0.5886980609418283,0.5885872576177286,0.5891412742382272,0.5870360110803324,0.5873684210526315,0.5865927977839335,0.5899168975069252,0.589584487534626,0.5896952908587257,0.5869252077562327,0.5865927977839335,0.5870360110803324,0.5883656509695291,0.5889196675900277,0.5891412742382272,0.589584487534626,0.5916897506925207,0.590027700831025,0.5882548476454293,0.590027700831025,0.5914681440443214,0.5915789473684211,0.5911357340720221,0.5922437673130194,0.5919113573407202,0.5942382271468144,0.5930193905817175,0.5942382271468144,0.594792243767313,0.5959002770083103,0.59601108033241,0.594792243767313,0.5910249307479224,0.5901385041551247,0.5906925207756233,0.5930193905817175,0.5941274238227147,0.5915789473684211,0.5890304709141274,0.5892520775623269,0.5888088642659279,0.5894736842105263,0.5910249307479224,0.5919113573407202,0.5924653739612188,0.5898060941828255,0.5890304709141274,0.5906925207756233,0.5921329639889197,0.5929085872576177,0.5920221606648199,0.5916897506925207,0.5910249307479224,0.5909141274238228,0.5914681440443214,0.590027700831025,0.5890304709141274,0.5885872576177286,0.5877008310249308,0.5886980609418283,0.5890304709141274,0.5880332409972299,0.5891412742382272,0.5909141274238228,0.5906925207756233,0.5934626038781163,0.5872576177285319,0.5867036011080332,0.5871468144044322,0.5884764542936288,0.5894736842105263,0.590027700831025,0.5890304709141274,0.5920221606648199,0.5916897506925207,0.5906925207756233,0.5921329639889197,0.5951246537396122,0.5934626038781163,0.5923545706371192,0.5939058171745152,0.5934626038781163,0.5932409972299169,0.5963434903047091,0.59601108033241,0.5955678670360111,0.5944598337950139,0.5937950138504156,0.5915789473684211,0.5934626038781163,0.5923545706371192,0.5944598337950139,0.5955678670360111,0.5943490304709141,0.5940166204986149,0.5936842105263158,0.5924653739612188,0.5949030470914127,0.5937950138504156,0.5940166204986149,0.594792243767313,0.5957894736842105,0.595235457063712,0.592797783933518,0.5929085872576177,0.594792243767313,0.5926869806094183,0.5942382271468144,0.5963434903047091,0.5953462603878117,0.5941274238227147,0.5942382271468144,0.5934626038781163,0.5941274238227147,0.5932409972299169,0.5910249307479224,0.5924653739612188,0.5919113573407202,0.586814404432133,0.5844875346260388,0.587590027700831,0.590027700831025,0.5871468144044322,0.5869252077562327,0.5859279778393351,0.5871468144044322,0.5850415512465375,0.5861495844875346,0.5912465373961219,0.5925761772853185,0.5932409972299169,0.5940166204986149,0.5921329639889197,0.592797783933518,0.5880332409972299,0.590027700831025,0.5886980609418283,0.5915789473684211,0.5914681440443214,0.5906925207756233,0.5918005540166205,0.5921329639889197,0.5921329639889197,0.5894736842105263,0.5874792243767313,0.5858171745152354,0.5880332409972299,0.5884764542936288,0.5885872576177286,0.5854847645429363,0.5871468144044322,0.5864819944598338,0.5859279778393351,0.5865927977839335,0.5872576177285319,0.5880332409972299,0.5911357340720221,0.5859279778393351,0.590027700831025,0.590027700831025,0.5911357340720221,0.5913573407202216,0.5896952908587257,0.5892520775623269,0.5891412742382272,0.5886980609418283,0.5894736842105263,0.5894736842105263,0.5898060941828255,0.5904709141274238,0.5898060941828255,0.5916897506925207,0.5905817174515235,0.5925761772853185,0.5920221606648199,0.5911357340720221,0.5918005540166205,0.5881440443213296,0.5891412742382272,0.5890304709141274,0.5857063711911358,0.5847091412742382,0.5880332409972299,0.5853739612188366,0.5847091412742382,0.583601108033241,0.5862603878116344,0.5851523545706371,0.5852631578947368,0.5850415512465375,0.584819944598338,0.583601108033241,0.5852631578947368,0.5865927977839335,0.5861495844875346,0.5857063711911358,0.5840443213296399,0.5844875346260388,0.5834903047091413,0.5810526315789474,0.5832686980609418,0.581606648199446,0.5827146814404432,0.5826038781163435,0.5811634349030471,0.5830470914127424,0.5840443213296399,0.5806094182825485,0.5824930747922438,0.5817174515235457,0.5798337950138505,0.5785041551246537,0.5802770083102493,0.5830470914127424,0.5780609418282548,0.5769529085872576,0.5819390581717452,0.5780609418282548,0.5790581717451524,0.5779501385041551,0.5788365650969529,0.5808310249307479,0.5808310249307479,0.5844875346260388,0.5833795013850416,0.5820498614958449,0.5839335180055402,0.584819944598338,0.5853739612188366,0.5864819944598338,0.5853739612188366,0.5849307479224377,0.5861495844875346,0.5838227146814404,0.5837119113573407,0.5827146814404432,0.5838227146814404,0.582382271468144,0.5832686980609418,0.5810526315789474,0.5778393351800554,0.582825484764543,0.577174515235457,0.5808310249307479,0.5807202216066482,0.5807202216066482,0.5798337950138505,0.5779501385041551,0.5802770083102493,0.5809418282548476,0.5786149584487534,0.5790581717451524,0.5801662049861496,0.5795013850415512,0.5795013850415512,0.579168975069252,0.576398891966759,0.5795013850415512,0.5779501385041551,0.5773961218836565,0.5766204986149585,0.5775069252077563,0.5761772853185596,0.5779501385041551,0.5766204986149585,0.5782825484764543,0.5788365650969529,0.577174515235457,0.5799445983379501,0.5797229916897507,0.5827146814404432,0.5853739612188366,0.5820498614958449,0.5885872576177286,0.5870360110803324,0.5847091412742382,0.583601108033241,0.5839335180055402,0.5837119113573407,0.5874792243767313,0.5858171745152354,0.5839335180055402,0.5850415512465375,0.5862603878116344,0.586814404432133,0.5851523545706371,0.5867036011080332,0.5865927977839335,0.5863711911357341,0.5888088642659279,0.5880332409972299,0.5883656509695291,0.5865927977839335,0.5832686980609418,0.5849307479224377,0.584376731301939,0.5847091412742382,0.584376731301939,0.5840443213296399,0.5845983379501385,0.5833795013850416,0.5844875346260388,0.584376731301939,0.5844875346260388,0.5889196675900277,0.5883656509695291,0.585595567867036,0.584376731301939,0.584819944598338,0.5850415512465375,0.5812742382271469,0.582825484764543,0.582382271468144,0.5824930747922438,0.5813850415512465,0.581606648199446,0.5810526315789474,0.5826038781163435,0.5852631578947368,0.5870360110803324,0.5860387811634349,0.5871468144044322,0.585595567867036,0.5850415512465375,0.5857063711911358,0.5864819944598338,0.5864819944598338,0.5844875346260388,0.583601108033241,0.5853739612188366,0.5860387811634349,0.584819944598338,0.5839335180055402,0.5842659279778394,0.5859279778393351,0.5827146814404432,0.5792797783933518,0.5829362880886426,0.5842659279778394,0.5850415512465375,0.5859279778393351,0.5865927977839335,0.5838227146814404,0.5842659279778394,0.5814958448753462,0.5838227146814404,0.5797229916897507,0.5842659279778394,0.5851523545706371,0.5849307479224377,0.5893628808864266,0.5880332409972299,0.5874792243767313,0.5871468144044322,0.5863711911357341,0.5862603878116344,0.5858171745152354,0.5833795013850416,0.5849307479224377,0.5813850415512465,0.5865927977839335,0.5877008310249308,0.5893628808864266,0.590027700831025,0.5914681440443214,0.5912465373961219,0.5909141274238228,0.5913573407202216,0.5902493074792243,0.590027700831025,0.5896952908587257,0.589584487534626,0.5906925207756233,0.5909141274238228,0.5916897506925207,0.5899168975069252,0.5901385041551247,0.5899168975069252,0.5890304709141274,0.5913573407202216,0.5924653739612188,0.5896952908587257,0.5893628808864266,0.5881440443213296,0.5877008310249308,0.5879224376731302,0.5849307479224377,0.5871468144044322,0.590027700831025,0.5920221606648199,0.5882548476454293,0.5860387811634349,0.5871468144044322,0.5880332409972299,0.5891412742382272,0.5884764542936288,0.5882548476454293,0.5882548476454293,0.5880332409972299,0.5881440443213296,0.5830470914127424,0.5880332409972299,0.5837119113573407,0.5834903047091413,0.5838227146814404,0.5795013850415512,0.5783933518005541,0.5769529085872576,0.5814958448753462,0.5807202216066482,0.5741828254847645,0.5765096952908587,0.5756232686980609,0.5760664819944599,0.5807202216066482,0.579168975069252,0.5795013850415512,0.5812742382271469,0.5818282548476454,0.5841551246537396,0.5811634349030471,0.583601108033241,0.583601108033241,0.5870360110803324,0.5860387811634349,0.5872576177285319,0.5886980609418283,0.5859279778393351,0.5870360110803324,0.5857063711911358,0.5844875346260388,0.582825484764543,0.5834903047091413,0.5840443213296399,0.5847091412742382,0.5786149584487534,0.577174515235457,0.5820498614958449,0.5767313019390582,0.5779501385041551,0.5800554016620498,0.5808310249307479,0.5814958448753462,0.5851523545706371,0.585595567867036,0.5818282548476454,0.582825484764543,0.5821606648199446,0.5788365650969529,0.5832686980609418,0.5838227146814404,0.5821606648199446,0.5830470914127424,0.5829362880886426,0.5852631578947368,0.5813850415512465,0.586814404432133,0.5870360110803324,0.5839335180055402,0.5827146814404432,0.5837119113573407,0.5844875346260388,0.5832686980609418,0.5885872576177286,0.5795013850415512,0.5685318559556787,0.5633240997229917,0.5622160664819945,0.5689750692520775,0.566426592797784,0.5694182825484765,0.5704155124653739,0.5666481994459833,0.564432132963989,0.5650969529085873,0.5613296398891967,0.5611080332409972,0.560775623268698,0.5601108033240997,0.5604432132963989,0.5624376731301939,0.560775623268698,0.5628808864265928,0.5627700831024931,0.5601108033240997,0.5515789473684211,0.5576731301939059,0.5529085872576177,0.5480332409972299,0.558781163434903,0.5577839335180056,0.5588919667590028,0.5582271468144044,0.5573407202216066,0.5575623268698061,0.5588919667590028,0.5601108033240997,0.5603324099722992,0.5576731301939059,0.5546814404432133,0.5571191135734072,0.5577839335180056,0.5583379501385042,0.5570083102493075,0.5573407202216066,0.5578947368421052,0.5582271468144044,0.5574515235457064,0.5568975069252078,0.5572299168975069,0.5577839335180056,0.5546814404432133,0.5550138504155124,0.5571191135734072,0.5546814404432133,0.5591135734072022,0.5605540166204986,0.563213296398892,0.5614404432132964,0.5621052631578948,0.5616620498614958,0.5606648199445984,0.5613296398891967,0.5586703601108033,0.5611080332409972,0.5603324099722992,0.5573407202216066,0.55601108033241,0.5574515235457064,0.5574515235457064,0.5559002770083102,0.5564542936288088,0.556786703601108,0.5564542936288088,0.55601108033241,0.5566759002770083,0.5536842105263158,0.5565650969529086,0.5554570637119114,0.5547922437673131,0.5566759002770083,0.5582271468144044,0.5562326869806095,0.5572299168975069,0.5571191135734072,0.5578947368421052,0.5590027700831025,0.5594459833795014,0.5590027700831025,0.5566759002770083,0.5603324099722992,0.5593351800554016,0.5561218836565097,0.5563434903047091,0.558005540166205,0.5621052631578948,0.5616620498614958,0.553573407202216,0.5537950138504155,0.55601108033241,0.5551246537396122,0.5552354570637119,0.553573407202216,0.5521329639889196,0.5545706371191136,0.5519113573407203,0.5542382271468144,0.5533518005540167,0.5524653739612189,0.5571191135734072,0.5531301939058172,0.5546814404432133,0.5534626038781163,0.5559002770083102,0.5542382271468144,0.5512465373961218,0.5512465373961218,0.5518005540166205,0.5516897506925208,0.5541274238227146,0.5498060941828254,0.5516897506925208,0.5512465373961218,0.5505817174515235,0.5509141274238227,0.5512465373961218,0.553573407202216,0.552797783933518,0.548808864265928,0.5506925207756233,0.5464819944598338,0.5471468144044321,0.547590027700831,0.5485872576177285,0.5479224376731302,0.5473684210526316,0.5477008310249307,0.5490304709141274,0.5506925207756233,0.5514681440443213,0.5495844875346261,0.5504709141274238,0.5495844875346261,0.5492520775623269,0.550803324099723,0.5485872576177285,0.553573407202216,0.5482548476454293,0.5503601108033241,0.5481440443213297,0.5472576177285319,0.5493628808864266,0.5486980609418283,0.5474792243767314,0.5491412742382271,0.5493628808864266,0.5495844875346261,0.5480332409972299,0.5500277008310249,0.5496952908587258,0.5504709141274238,0.5498060941828254,0.5486980609418283,0.5505817174515235,0.5494736842105263,0.5493628808864266,0.5482548476454293,0.5473684210526316,0.5486980609418283,0.5479224376731302,0.5494736842105263,0.5492520775623269,0.5499168975069252,0.5516897506925208,0.5518005540166205,0.552797783933518,0.5549030470914127,0.5568975069252078,0.552797783933518,0.5550138504155124,0.5546814404432133,0.554016620498615,0.5550138504155124,0.5519113573407203,0.5574515235457064,0.5522437673130194,0.5536842105263158,0.5530193905817175,0.5529085872576177,0.5524653739612189,0.5522437673130194,0.5530193905817175,0.5504709141274238,0.5500277008310249,0.5516897506925208,0.5520221606648199,0.5523545706371191,0.5553462603878117,0.5525761772853186,0.5547922437673131,0.5533518005540167,0.553573407202216,0.5544598337950138,0.554016620498615,0.5489196675900277,0.5501385041551247,0.5542382271468144,0.5519113573407203,0.5575623268698061,0.5564542936288088,0.5520221606648199,0.5536842105263158,0.5542382271468144,0.5541274238227146,0.5531301939058172,0.553573407202216,0.5522437673130194,0.5515789473684211,0.5556786703601108,0.5557894736842105,0.552797783933518,0.5512465373961218,0.5510249307479225,0.5519113573407203,0.5549030470914127,0.5544598337950138,0.5552354570637119,0.5545706371191136,0.5544598337950138,0.5552354570637119,0.5565650969529086,0.5581163434903047,0.5581163434903047,0.5546814404432133,0.5594459833795014,0.556786703601108,0.5584487534626039,0.5576731301939059,0.56,0.5549030470914127,0.55601108033241,0.5555678670360111,0.5542382271468144,0.5562326869806095,0.5564542936288088,0.5544598337950138,0.5564542936288088,0.558005540166205,0.5532409972299169,0.553573407202216,0.5554570637119114,0.5543490304709141,0.5549030470914127,0.5576731301939059,0.5576731301939059,0.5584487534626039,0.5577839335180056,0.5581163434903047,0.5576731301939059,0.5570083102493075,0.5593351800554016,0.5601108033240997,0.5605540166204986,0.5604432132963989,0.5602216066481994,0.5616620498614958,0.5621052631578948,0.5577839335180056,0.5572299168975069,0.5624376731301939,0.5606648199445984,0.5617728531855956,0.5603324099722992,0.5625484764542936,0.5596675900277008,0.5573407202216066,0.5576731301939059,0.5578947368421052,0.5631024930747922,0.5643213296398892,0.5625484764542936,0.56398891966759,0.561994459833795,0.5616620498614958,0.5633240997229917,0.5642105263157895,0.561994459833795,0.5596675900277008,0.5606648199445984,0.5590027700831025,0.561994459833795,0.5603324099722992,0.5614404432132964,0.5603324099722992,0.5615512465373961,0.561994459833795,0.5601108033240997,0.5605540166204986,0.5615512465373961,0.5616620498614958,0.5647645429362881,0.5629916897506925,0.5648753462603878,0.5611080332409972,0.5624376731301939,0.5596675900277008,0.56398891966759,0.5614404432132964,0.5623268698060941,0.5623268698060941,0.5638781163434903,0.5629916897506925,0.5629916897506925,0.56,0.5618836565096953,0.5618836565096953,0.5670914127423823,0.5625484764542936,0.5668698060941828,0.5609972299168975,0.5640997229916898,0.5636565096952909,0.5586703601108033,0.5601108033240997,0.5605540166204986,0.5585595567867035,0.5606648199445984,0.5594459833795014,0.5601108033240997,0.5591135734072022,0.5566759002770083,0.5571191135734072,0.558781163434903,0.5606648199445984,0.5561218836565097,0.5565650969529086,0.5563434903047091,0.5561218836565097,0.5578947368421052,0.5596675900277008,0.5588919667590028,0.5598891966759003,0.5550138504155124,0.5570083102493075,0.5586703601108033,0.5581163434903047,0.5576731301939059,0.5571191135734072,0.5570083102493075,0.5570083102493075,0.5581163434903047,0.56,0.5603324099722992,0.5617728531855956,0.5578947368421052,0.5549030470914127,0.556786703601108,0.5550138504155124,0.5577839335180056,0.5566759002770083,0.5598891966759003,0.5591135734072022,0.560775623268698,0.5576731301939059,0.558781163434903,0.5573407202216066,0.5573407202216066,0.5573407202216066,0.5577839335180056,0.5594459833795014,0.5581163434903047,0.5584487534626039,0.5584487534626039,0.559224376731302,0.5616620498614958,0.5602216066481994,0.5590027700831025,0.5597783933518006,0.5602216066481994,0.5577839335180056,0.5611080332409972,0.5598891966759003,0.5593351800554016,0.5613296398891967,0.5621052631578948,0.560775623268698,0.5613296398891967,0.561218836565097,0.5604432132963989,0.5608864265927977,0.5611080332409972,0.5627700831024931,0.5609972299168975,0.561218836565097,0.5604432132963989,0.5602216066481994,0.5593351800554016,0.5603324099722992,0.5603324099722992,0.5617728531855956,0.561218836565097,0.5621052631578948,0.559224376731302,0.5597783933518006,0.5601108033240997,0.561218836565097,0.5577839335180056,0.560775623268698,0.558781163434903,0.5571191135734072,0.5571191135734072,0.5572299168975069,0.5572299168975069,0.5575623268698061,0.5564542936288088,0.5574515235457064,0.5582271468144044,0.5576731301939059,0.556786703601108,0.5571191135734072,0.5611080332409972,0.561994459833795,0.5605540166204986,0.5598891966759003,0.5611080332409972,0.5601108033240997,0.5625484764542936,0.5614404432132964,0.5598891966759003,0.5601108033240997,0.5577839335180056,0.5601108033240997,0.5614404432132964,0.5616620498614958,0.5631024930747922,0.560775623268698,0.5627700831024931,0.5631024930747922,0.56,0.5624376731301939,0.5604432132963989,0.5593351800554016,0.5611080332409972,0.5608864265927977,0.5582271468144044,0.5586703601108033,0.5561218836565097,0.5531301939058172,0.5529085872576177,0.558005540166205,0.559224376731302,0.5574515235457064,0.5586703601108033,0.558781163434903,0.558005540166205,0.5594459833795014,0.553573407202216,0.5557894736842105,0.5546814404432133,0.5552354570637119,0.5590027700831025,0.5545706371191136,0.5542382271468144,0.5601108033240997,0.5575623268698061,0.5584487534626039,0.5564542936288088,0.5581163434903047,0.558781163434903,0.5591135734072022,0.5611080332409972,0.5598891966759003,0.5596675900277008,0.5618836565096953,0.5573407202216066,0.5581163434903047,0.5572299168975069,0.5576731301939059,0.5545706371191136,0.5568975069252078,0.5554570637119114,0.5547922437673131,0.5549030470914127,0.5537950138504155,0.5553462603878117,0.5552354570637119,0.5570083102493075,0.55601108033241,0.5582271468144044,0.5581163434903047,0.554016620498615,0.5546814404432133,0.5555678670360111,0.5572299168975069,0.5526869806094182,0.5521329639889196,0.5545706371191136,0.5556786703601108,0.5556786703601108,0.5553462603878117,0.5572299168975069,0.5582271468144044,0.5556786703601108,0.5557894736842105,0.5575623268698061,0.5606648199445984,0.5609972299168975,0.5598891966759003,0.5593351800554016,0.5597783933518006,0.5622160664819945,0.5635457063711912,0.5647645429362881,0.5636565096952909,0.5648753462603878,0.5628808864265928,0.5637673130193905,0.563213296398892,0.5605540166204986,0.5597783933518006,0.5615512465373961,0.5625484764542936,0.5626592797783934,0.5633240997229917,0.561218836565097,0.561218836565097,0.5603324099722992,0.5595567867036011,0.5588919667590028,0.5556786703601108,0.5578947368421052,0.5539058171745153,0.5563434903047091,0.55601108033241,0.5544598337950138,0.5564542936288088,0.5562326869806095,0.5574515235457064,0.5578947368421052,0.5591135734072022,0.559224376731302,0.5585595567867035,0.5603324099722992,0.5602216066481994,0.5597783933518006,0.56,0.5597783933518006,0.5614404432132964,0.5597783933518006,0.5584487534626039,0.558005540166205,0.560775623268698,0.5585595567867035,0.5586703601108033,0.5614404432132964,0.5563434903047091,0.5573407202216066,0.5591135734072022,0.5570083102493075,0.5561218836565097,0.5561218836565097,0.5561218836565097,0.5561218836565097,0.5561218836565097,0.5573407202216066,0.5573407202216066,0.5578947368421052,0.5557894736842105,0.5551246537396122,0.5551246537396122,0.5551246537396122,0.5555678670360111,0.5566759002770083,0.5552354570637119,0.5563434903047091,0.55601108033241,0.5554570637119114,0.5550138504155124,0.5550138504155124,0.55601108033241,0.5570083102493075,0.5581163434903047,0.5577839335180056,0.5572299168975069,0.5577839335180056,0.5568975069252078,0.5596675900277008,0.5602216066481994,0.5576731301939059,0.5584487534626039,0.5546814404432133,0.5591135734072022,0.5570083102493075,0.5568975069252078,0.5563434903047091,0.5623268698060941,0.561994459833795,0.561994459833795,0.5618836565096953,0.5609972299168975,0.5628808864265928,0.5617728531855956,0.561994459833795,0.5621052631578948,0.5613296398891967,0.56,0.561218836565097,0.5657617728531856,0.5652077562326869,0.5638781163434903,0.561218836565097,0.5670914127423823,0.56398891966759,0.5662049861495845,0.5652077562326869,0.5623268698060941,0.5638781163434903,0.5638781163434903,0.5637673130193905,0.5636565096952909,0.5649861495844876,0.5605540166204986,0.5625484764542936,0.5646537396121883,0.5640997229916898,0.5646537396121883,0.5650969529085873,0.5648753462603878,0.56398891966759,0.5655401662049861,0.5648753462603878,0.5640997229916898,0.5665373961218837,0.5652077562326869,0.5631024930747922,0.5628808864265928,0.5638781163434903,0.5636565096952909,0.563213296398892,0.5635457063711912,0.5635457063711912,0.5640997229916898,0.5634349030470914,0.5643213296398892,0.5625484764542936,0.5627700831024931,0.5631024930747922,0.5631024930747922,0.5623268698060941,0.5625484764542936,0.5640997229916898,0.5636565096952909,0.5629916897506925,0.561994459833795,0.5637673130193905,0.5626592797783934,0.5642105263157895,0.5633240997229917,0.5617728531855956,0.5618836565096953,0.5618836565096953,0.5634349030470914,0.5634349030470914,0.5629916897506925,0.5629916897506925,0.5629916897506925,0.564432132963989,0.5637673130193905,0.5640997229916898,0.5638781163434903,0.5621052631578948,0.5648753462603878,0.5650969529085873,0.5648753462603878,0.564432132963989,0.564432132963989,0.564432132963989,0.564432132963989,0.564432132963989,0.564432132963989,0.564432132963989,0.564432132963989,0.564432132963989,0.564432132963989,0.5660941828254847,0.5663157894736842,0.5663157894736842,0.5649861495844876,0.563213296398892,0.5636565096952909,0.5648753462603878,0.5636565096952909,0.5642105263157895,0.564432132963989,0.5652077562326869,0.5658725761772854,0.5674238227146814,0.5648753462603878,0.5650969529085873,0.5658725761772854,0.5655401662049861,0.5640997229916898,0.56398891966759,0.5653185595567867,0.5669806094182825,0.5674238227146814,0.5650969529085873,0.565983379501385,0.565983379501385,0.565983379501385,0.5622160664819945,0.5633240997229917,0.5633240997229917,0.5624376731301939,0.5617728531855956,0.5638781163434903,0.5631024930747922,0.5642105263157895,0.5636565096952909,0.5625484764542936,0.5626592797783934,0.5626592797783934,0.5626592797783934,0.5626592797783934,0.5626592797783934,0.5626592797783934,0.5635457063711912,0.5635457063711912,0.5636565096952909,0.5637673130193905,0.5637673130193905,0.5637673130193905,0.5637673130193905,0.5637673130193905,0.5635457063711912,0.5637673130193905,0.5633240997229917,0.5614404432132964,0.5634349030470914,0.5625484764542936,0.5614404432132964,0.5601108033240997,0.561218836565097,0.5629916897506925,0.5617728531855956,0.561218836565097,0.5602216066481994,0.5614404432132964,0.5585595567867035,0.5594459833795014,0.561218836565097,0.5597783933518006,0.564432132963989,0.5640997229916898,0.5640997229916898,0.5624376731301939,0.5678670360110804,0.5652077562326869,0.5616620498614958,0.5621052631578948,0.5628808864265928,0.5622160664819945,0.5621052631578948,0.5624376731301939,0.5613296398891967,0.5622160664819945,0.560775623268698,0.5633240997229917,0.5615512465373961,0.5594459833795014,0.5601108033240997,0.5598891966759003,0.5598891966759003,0.5602216066481994,0.5597783933518006,0.5593351800554016,0.5593351800554016,0.5591135734072022,0.5591135734072022,0.5591135734072022,0.5586703601108033,0.5590027700831025,0.5590027700831025,0.559224376731302,0.5617728531855956,0.5605540166204986,0.5602216066481994,0.560775623268698,0.5609972299168975,0.561218836565097,0.5613296398891967,0.5536842105263158,0.5518005540166205,0.55601108033241,0.5551246537396122,0.5544598337950138,0.5536842105263158,0.5534626038781163,0.5550138504155124,0.5555678670360111,0.5553462603878117,0.5549030470914127,0.5541274238227146,0.5544598337950138,0.5554570637119114,0.5553462603878117,0.5573407202216066,0.5575623268698061,0.5566759002770083,0.5566759002770083,0.5573407202216066,0.5563434903047091,0.5543490304709141,0.5550138504155124,0.5552354570637119,0.5552354570637119,0.5574515235457064,0.5563434903047091,0.5574515235457064,0.5568975069252078,0.5561218836565097,0.558005540166205,0.5590027700831025,0.5590027700831025,0.5586703601108033,0.5577839335180056,0.5553462603878117,0.5547922437673131,0.5544598337950138,0.5536842105263158,0.5576731301939059,0.5572299168975069,0.5584487534626039,0.5577839335180056,0.5582271468144044,0.5574515235457064,0.5571191135734072,0.5574515235457064,0.556786703601108,0.5553462603878117,0.5556786703601108,0.5537950138504155,0.5557894736842105,0.5559002770083102,0.5555678670360111,0.5570083102493075,0.5566759002770083,0.5554570637119114,0.5559002770083102,0.5552354570637119,0.5544598337950138,0.5549030470914127,0.5541274238227146,0.5541274238227146,0.5532409972299169,0.554016620498615,0.552797783933518,0.5536842105263158,0.5521329639889196,0.5521329639889196,0.5510249307479225,0.5498060941828254,0.5500277008310249,0.5500277008310249,0.5509141274238227,0.5506925207756233,0.5520221606648199,0.5499168975069252,0.5529085872576177,0.5525761772853186,0.553573407202216,0.5531301939058172,0.5519113573407203,0.5512465373961218,0.5526869806094182,0.5544598337950138,0.5557894736842105,0.55601108033241,0.5550138504155124,0.5545706371191136,0.5544598337950138,0.553573407202216,0.5543490304709141,0.5541274238227146,0.5542382271468144,0.5555678670360111,0.5549030470914127,0.5545706371191136,0.554016620498615,0.5537950138504155,0.5546814404432133,0.5537950138504155,0.5549030470914127,0.5552354570637119,0.5551246537396122,0.5544598337950138,0.5536842105263158,0.5547922437673131,0.5557894736842105,0.5542382271468144,0.5537950138504155,0.5554570637119114,0.5555678670360111,0.5549030470914127,0.5557894736842105,0.5546814404432133,0.552797783933518,0.5547922437673131,0.5524653739612189,0.5536842105263158,0.5550138504155124,0.5537950138504155,0.5561218836565097,0.553573407202216,0.5545706371191136,0.5543490304709141,0.5547922437673131,0.5559002770083102,0.5522437673130194,0.5556786703601108,0.5531301939058172,0.5557894736842105,0.5551246537396122,0.5539058171745153,0.5532409972299169,0.552797783933518,0.5545706371191136,0.5534626038781163,0.5521329639889196,0.5523545706371191,0.5531301939058172,0.5521329639889196,0.5523545706371191,0.5525761772853186,0.5518005540166205,0.5525761772853186,0.5498060941828254,0.5504709141274238,0.5532409972299169,0.5498060941828254,0.5504709141274238,0.5489196675900277,0.5495844875346261,0.5504709141274238,0.5504709141274238,0.5498060941828254,0.5501385041551247,0.5501385041551247,0.5473684210526316,0.548808864265928,0.548808864265928,0.5474792243767314,0.5484764542936288,0.5489196675900277,0.5486980609418283,0.5486980609418283,0.5477008310249307,0.5464819944598338,0.5453739612188365,0.5484764542936288,0.5503601108033241,0.5489196675900277,0.5451523545706372,0.5457063711911357,0.5470360110803324,0.5467036011080333,0.5471468144044321,0.5454847645429363,0.5463711911357341,0.5473684210526316,0.548808864265928,0.5501385041551247,0.5489196675900277,0.5482548476454293,0.5485872576177285,0.5439335180055401,0.5478116343490305,0.5478116343490305,0.5452631578947369,0.5494736842105263,0.5495844875346261,0.5509141274238227,0.550803324099723,0.5493628808864266,0.5516897506925208,0.5509141274238227,0.5473684210526316,0.5465927977839335,0.5482548476454293,0.5464819944598338,0.5461495844875346,0.5457063711911357,0.5470360110803324,0.5448199445983379,0.5458171745152355,0.5474792243767314,0.5485872576177285,0.5482548476454293,0.5486980609418283,0.5504709141274238,0.5486980609418283,0.548365650969529,0.5493628808864266,0.5492520775623269,0.556786703601108,0.55601108033241,0.5561218836565097,0.5551246537396122,0.5570083102493075,0.5594459833795014,0.5608864265927977,0.5597783933518006,0.5606648199445984,0.5563434903047091,0.556786703601108,0.5574515235457064,0.5549030470914127,0.5557894736842105,0.5572299168975069,0.5586703601108033,0.5577839335180056,0.5583379501385042,0.559224376731302,0.559224376731302,0.5588919667590028,0.5597783933518006,0.5596675900277008,0.5604432132963989,0.5585595567867035,0.5573407202216066,0.5586703601108033,0.5601108033240997,0.5565650969529086,0.5561218836565097,0.5571191135734072,0.5566759002770083,0.5576731301939059,0.5557894736842105,0.5574515235457064,0.5581163434903047,0.558005540166205,0.5575623268698061,0.55601108033241,0.5577839335180056,0.5574515235457064,0.558781163434903,0.5583379501385042,0.5604432132963989,0.5598891966759003,0.5590027700831025,0.5585595567867035,0.5596675900277008,0.560775623268698,0.560775623268698,0.5602216066481994,0.5588919667590028,0.5611080332409972,0.561218836565097,0.5584487534626039,0.5594459833795014,0.5604432132963989,0.5602216066481994,0.5606648199445984,0.5624376731301939,0.5582271468144044,0.5591135734072022,0.5575623268698061,0.5581163434903047,0.5566759002770083,0.5590027700831025,0.559224376731302,0.5606648199445984,0.5629916897506925,0.5603324099722992,0.558781163434903,0.5604432132963989,0.56,0.5616620498614958,0.5594459833795014,0.5564542936288088,0.5577839335180056,0.558781163434903,0.5582271468144044,0.5583379501385042,0.5604432132963989,0.5577839335180056,0.5595567867036011,0.5584487534626039,0.5602216066481994,0.5625484764542936,0.5621052631578948,0.5631024930747922,0.5605540166204986,0.5618836565096953,0.560775623268698,0.5606648199445984,0.5583379501385042,0.5591135734072022,0.5549030470914127,0.5552354570637119,0.5564542936288088,0.5547922437673131,0.5529085872576177,0.5524653739612189,0.5526869806094182,0.5561218836565097,0.5541274238227146,0.5534626038781163,0.5524653739612189,0.5533518005540167,0.5520221606648199,0.552797783933518,0.554016620498615,0.5509141274238227,0.5545706371191136,0.55601108033241,0.5546814404432133,0.5551246537396122,0.5566759002770083,0.5552354570637119,0.5588919667590028,0.561218836565097,0.5629916897506925,0.5637673130193905,0.5624376731301939,0.5609972299168975,0.5614404432132964,0.5615512465373961,0.559224376731302,0.5611080332409972,0.5618836565096953,0.561218836565097,0.5616620498614958,0.5616620498614958,0.561218836565097,0.5614404432132964,0.5609972299168975,0.5585595567867035,0.5603324099722992,0.5597783933518006,0.5597783933518006,0.5597783933518006,0.5594459833795014,0.5616620498614958,0.5594459833795014,0.5594459833795014,0.5576731301939059,0.5603324099722992,0.5614404432132964,0.5583379501385042,0.5570083102493075,0.5575623268698061,0.5565650969529086,0.5598891966759003,0.5583379501385042,0.5583379501385042,0.558781163434903,0.5573407202216066,0.5578947368421052,0.5576731301939059,0.5614404432132964,0.5605540166204986,0.5601108033240997,0.5606648199445984,0.5618836565096953,0.5625484764542936,0.5563434903047091,0.5573407202216066,0.5559002770083102,0.5565650969529086,0.5574515235457064,0.5568975069252078,0.556786703601108,0.5554570637119114,0.5563434903047091,0.5570083102493075,0.5562326869806095,0.5566759002770083,0.5530193905817175,0.5559002770083102,0.5532409972299169,0.5555678670360111,0.5574515235457064,0.5574515235457064,0.5570083102493075,0.5577839335180056,0.5574515235457064,0.5615512465373961,0.561218836565097,0.5573407202216066,0.5585595567867035,0.5572299168975069,0.5565650969529086,0.5554570637119114,0.5550138504155124,0.5571191135734072,0.5586703601108033,0.5563434903047091,0.554016620498615,0.5561218836565097,0.5536842105263158,0.5546814404432133,0.5549030470914127,0.5543490304709141,0.5562326869806095,0.5533518005540167,0.5565650969529086,0.5556786703601108,0.5565650969529086,0.5571191135734072,0.5519113573407203,0.5499168975069252,0.5510249307479225,0.5526869806094182,0.5501385041551247,0.5494736842105263,0.5496952908587258,0.5484764542936288,0.5494736842105263,0.5576731301939059,0.5616620498614958,0.5591135734072022,0.5597783933518006,0.5586703601108033,0.5605540166204986,0.5616620498614958,0.5602216066481994,0.558005540166205,0.5598891966759003,0.5594459833795014,0.558781163434903,0.5570083102493075,0.5604432132963989,0.5608864265927977,0.5604432132963989,0.5564542936288088,0.5588919667590028,0.558005540166205,0.5586703601108033,0.5595567867036011,0.5570083102493075,0.5576731301939059,0.5576731301939059,0.5591135734072022,0.55601108033241,0.55601108033241,0.5585595567867035,0.5582271468144044,0.5571191135734072,0.5578947368421052,0.5572299168975069,0.5562326869806095,0.5498060941828254,0.5543490304709141,0.55601108033241,0.5534626038781163,0.5513573407202216,0.5585595567867035,0.5552354570637119,0.5578947368421052,0.553573407202216,0.5593351800554016,0.559224376731302,0.5628808864265928,0.5633240997229917,0.5631024930747922,0.5576731301939059,0.5594459833795014,0.561218836565097,0.5603324099722992,0.56,0.5595567867036011,0.560775623268698,0.5605540166204986,0.5590027700831025,0.5594459833795014,0.5588919667590028,0.5601108033240997,0.5585595567867035,0.5596675900277008,0.5583379501385042,0.5627700831024931,0.5627700831024931,0.5628808864265928,0.5635457063711912,0.5628808864265928,0.5631024930747922,0.5617728531855956,0.5622160664819945,0.5621052631578948,0.5629916897506925,0.5650969529085873,0.5625484764542936,0.5640997229916898,0.5629916897506925,0.5590027700831025,0.5564542936288088,0.5518005540166205,0.5523545706371191,0.5547922437673131,0.5568975069252078,0.558005540166205,0.5585595567867035,0.5582271468144044,0.5593351800554016,0.5613296398891967,0.5590027700831025,0.5554570637119114,0.5379501385041551,0.5409418282548476,0.5412742382271468,0.5419390581717451,0.5433795013850415,0.5464819944598338,0.5460387811634348,0.5430470914127424,0.5444875346260388,0.543601108033241,0.5443767313019391,0.5458171745152355,0.5420498614958449,0.5440443213296399,0.5448199445983379,0.5469252077562327,0.5468144044321329,0.5449307479224377,0.5426038781163435,0.5438227146814404,0.5432686980609418,0.5414958448753463,0.5429362880886427,0.5429362880886427,0.5416066481994459,0.5390581717451524,0.5386149584487535,0.5410526315789473,0.5395013850415512,0.542382271468144,0.5404986149584488,0.5402770083102493,0.5400554016620499,0.5392797783933518,0.5417174515235457,0.540831024930748,0.540387811634349,0.5395013850415512,0.5402770083102493,0.5414958448753463,0.540831024930748,0.5416066481994459,0.5418282548476454,0.5410526315789473,0.5413850415512466,0.5414958448753463,0.5412742382271468,0.5414958448753463,0.5417174515235457,0.5440443213296399,0.5432686980609418,0.5447091412742382,0.5442659279778393,0.5432686980609418,0.5414958448753463,0.5385041551246538,0.5419390581717451,0.5419390581717451,0.5390581717451524,0.5390581717451524,0.5411634349030471,0.5398337950138504,0.5380609418282548,0.5378393351800554,0.5377285318559557,0.5386149584487535,0.539612188365651,0.539612188365651,0.5401662049861495,0.5400554016620499,0.5400554016620499,0.5400554016620499,0.5418282548476454,0.5437119113573408,0.542825484764543,0.542825484764543,0.5409418282548476,0.5409418282548476,0.540387811634349,0.540387811634349,0.5412742382271468,0.5401662049861495,0.5413850415512466,0.5422714681440444,0.542825484764543,0.5402770083102493,0.5417174515235457,0.5422714681440444,0.5409418282548476,0.5412742382271468,0.5417174515235457,0.5440443213296399,0.5442659279778393,0.5440443213296399,0.5431578947368421,0.5411634349030471,0.5412742382271468,0.5411634349030471,0.5409418282548476,0.5412742382271468,0.540831024930748,0.5438227146814404,0.5430470914127424,0.540831024930748,0.5395013850415512,0.5399445983379502,0.5389473684210526,0.5398337950138504,0.5369529085872576,0.5373961218836565,0.5406094182825485,0.5361772853185596,0.5373961218836565,0.5338504155124654,0.5370637119113574,0.5388365650969529,0.5401662049861495,0.5387257617728531,0.5367313019390582,0.535623268698061,0.5342936288088642,0.5359556786703601,0.5362880886426593,0.5341828254847646,0.5368421052631579,0.5371745152354571,0.5379501385041551,0.5390581717451524,0.5386149584487535,0.5399445983379502,0.5404986149584488,0.5399445983379502,0.5387257617728531,0.5386149584487535,0.5387257617728531,0.5393905817174516,0.5398337950138504,0.5407202216066482,0.5377285318559557,0.540387811634349,0.5390581717451524,0.5404986149584488,0.5414958448753463,0.540831024930748,0.5417174515235457,0.5420498614958449,0.5431578947368421,0.5414958448753463,0.5429362880886427,0.5416066481994459,0.542382271468144,0.5440443213296399,0.5434903047091413,0.542382271468144,0.542825484764543,0.542825484764543,0.5407202216066482,0.5459279778393352,0.5451523545706372,0.5427146814404432,0.5426038781163435,0.5406094182825485,0.5427146814404432,0.539612188365651,0.5411634349030471,0.5402770083102493,0.5379501385041551,0.5375069252077562,0.5372853185595567,0.5372853185595567,0.5369529085872576,0.540831024930748,0.540387811634349,0.5390581717451524,0.5393905817174516,0.540831024930748,0.540387811634349,0.5418282548476454,0.5440443213296399,0.5468144044321329,0.5473684210526316,0.5484764542936288,0.5485872576177285,0.548365650969529,0.5478116343490305,0.5469252077562327,0.5474792243767314,0.545595567867036,0.5445983379501385,0.5451523545706372,0.5482548476454293,0.5439335180055401,0.5431578947368421,0.5421606648199446,0.5433795013850415,0.5442659279778393,0.5442659279778393,0.5447091412742382,0.5406094182825485,0.5414958448753463,0.540831024930748,0.5427146814404432,0.5418282548476454,0.540831024930748,0.5417174515235457,0.5406094182825485,0.5429362880886427,0.5416066481994459,0.5412742382271468,0.536398891966759,0.5355124653739612,0.538393351800554,0.5379501385041551,0.5399445983379502,0.5432686980609418,0.5412742382271468,0.5393905817174516,0.5400554016620499,0.5424930747922437,0.5389473684210526,0.5392797783933518,0.5406094182825485,0.5391689750692521,0.540831024930748,0.5411634349030471,0.5422714681440444,0.5389473684210526,0.5399445983379502,0.5386149584487535,0.543601108033241,0.5438227146814404,0.5413850415512466,0.5411634349030471,0.5420498614958449,0.5421606648199446,0.5438227146814404,0.5439335180055401,0.5422714681440444,0.5409418282548476,0.5453739612188365,0.5438227146814404,0.5441551246537396,0.5434903047091413,0.5426038781163435,0.5447091412742382,0.5440443213296399,0.5447091412742382,0.543601108033241,0.5463711911357341,0.5448199445983379,0.5442659279778393,0.5404986149584488,0.5358448753462604,0.5406094182825485,0.5434903047091413,0.5426038781163435,0.5418282548476454,0.539612188365651,0.5422714681440444,0.5407202216066482,0.5387257617728531,0.5398337950138504,0.540831024930748,0.5411634349030471,0.5416066481994459,0.5393905817174516,0.5432686980609418,0.5410526315789473,0.5426038781163435,0.5432686980609418,0.5417174515235457,0.5421606648199446,0.5407202216066482,0.5392797783933518,0.5397229916897507,0.543601108033241,0.5418282548476454,0.5447091412742382,0.5417174515235457,0.5431578947368421,0.5438227146814404,0.5414958448753463,0.5409418282548476,0.5432686980609418,0.5426038781163435,0.540387811634349,0.5432686980609418,0.5433795013850415,0.5430470914127424,0.5432686980609418,0.5402770083102493,0.5444875346260388,0.5463711911357341,0.5445983379501385,0.5413850415512466,0.5418282548476454,0.5388365650969529,0.538393351800554,0.5411634349030471,0.5416066481994459,0.5422714681440444,0.5418282548476454,0.5414958448753463,0.5413850415512466,0.5417174515235457,0.5419390581717451,0.540831024930748,0.542382271468144,0.540387811634349,0.5420498614958449,0.5390581717451524,0.5417174515235457,0.5437119113573408,0.5451523545706372,0.5474792243767314,0.5458171745152355,0.5468144044321329,0.5468144044321329,0.5449307479224377,0.5447091412742382,0.5434903047091413,0.5420498614958449,0.5421606648199446,0.5440443213296399,0.5434903047091413,0.5457063711911357,0.5463711911357341,0.5458171745152355,0.5464819944598338,0.5431578947368421,0.5438227146814404,0.5432686980609418,0.5426038781163435,0.5417174515235457,0.5406094182825485,0.5416066481994459,0.5419390581717451,0.5420498614958449,0.5439335180055401,0.5434903047091413,0.5444875346260388,0.5448199445983379,0.5460387811634348,0.5464819944598338,0.5461495844875346,0.5471468144044321,0.5460387811634348,0.5454847645429363,0.543601108033241,0.5424930747922437,0.5397229916897507,0.5426038781163435,0.5442659279778393,0.542382271468144,0.5416066481994459,0.5437119113573408,0.5429362880886427,0.5417174515235457,0.5437119113573408,0.5448199445983379,0.5438227146814404,0.5442659279778393,0.5442659279778393,0.5442659279778393,0.5442659279778393,0.5462603878116343,0.5447091412742382,0.5427146814404432,0.5441551246537396,0.5427146814404432,0.5387257617728531,0.5401662049861495,0.5412742382271468,0.539612188365651,0.5431578947368421,0.5430470914127424,0.5442659279778393,0.5461495844875346,0.5461495844875346,0.5443767313019391,0.5443767313019391,0.5469252077562327,0.5432686980609418,0.5439335180055401,0.5461495844875346,0.5442659279778393,0.5422714681440444,0.5420498614958449,0.5422714681440444,0.5430470914127424,0.5421606648199446,0.5431578947368421,0.5424930747922437,0.5427146814404432,0.5427146814404432,0.5433795013850415,0.5398337950138504,0.5398337950138504,0.5407202216066482,0.5407202216066482,0.5395013850415512,0.5402770083102493,0.540831024930748,0.5400554016620499,0.5395013850415512,0.5397229916897507,0.5397229916897507,0.5402770083102493,0.5427146814404432,0.5413850415512466,0.542382271468144,0.5440443213296399,0.5416066481994459,0.543601108033241,0.5429362880886427,0.5453739612188365,0.5439335180055401,0.5426038781163435,0.5443767313019391,0.5443767313019391,0.5438227146814404,0.542825484764543,0.5413850415512466,0.5414958448753463,0.5418282548476454,0.5432686980609418,0.5426038781163435,0.5432686980609418,0.5420498614958449,0.5410526315789473,0.5433795013850415,0.5426038781163435,0.5424930747922437,0.5433795013850415,0.542382271468144,0.5418282548476454,0.5430470914127424,0.5432686980609418,0.5434903047091413,0.5434903047091413,0.5422714681440444,0.5457063711911357,0.5465927977839335,0.5467036011080333,0.5471468144044321,0.5462603878116343,0.5427146814404432,0.5422714681440444,0.5409418282548476,0.5422714681440444,0.542825484764543,0.5430470914127424,0.5421606648199446,0.5434903047091413,0.5432686980609418,0.542825484764543,0.542825484764543,0.543601108033241,0.5433795013850415,0.5438227146814404,0.5433795013850415,0.5439335180055401,0.5445983379501385,0.5445983379501385,0.5452631578947369,0.5465927977839335,0.543601108033241,0.5443767313019391,0.543601108033241,0.545595567867036,0.545595567867036,0.5458171745152355,0.5454847645429363,0.5452631578947369,0.5460387811634348,0.5457063711911357,0.5447091412742382,0.5462603878116343,0.5450415512465374,0.5463711911357341,0.5471468144044321,0.5445983379501385,0.5463711911357341,0.5465927977839335,0.5453739612188365,0.5445983379501385,0.5445983379501385,0.5442659279778393,0.5448199445983379,0.5447091412742382,0.5457063711911357,0.5447091412742382,0.5452631578947369,0.545595567867036,0.5462603878116343,0.5448199445983379,0.5445983379501385,0.5457063711911357,0.5427146814404432,0.5429362880886427,0.5444875346260388,0.5429362880886427,0.5432686980609418,0.5469252077562327,0.545595567867036,0.5460387811634348,0.5448199445983379,0.5462603878116343,0.5462603878116343,0.5442659279778393,0.5457063711911357,0.5471468144044321,0.5445983379501385,0.5437119113573408,0.5422714681440444,0.5443767313019391,0.5427146814404432,0.5440443213296399,0.5437119113573408,0.5432686980609418,0.542825484764543,0.5420498614958449,0.5438227146814404,0.5458171745152355,0.5467036011080333,0.5472576177285319,0.5430470914127424,0.5437119113573408,0.5438227146814404,0.5442659279778393,0.5443767313019391,0.5421606648199446,0.5433795013850415,0.543601108033241,0.5433795013850415,0.5414958448753463,0.5445983379501385,0.5414958448753463,0.5424930747922437,0.542382271468144,0.5421606648199446,0.5445983379501385,0.5458171745152355,0.5447091412742382,0.5447091412742382,0.5432686980609418,0.5433795013850415,0.5413850415512466,0.5378393351800554,0.5407202216066482,0.540387811634349,0.5404986149584488,0.5421606648199446,0.5417174515235457,0.5411634349030471,0.5443767313019391,0.5434903047091413,0.5432686980609418,0.545595567867036,0.542382271468144,0.5451523545706372,0.5458171745152355,0.5468144044321329,0.548365650969529,0.540831024930748,0.5397229916897507,0.5400554016620499,0.5400554016620499,0.5409418282548476,0.5378393351800554,0.5399445983379502,0.5390581717451524,0.5388365650969529,0.5400554016620499,0.5371745152354571,0.5409418282548476,0.5409418282548476,0.5422714681440444,0.5414958448753463,0.5424930747922437,0.5427146814404432,0.5427146814404432,0.5429362880886427,0.542825484764543,0.5431578947368421,0.5432686980609418,0.542825484764543,0.5427146814404432,0.5427146814404432,0.5427146814404432,0.5429362880886427,0.5404986149584488,0.5416066481994459,0.5433795013850415,0.5445983379501385,0.5464819944598338,0.5433795013850415,0.5422714681440444,0.5419390581717451,0.5410526315789473,0.5458171745152355,0.5349584487534627,0.5360664819944598,0.5339612188365651,0.533185595567867,0.537617728531856,0.5357340720221606,0.5350692520775623,0.5380609418282548,0.5379501385041551,0.5339612188365651,0.5380609418282548,0.5346260387811634,0.536398891966759,0.5341828254847646,0.5355124653739612,0.5372853185595567,0.536398891966759,0.5352908587257618,0.5346260387811634,0.5362880886426593,0.534404432132964,0.5342936288088642,0.5336288088642659,0.5311911357340721,0.5317451523545706,0.5346260387811634,0.5341828254847646,0.534404432132964,0.5316343490304709,0.5329639889196676,0.5334072022160665,0.5329639889196676,0.5326315789473685,0.5326315789473685,0.5340720221606648,0.5349584487534627,0.5338504155124654,0.5350692520775623,0.5340720221606648,0.5326315789473685,0.5318559556786704,0.5318559556786704,0.5319667590027701,0.5320775623268698,0.5314127423822714,0.5281994459833795,0.5309695290858726,0.5318559556786704,0.5314127423822714,0.5319667590027701,0.530415512465374,0.5315235457063712,0.5308587257617728,0.5322991689750692,0.5321883656509695,0.5336288088642659,0.5338504155124654,0.5336288088642659,0.536398891966759,0.5372853185595567,0.5378393351800554,0.5380609418282548,0.5381717451523546,0.5373961218836565,0.5385041551246538,0.538393351800554,0.538393351800554,0.5382825484764543,0.536398891966759,0.537617728531856,0.535180055401662,0.5367313019390582,0.5366204986149584,0.5375069252077562,0.5372853185595567,0.5382825484764543,0.5354016620498615,0.536398891966759,0.5365096952908587,0.5371745152354571,0.5380609418282548,0.5365096952908587,0.5377285318559557,0.5365096952908587,0.535623268698061,0.5350692520775623,0.5358448753462604,0.5358448753462604,0.5358448753462604,0.5346260387811634,0.5359556786703601,0.5347368421052632,0.5358448753462604,0.5366204986149584,0.5359556786703601,0.5349584487534627,0.5357340720221606,0.538393351800554,0.5340720221606648,0.5373961218836565,0.5382825484764543,0.5354016620498615,0.5366204986149584,0.5365096952908587,0.5391689750692521,0.5373961218836565,0.538393351800554,0.5375069252077562,0.5347368421052632,0.5366204986149584,0.5352908587257618,0.5355124653739612,0.5367313019390582,0.5360664819944598,0.5354016620498615,0.5368421052631579,0.5380609418282548,0.5375069252077562,0.5359556786703601,0.5373961218836565,0.5349584487534627,0.535623268698061,0.5365096952908587,0.5366204986149584,0.5365096952908587,0.5373961218836565,0.5385041551246538,0.5360664819944598,0.5361772853185596,0.536398891966759,0.5373961218836565,0.5379501385041551,0.5371745152354571,0.5367313019390582,0.535180055401662,0.5388365650969529,0.5377285318559557,0.5350692520775623,0.5346260387811634,0.5378393351800554,0.5361772853185596,0.5342936288088642,0.5338504155124654,0.5393905817174516,0.5390581717451524,0.5379501385041551,0.5346260387811634,0.5306371191135734,0.5349584487534627,0.5398337950138504,0.5381717451523546,0.5373961218836565,0.5375069252077562,0.5379501385041551,0.5368421052631579,0.5382825484764543,0.5372853185595567,0.5354016620498615,0.5371745152354571,0.5359556786703601,0.5359556786703601,0.5380609418282548,0.540387811634349,0.5360664819944598,0.5366204986149584,0.5379501385041551,0.5398337950138504,0.5395013850415512,0.5417174515235457,0.5398337950138504,0.5401662049861495,0.5404986149584488,0.537617728531856,0.5378393351800554,0.5377285318559557,0.536398891966759,0.5389473684210526,0.5390581717451524,0.5385041551246538,0.5388365650969529,0.5379501385041551,0.5385041551246538,0.5375069252077562,0.5372853185595567,0.538393351800554,0.5375069252077562,0.5341828254847646,0.5347368421052632,0.5350692520775623,0.5355124653739612,0.5360664819944598,0.5373961218836565,0.5366204986149584,0.5358448753462604,0.5372853185595567,0.5369529085872576,0.5370637119113574,0.5368421052631579,0.5379501385041551,0.540831024930748,0.5400554016620499,0.5399445983379502,0.5398337950138504,0.5377285318559557,0.5370637119113574,0.5378393351800554,0.5385041551246538,0.5366204986149584,0.5337396121883656,0.5340720221606648,0.5350692520775623,0.5358448753462604,0.5321883656509695,0.536398891966759,0.534404432132964,0.5350692520775623,0.5375069252077562,0.5368421052631579,0.5362880886426593,0.5372853185595567,0.5378393351800554,0.5393905817174516,0.5381717451523546,0.5398337950138504,0.5385041551246538,0.5390581717451524,0.5391689750692521,0.5398337950138504,0.5368421052631579,0.5370637119113574,0.5367313019390582,0.5367313019390582,0.5362880886426593,0.5328531855955678,0.5371745152354571,0.5355124653739612,0.534404432132964,0.5371745152354571,0.5359556786703601,0.533185595567867,0.5345152354570637,0.5334072022160665,0.5321883656509695,0.5325207756232687,0.5328531855955678,0.5342936288088642,0.5361772853185596,0.5334072022160665,0.5352908587257618,0.5348476454293629,0.5373961218836565,0.5371745152354571,0.5350692520775623,0.5365096952908587,0.5359556786703601,0.5348476454293629,0.5358448753462604,0.5346260387811634,0.5366204986149584,0.5378393351800554,0.5348476454293629,0.5350692520775623,0.5375069252077562,0.5342936288088642,0.5337396121883656,0.5380609418282548,0.5388365650969529,0.5386149584487535,0.5369529085872576,0.5361772853185596,0.5346260387811634,0.5355124653739612,0.5349584487534627,0.5355124653739612,0.5357340720221606,0.5348476454293629,0.5349584487534627,0.5349584487534627,0.5346260387811634,0.5321883656509695,0.5379501385041551,0.5381717451523546,0.5367313019390582,0.5352908587257618,0.5367313019390582,0.5336288088642659,0.5329639889196676,0.5369529085872576,0.5378393351800554,0.5359556786703601,0.536398891966759,0.535180055401662,0.5367313019390582,0.5362880886426593,0.5334072022160665,0.536398891966759,0.536398891966759,0.5338504155124654,0.5338504155124654,0.5357340720221606,0.5332963988919668,0.5339612188365651,0.5335180055401662,0.5361772853185596,0.5382825484764543,0.5392797783933518,0.5392797783933518,0.5392797783933518,0.5387257617728531,0.5389473684210526,0.5381717451523546,0.5392797783933518,0.5389473684210526,0.538393351800554,0.5404986149584488,0.5413850415512466,0.5406094182825485,0.5406094182825485,0.5392797783933518,0.540387811634349,0.5386149584487535,0.5393905817174516,0.5388365650969529,0.5398337950138504,0.5407202216066482,0.5409418282548476,0.5392797783933518,0.5395013850415512,0.5378393351800554,0.5399445983379502,0.537617728531856,0.5380609418282548,0.5381717451523546,0.5381717451523546,0.5399445983379502,0.536398891966759,0.537617728531856,0.5359556786703601,0.5359556786703601,0.5359556786703601,0.5371745152354571,0.5371745152354571,0.5359556786703601,0.536398891966759,0.535180055401662,0.5341828254847646,0.5358448753462604,0.534404432132964,0.5362880886426593,0.5342936288088642,0.5336288088642659,0.5347368421052632,0.5327423822714682,0.5325207756232687,0.534404432132964,0.5327423822714682,0.5320775623268698,0.5332963988919668,0.5329639889196676,0.5350692520775623,0.5342936288088642,0.5341828254847646,0.5328531855955678,0.5378393351800554,0.5358448753462604,0.5371745152354571,0.5366204986149584,0.5322991689750692,0.5317451523545706,0.5315235457063712,0.5315235457063712,0.5317451523545706,0.5317451523545706,0.5325207756232687,0.5316343490304709,0.5298614958448753,0.529972299168975,0.527202216066482,0.529196675900277,0.5293074792243767,0.5283102493074793,0.5262049861495844,0.5256509695290859,0.525207756232687,0.525207756232687,0.5249861495844875,0.5293074792243767,0.5309695290858726,0.5309695290858726,0.5311911357340721,0.5296398891966759,0.5301939058171745,0.5303047091412743,0.5298614958448753,0.5298614958448753,0.5300831024930748,0.5314127423822714,0.5313019390581717,0.5319667590027701,0.5316343490304709,0.5307479224376731,0.5309695290858726,0.5288642659279779,0.5317451523545706,0.5293074792243767,0.5317451523545706,0.5300831024930748,0.530415512465374,0.5325207756232687,0.5318559556786704,0.5308587257617728,0.5310803324099723,0.5310803324099723,0.5317451523545706,0.5311911357340721,0.5308587257617728,0.5321883656509695,0.5337396121883656,0.5321883656509695,0.5337396121883656,0.5348476454293629,0.5355124653739612,0.5354016620498615,0.5348476454293629,0.5336288088642659,0.5345152354570637,0.5316343490304709,0.533185595567867,0.5345152354570637,0.534404432132964,0.5339612188365651,0.5332963988919668,0.5338504155124654,0.5326315789473685,0.5334072022160665,0.5334072022160665,0.5354016620498615,0.5347368421052632,0.5365096952908587,0.5349584487534627,0.5336288088642659,0.5334072022160665,0.533185595567867,0.5340720221606648,0.5322991689750692,0.5330747922437673,0.5340720221606648,0.5345152354570637,0.535180055401662,0.5361772853185596,0.5345152354570637,0.534404432132964,0.5348476454293629,0.5341828254847646,0.5337396121883656,0.5345152354570637,0.5340720221606648,0.5332963988919668,0.5336288088642659,0.534404432132964,0.534404432132964,0.5337396121883656,0.5329639889196676,0.5335180055401662,0.5330747922437673,0.5330747922437673,0.5336288088642659,0.5300831024930748,0.5306371191135734,0.5288642659279779,0.530415512465374,0.5311911357340721,0.5329639889196676,0.5327423822714682,0.5290858725761773,0.5348476454293629,0.5339612188365651,0.5340720221606648,0.5342936288088642,0.5315235457063712,0.5315235457063712,0.5326315789473685,0.5314127423822714,0.5317451523545706,0.5308587257617728,0.5340720221606648,0.5341828254847646,0.5347368421052632,0.5347368421052632,0.5338504155124654,0.5369529085872576,0.5345152354570637,0.5379501385041551,0.5348476454293629,0.530415512465374,0.534404432132964,0.5330747922437673,0.5372853185595567,0.5339612188365651,0.5337396121883656,0.5354016620498615,0.5294182825484764,0.5354016620498615,0.5316343490304709,0.5341828254847646,0.5332963988919668,0.5339612188365651,0.5357340720221606,0.5373961218836565,0.5370637119113574,0.5321883656509695,0.5326315789473685,0.5326315789473685,0.5335180055401662,0.5301939058171745,0.5303047091412743,0.5293074792243767,0.5293074792243767,0.5301939058171745,0.529196675900277,0.5306371191135734,0.5295290858725762,0.5294182825484764,0.5296398891966759,0.5336288088642659,0.5314127423822714,0.5319667590027701,0.5319667590027701,0.5326315789473685,0.5321883656509695,0.5336288088642659,0.5346260387811634,0.5339612188365651,0.5339612188365651,0.5334072022160665,0.5365096952908587,0.538393351800554,0.5393905817174516,0.538393351800554,0.5380609418282548,0.5358448753462604,0.5378393351800554,0.5378393351800554,0.5392797783933518,0.5377285318559557,0.5371745152354571,0.5368421052631579,0.5360664819944598,0.5357340720221606,0.5366204986149584,0.5369529085872576,0.5379501385041551,0.5379501385041551,0.5375069252077562,0.5370637119113574,0.5362880886426593,0.5371745152354571,0.5359556786703601,0.535180055401662,0.5346260387811634,0.5347368421052632,0.535623268698061,0.5347368421052632,0.5371745152354571,0.5368421052631579,0.537617728531856,0.5379501385041551,0.5393905817174516,0.5398337950138504,0.5386149584487535,0.5366204986149584,0.5375069252077562,0.536398891966759,0.5402770083102493,0.540387811634349,0.540387811634349,0.5402770083102493,0.536398891966759,0.5386149584487535,0.5379501385041551,0.5362880886426593,0.5401662049861495,0.535623268698061,0.5369529085872576,0.5375069252077562,0.5358448753462604,0.536398891966759,0.5389473684210526,0.5380609418282548,0.5372853185595567,0.5395013850415512,0.5412742382271468,0.5378393351800554,0.5354016620498615,0.5369529085872576,0.535180055401662,0.5375069252077562,0.5378393351800554,0.5379501385041551,0.5357340720221606,0.5359556786703601,0.5355124653739612,0.5358448753462604,0.5357340720221606,0.5352908587257618,0.535623268698061,0.537617728531856,0.5352908587257618,0.5354016620498615,0.5360664819944598,0.5377285318559557,0.5375069252077562,0.5380609418282548,0.5410526315789473,0.5377285318559557,0.5390581717451524,0.5398337950138504,0.5386149584487535,0.5371745152354571,0.5387257617728531,0.5386149584487535,0.5371745152354571,0.5387257617728531,0.5386149584487535,0.5349584487534627,0.5352908587257618,0.5377285318559557,0.5378393351800554,0.5382825484764543,0.5380609418282548,0.5367313019390582,0.5391689750692521,0.5377285318559557,0.5381717451523546,0.5276454293628808,0.5264265927977839,0.5254293628808864,0.5248753462603878,0.5276454293628808,0.5266481994459834,0.529972299168975,0.5295290858725762,0.5295290858725762,0.5295290858725762,0.5300831024930748,0.5268698060941829,0.5284210526315789,0.5274238227146815,0.5269806094182825,0.5306371191135734,0.5240997229916897,0.5294182825484764,0.5286426592797784,0.52797783933518,0.529972299168975,0.5288642659279779,0.52797783933518,0.5288642659279779,0.5244321329639889,0.5264265927977839,0.5231024930747923,0.5217728531855955,0.5278670360110803,0.5265373961218837,0.5296398891966759,0.5284210526315789,0.5289750692520776,0.5259833795013851,0.5284210526315789,0.5260941828254848,0.5225484764542936,0.52398891966759,0.5285318559556786,0.5298614958448753,0.5296398891966759,0.5249861495844875,0.5256509695290859,0.5242105263157895,0.5238781163434904,0.5228808864265928,0.521994459833795,0.5248753462603878,0.52398891966759,0.524764542936288,0.5225484764542936,0.5253185595567867,0.5234349030470914,0.5276454293628808,0.5245429362880887,0.5223268698060942,0.5243213296398892,0.5213296398891967,0.5218836565096953,0.5245429362880887,0.5266481994459834,0.5233240997229917,0.5234349030470914,0.5233240997229917,0.5250969529085873,0.5237673130193906,0.52398891966759,0.5238781163434904,0.5263157894736842,0.5254293628808864,0.5227700831024931,0.5253185595567867,0.5226592797783933,0.524764542936288,0.5237673130193906,0.5233240997229917,0.5223268698060942,0.5242105263157895,0.52398891966759,0.5237673130193906,0.5253185595567867,0.5285318559556786,0.5296398891966759,0.5274238227146815,0.5319667590027701,0.52797783933518,0.5277562326869806,0.5240997229916897,0.521994459833795,0.5250969529085873,0.5277562326869806,0.5280886426592798,0.5290858725761773,0.5266481994459834,0.5274238227146815,0.5288642659279779,0.5285318559556786,0.52797783933518,0.5280886426592798,0.5286426592797784,0.5300831024930748,0.5286426592797784,0.5273130193905817,0.5287534626038781,0.5288642659279779,0.5308587257617728,0.5289750692520776,0.529196675900277,0.5270914127423822,0.5314127423822714,0.5290858725761773,0.5265373961218837,0.5278670360110803,0.5286426592797784,0.5274238227146815,0.5295290858725762,0.5293074792243767,0.5280886426592798,0.5280886426592798,0.5268698060941829,0.532409972299169,0.5307479224376731,0.5309695290858726,0.529196675900277,0.5301939058171745,0.5294182825484764,0.5300831024930748,0.5290858725761773,0.5328531855955678,0.5311911357340721,0.5328531855955678,0.5297506925207757,0.5309695290858726,0.5307479224376731,0.5313019390581717,0.5320775623268698,0.5321883656509695,0.5332963988919668,0.5345152354570637,0.5322991689750692,0.5322991689750692,0.5336288088642659,0.5314127423822714,0.5325207756232687,0.5314127423822714,0.5317451523545706,0.5322991689750692,0.5337396121883656,0.5320775623268698,0.5281994459833795,0.5297506925207757,0.5288642659279779,0.5300831024930748,0.5286426592797784,0.5276454293628808,0.5305263157894737,0.5307479224376731,0.5285318559556786,0.5284210526315789,0.530415512465374,0.5281994459833795,0.5283102493074793,0.5258725761772853,0.527202216066482,0.5275346260387812,0.529972299168975,0.5281994459833795,0.5250969529085873,0.5253185595567867,0.5255401662049861,0.5306371191135734,0.5262049861495844,0.5296398891966759,0.5227700831024931,0.5267590027700831,0.5321883656509695,0.5294182825484764,0.5293074792243767,0.5273130193905817,0.5296398891966759,0.5268698060941829,0.5287534626038781,0.5290858725761773,0.5286426592797784,0.530415512465374,0.5280886426592798,0.527202216066482,0.5285318559556786,0.5258725761772853,0.5231024930747923,0.524764542936288,0.5267590027700831,0.5265373961218837,0.5264265927977839,0.5259833795013851,0.5263157894736842,0.5286426592797784,0.5290858725761773,0.5275346260387812,0.5280886426592798,0.5293074792243767,0.5319667590027701,0.5289750692520776,0.5293074792243767,0.529972299168975,0.5315235457063712,0.5258725761772853,0.5289750692520776,0.5332963988919668,0.5332963988919668,0.5339612188365651,0.5354016620498615,0.5342936288088642,0.5290858725761773,0.5300831024930748,0.535180055401662,0.535180055401662,0.5347368421052632,0.5361772853185596,0.5334072022160665,0.5334072022160665,0.5327423822714682,0.5318559556786704,0.5310803324099723,0.5319667590027701,0.5339612188365651,0.5322991689750692,0.5325207756232687,0.5345152354570637,0.536398891966759,0.5358448753462604,0.5347368421052632,0.5348476454293629,0.5348476454293629,0.5360664819944598,0.5360664819944598,0.5370637119113574,0.5348476454293629,0.5340720221606648,0.5352908587257618,0.532409972299169,0.5354016620498615,0.5347368421052632,0.5357340720221606,0.5370637119113574,0.5358448753462604,0.536398891966759,0.5389473684210526,0.5370637119113574,0.5377285318559557,0.5381717451523546,0.5367313019390582,0.5393905817174516,0.5393905817174516,0.5365096952908587,0.5366204986149584,0.5372853185595567,0.5373961218836565,0.537617728531856,0.5380609418282548,0.5382825484764543,0.538393351800554,0.5372853185595567,0.5378393351800554,0.5349584487534627,0.5359556786703601,0.5370637119113574,0.5357340720221606,0.5358448753462604,0.5358448753462604,0.5359556786703601,0.5360664819944598,0.5345152354570637,0.5319667590027701,0.5328531855955678,0.5347368421052632,0.535623268698061,0.5369529085872576,0.5372853185595567,0.5357340720221606,0.5347368421052632,0.5368421052631579,0.5382825484764543,0.5393905817174516,0.5386149584487535,0.5398337950138504,0.5388365650969529,0.5401662049861495,0.5393905817174516,0.5358448753462604,0.5336288088642659,0.5314127423822714,0.5308587257617728,0.5310803324099723,0.5330747922437673,0.5325207756232687,0.5336288088642659,0.5328531855955678,0.5327423822714682,0.5340720221606648,0.5336288088642659,0.5349584487534627,0.5329639889196676,0.5326315789473685,0.5338504155124654,0.5347368421052632,0.5338504155124654,0.5339612188365651,0.5337396121883656,0.5329639889196676,0.5325207756232687,0.5321883656509695,0.5341828254847646,0.534404432132964,0.5345152354570637,0.5352908587257618,0.5358448753462604,0.5387257617728531,0.5372853185595567,0.5354016620498615,0.5340720221606648,0.534404432132964,0.5350692520775623,0.5345152354570637,0.5369529085872576,0.5367313019390582,0.5360664819944598,0.534404432132964,0.5359556786703601,0.5365096952908587,0.5367313019390582,0.5367313019390582,0.5357340720221606,0.5360664819944598,0.5360664819944598,0.536398891966759,0.5341828254847646,0.5340720221606648,0.538393351800554,0.5347368421052632,0.5359556786703601,0.5373961218836565,0.5361772853185596,0.5358448753462604,0.535623268698061,0.5365096952908587,0.5358448753462604,0.5361772853185596,0.5375069252077562,0.5367313019390582,0.5367313019390582,0.5367313019390582,0.5367313019390582,0.5365096952908587,0.5362880886426593,0.5358448753462604,0.5350692520775623,0.5346260387811634,0.5348476454293629,0.5332963988919668,0.5337396121883656,0.5319667590027701,0.5317451523545706,0.5332963988919668,0.5321883656509695,0.529972299168975,0.5295290858725762,0.5288642659279779,0.5293074792243767,0.5290858725761773,0.5290858725761773,0.5290858725761773,0.5284210526315789,0.5300831024930748,0.5288642659279779,0.5296398891966759,0.5297506925207757,0.5298614958448753,0.5300831024930748,0.5294182825484764,0.5293074792243767,0.5293074792243767,0.5306371191135734,0.5307479224376731,0.5307479224376731,0.5289750692520776,0.5325207756232687,0.5314127423822714,0.5305263157894737,0.5287534626038781,0.5296398891966759,0.5300831024930748,0.5303047091412743,0.5322991689750692,0.5284210526315789,0.5285318559556786,0.5275346260387812,0.5269806094182825,0.5287534626038781,0.5262049861495844,0.5273130193905817,0.5276454293628808,0.5276454293628808,0.5260941828254848,0.5266481994459834,0.5274238227146815,0.5249861495844875,0.5263157894736842,0.5269806094182825,0.5298614958448753,0.5352908587257618,0.5301939058171745,0.5314127423822714,0.5309695290858726,0.5277562326869806,0.5264265927977839,0.5236565096952909,0.5260941828254848,0.5246537396121884,0.5262049861495844,0.5222160664819945,0.5233240997229917,0.5267590027700831,0.5286426592797784,0.5248753462603878,0.5288642659279779,0.5226592797783933,0.5264265927977839,0.5262049861495844,0.5267590027700831,0.5275346260387812,0.5255401662049861,0.5250969529085873,0.52398891966759,0.5262049861495844,0.5270914127423822,0.5250969529085873,0.5244321329639889,0.5233240997229917,0.5260941828254848,0.5235457063711911,0.5231024930747923,0.5222160664819945,0.5227700831024931,0.5228808864265928,0.5235457063711911,0.5234349030470914,0.521994459833795,0.5248753462603878,0.5234349030470914,0.5243213296398892,0.5255401662049861,0.524764542936288,0.5328531855955678,0.5315235457063712,0.5300831024930748,0.5301939058171745,0.5276454293628808,0.5290858725761773,0.5290858725761773,0.5285318559556786,0.5297506925207757,0.5288642659279779,0.5297506925207757,0.5287534626038781,0.5274238227146815,0.5285318559556786,0.5281994459833795,0.5283102493074793,0.5260941828254848,0.5268698060941829,0.5307479224376731,0.5290858725761773,0.5285318559556786,0.5301939058171745,0.5295290858725762,0.5283102493074793,0.52797783933518,0.5269806094182825,0.5277562326869806,0.5270914127423822,0.5275346260387812,0.5284210526315789,0.5296398891966759,0.5288642659279779,0.5290858725761773,0.5283102493074793,0.5298614958448753,0.5287534626038781,0.5226592797783933,0.5216620498614959,0.5270914127423822,0.5276454293628808,0.5268698060941829,0.5250969529085873,0.5254293628808864,0.5289750692520776,0.5254293628808864,0.5259833795013851,0.5250969529085873,0.5245429362880887,0.5250969529085873,0.525207756232687,0.5288642659279779,0.5227700831024931,0.5260941828254848,0.5270914127423822,0.5254293628808864,0.5253185595567867,0.5255401662049861,0.525207756232687,0.5248753462603878,0.5276454293628808,0.5269806094182825,0.5259833795013851,0.5233240997229917,0.5233240997229917,0.5198891966759003,0.5218836565096953,0.5235457063711911,0.5238781163434904,0.5238781163434904,0.5209972299168975,0.5229916897506925,0.5236565096952909,0.5276454293628808,0.5257617728531856,0.5248753462603878,0.5250969529085873,0.5253185595567867,0.5264265927977839,0.5268698060941829,0.5276454293628808,0.52797783933518,0.5286426592797784,0.5288642659279779,0.5288642659279779,0.5293074792243767,0.529196675900277,0.5286426592797784,0.527202216066482,0.5227700831024931,0.5256509695290859,0.5242105263157895,0.5237673130193906,0.5248753462603878,0.5248753462603878,0.5243213296398892,0.5275346260387812,0.5266481994459834,0.5265373961218837,0.5266481994459834,0.5294182825484764,0.5285318559556786,0.5253185595567867,0.5257617728531856,0.5256509695290859,0.5265373961218837,0.5264265927977839,0.5266481994459834,0.5286426592797784,0.5288642659279779,0.5277562326869806,0.5314127423822714,0.5284210526315789,0.530415512465374,0.5297506925207757,0.5286426592797784,0.5280886426592798,0.5265373961218837,0.529972299168975,0.5290858725761773,0.529972299168975,0.5318559556786704,0.530415512465374,0.5277562326869806,0.5254293628808864,0.5277562326869806,0.5243213296398892,0.5245429362880887,0.5258725761772853,0.5290858725761773,0.5307479224376731,0.5295290858725762,0.5318559556786704,0.5316343490304709,0.5338504155124654,0.5348476454293629,0.5339612188365651,0.5332963988919668,0.5319667590027701,0.5303047091412743,0.5305263157894737,0.5320775623268698,0.5276454293628808,0.5273130193905817,0.5263157894736842,0.5290858725761773,0.529972299168975,0.5300831024930748,0.5286426592797784,0.529972299168975,0.5301939058171745,0.5290858725761773,0.5295290858725762,0.5289750692520776,0.5295290858725762,0.5274238227146815,0.5248753462603878,0.52398891966759,0.5254293628808864,0.5281994459833795,0.52797783933518,0.5281994459833795,0.5284210526315789,0.5306371191135734,0.5301939058171745,0.5306371191135734,0.5315235457063712,0.5274238227146815,0.5269806094182825,0.5242105263157895,0.5260941828254848,0.524764542936288,0.5260941828254848,0.5270914127423822,0.5260941828254848,0.5242105263157895,0.5258725761772853,0.5250969529085873,0.5250969529085873,0.5283102493074793,0.5308587257617728,0.5298614958448753,0.5305263157894737,0.5307479224376731,0.530415512465374,0.532409972299169,0.5342936288088642,0.5326315789473685,0.5286426592797784,0.5313019390581717,0.5309695290858726,0.5316343490304709,0.5316343490304709,0.529972299168975,0.5298614958448753,0.5300831024930748,0.5307479224376731,0.5315235457063712,0.5297506925207757,0.5308587257617728,0.5318559556786704,0.5330747922437673,0.5322991689750692,0.5318559556786704,0.5335180055401662,0.5334072022160665,0.5311911357340721,0.5297506925207757,0.5313019390581717,0.5300831024930748,0.5301939058171745,0.5301939058171745,0.5294182825484764,0.529972299168975,0.5296398891966759,0.529196675900277,0.5293074792243767,0.5289750692520776,0.530415512465374,0.5287534626038781,0.5289750692520776,0.5276454293628808,0.527202216066482,0.5265373961218837,0.5288642659279779,0.5273130193905817,0.5287534626038781,0.5306371191135734,0.5317451523545706,0.5297506925207757,0.5307479224376731,0.529196675900277,0.5283102493074793,0.5285318559556786,0.5286426592797784,0.5288642659279779,0.5290858725761773,0.5288642659279779,0.5283102493074793,0.5288642659279779,0.5266481994459834,0.5264265927977839,0.5303047091412743,0.5286426592797784,0.5269806094182825,0.5274238227146815,0.529972299168975,0.5305263157894737,0.52797783933518,0.5278670360110803,0.5275346260387812,0.5265373961218837,0.5283102493074793,0.5277562326869806,0.5281994459833795,0.5273130193905817,0.5270914127423822,0.5277562326869806,0.5273130193905817,0.5264265927977839,0.5250969529085873,0.5266481994459834,0.5268698060941829,0.5276454293628808,0.5284210526315789,0.5283102493074793,0.5273130193905817,0.5290858725761773,0.5280886426592798,0.5273130193905817,0.5314127423822714,0.5288642659279779,0.5314127423822714,0.5309695290858726,0.5310803324099723,0.5310803324099723,0.5334072022160665,0.5328531855955678,0.5334072022160665,0.5366204986149584,0.534404432132964,0.5349584487534627,0.5346260387811634,0.535180055401662,0.5352908587257618,0.5334072022160665,0.5321883656509695,0.5314127423822714,0.5329639889196676,0.533185595567867,0.5327423822714682,0.5336288088642659,0.5338504155124654,0.5337396121883656,0.5337396121883656,0.5339612188365651,0.5339612188365651,0.5342936288088642,0.5342936288088642,0.5336288088642659,0.5325207756232687,0.5338504155124654,0.532409972299169,0.5328531855955678,0.5327423822714682,0.5325207756232687,0.5297506925207757,0.5322991689750692,0.5318559556786704,0.5318559556786704,0.5310803324099723,0.5310803324099723,0.5305263157894737,0.5305263157894737,0.532409972299169,0.5303047091412743,0.5308587257617728,0.5307479224376731,0.5303047091412743,0.5335180055401662,0.5368421052631579,0.5382825484764543,0.5381717451523546,0.5411634349030471,0.5395013850415512,0.5418282548476454,0.5419390581717451,0.5357340720221606,0.5365096952908587,0.5372853185595567,0.5372853185595567,0.5370637119113574,0.5370637119113574,0.538393351800554,0.5320775623268698,0.5310803324099723,0.532409972299169,0.5309695290858726,0.5289750692520776,0.5298614958448753,0.5357340720221606,0.5346260387811634,0.5326315789473685,0.5320775623268698,0.5301939058171745,0.5301939058171745,0.5310803324099723,0.5319667590027701,0.5317451523545706,0.5332963988919668,0.5340720221606648,0.535623268698061,0.5347368421052632,0.5339612188365651,0.5326315789473685,0.5340720221606648,0.5315235457063712,0.5359556786703601,0.535180055401662,0.5326315789473685,0.533185595567867,0.530415512465374,0.5329639889196676,0.5320775623268698,0.529196675900277,0.5306371191135734,0.5319667590027701,0.5276454293628808,0.5293074792243767,0.52797783933518,0.5285318559556786,0.5289750692520776,0.5273130193905817,0.52797783933518,0.5269806094182825,0.5273130193905817,0.5286426592797784,0.5277562326869806,0.5260941828254848,0.5287534626038781,0.5277562326869806,0.5242105263157895,0.5260941828254848,0.5269806094182825,0.5256509695290859,0.5225484764542936,0.5223268698060942,0.5250969529085873,0.5256509695290859,0.5255401662049861,0.5250969529085873,0.5265373961218837,0.5243213296398892,0.524764542936288,0.5255401662049861,0.5255401662049861,0.5254293628808864,0.5235457063711911,0.5244321329639889,0.5233240997229917,0.5249861495844875,0.5248753462603878,0.5250969529085873,0.5238781163434904,0.5249861495844875,0.5259833795013851,0.5274238227146815,0.5287534626038781,0.5283102493074793,0.5265373961218837,0.5267590027700831,0.5285318559556786,0.525207756232687,0.5266481994459834,0.5257617728531856,0.5269806094182825,0.5286426592797784,0.5281994459833795,0.5267590027700831,0.524764542936288,0.5255401662049861,0.5231024930747923,0.5240997229916897,0.5277562326869806,0.5249861495844875,0.5264265927977839,0.525207756232687,0.5283102493074793,0.5278670360110803,0.5263157894736842,0.5256509695290859,0.5250969529085873,0.52398891966759,0.5240997229916897,0.5276454293628808,0.5260941828254848,0.5274238227146815,0.5270914127423822,0.5265373961218837,0.5269806094182825,0.5275346260387812,0.5235457063711911,0.5277562326869806,0.5278670360110803,0.5283102493074793,0.5265373961218837,0.5267590027700831,0.5275346260387812,0.5262049861495844,0.525207756232687,0.5249861495844875,0.5256509695290859,0.524764542936288,0.5257617728531856,0.5235457063711911,0.5234349030470914,0.5235457063711911,0.5243213296398892,0.5257617728531856,0.5250969529085873,0.5226592797783933,0.5229916897506925,0.5218836565096953,0.5248753462603878,0.5245429362880887,0.5262049861495844,0.525207756232687,0.5259833795013851,0.5244321329639889,0.5246537396121884,0.5264265927977839,0.5263157894736842,0.52797783933518,0.5257617728531856,0.5265373961218837,0.5278670360110803,0.5262049861495844,0.52797783933518,0.5258725761772853,0.5284210526315789,0.5267590027700831,0.5309695290858726,0.5286426592797784,0.5303047091412743,0.5307479224376731,0.5308587257617728,0.5320775623268698,0.5285318559556786,0.529972299168975,0.5309695290858726,0.5310803324099723,0.529196675900277,0.52797783933518,0.5270914127423822,0.52797783933518,0.5242105263157895,0.5262049861495844,0.5268698060941829,0.5264265927977839,0.5245429362880887,0.5296398891966759,0.5315235457063712,0.5274238227146815,0.527202216066482,0.5265373961218837,0.5276454293628808,0.5257617728531856,0.5266481994459834,0.5265373961218837,0.5265373961218837,0.5281994459833795,0.5296398891966759,0.5289750692520776,0.52797783933518,0.5301939058171745,0.533185595567867,0.5319667590027701,0.529972299168975,0.5285318559556786,0.5268698060941829,0.5288642659279779,0.5294182825484764,0.5254293628808864,0.5288642659279779,0.5284210526315789,0.5258725761772853,0.529196675900277,0.5257617728531856,0.5254293628808864,0.5260941828254848,0.5237673130193906,0.5196675900277008,0.5236565096952909,0.5233240997229917,0.525207756232687,0.5250969529085873,0.5238781163434904,0.5221052631578947,0.5202216066481995,0.5221052631578947,0.5195567867036011,0.5194459833795014,0.5232132963988919,0.5222160664819945,0.5229916897506925,0.5228808864265928,0.5246537396121884,0.5227700831024931,0.5229916897506925,0.5243213296398892,0.5223268698060942,0.5212188365650969,0.5208864265927978,0.5186703601108034,0.5190027700831025,0.5209972299168975,0.5197783933518005,0.5231024930747923,0.5218836565096953,0.5218836565096953,0.5205540166204986,0.5205540166204986,0.5207756232686981,0.5203324099722991,0.519224376731302,0.5176731301939058,0.5183379501385041,0.5178947368421053,0.5163434903047092,0.5174515235457063,0.5174515235457063,0.5176731301939058,0.5161218836565097,0.5174515235457063,0.5183379501385041,0.517229916897507,0.5181163434903047,0.5181163434903047,0.5178947368421053,0.5173407202216066,0.5157894736842106,0.5174515235457063,0.5163434903047092,0.5163434903047092,0.5168975069252078,0.517229916897507,0.5186703601108034,0.5153462603878116,0.5168975069252078,0.5165650969529086,0.5152354570637119,0.514792243767313,0.5145706371191135,0.5143490304709142,0.5145706371191135,0.5145706371191135,0.5146814404432133,0.5198891966759003,0.5195567867036011,0.5170083102493075,0.5177839335180056,0.5174515235457063,0.5159002770083102,0.518781163434903,0.5155678670360111,0.5143490304709142,0.5145706371191135,0.5165650969529086,0.5182271468144044,0.5203324099722991,0.5201108033240998,0.5201108033240998,0.5204432132963989,0.5196675900277008,0.5183379501385041,0.5184487534626039,0.5153462603878116,0.5176731301939058,0.5137950138504155,0.5160110803324099,0.5112465373961219,0.5121329639889197,0.5151246537396121,0.5143490304709142,0.512797783933518,0.5134626038781164,0.511578947368421,0.5141274238227147,0.5137950138504155,0.5176731301939058,0.5168975069252078,0.5175623268698061,0.5174515235457063,0.5174515235457063,0.5174515235457063,0.516786703601108,0.516786703601108,0.516786703601108,0.516786703601108,0.5165650969529086,0.5165650969529086,0.5165650969529086,0.5165650969529086,0.5144598337950138,0.5175623268698061,0.5149030470914128,0.5152354570637119,0.5166759002770083,0.5170083102493075,0.5164542936288089,0.5161218836565097,0.5156786703601108,0.5174515235457063,0.5154570637119114,0.5132409972299169,0.5116897506925208,0.5121329639889197,0.5123545706371191,0.5119113573407202,0.5125761772853186,0.5123545706371191,0.5111357340720222,0.51202216066482,0.5118005540166205,0.5125761772853186,0.5133518005540166,0.5119113573407202,0.5113573407202217,0.514792243767313,0.5144598337950138,0.5153462603878116,0.5162326869806094,0.5130193905817174,0.5132409972299169,0.5149030470914128,0.5143490304709142,0.508808864265928,0.5069252077562327,0.5081440443213296,0.5098060941828255,0.5104709141274238,0.5113573407202217,0.510803324099723,0.5121329639889197,0.5116897506925208,0.5143490304709142,0.5159002770083102,0.5104709141274238,0.5090304709141275,0.5099168975069253,0.5096952908587258,0.5096952908587258,0.509584487534626,0.5093628808864266,0.5079224376731302,0.5114681440443213,0.51202216066482,0.5119113573407202,0.5121329639889197,0.5119113573407202,0.510803324099723,0.5119113573407202,0.5103601108033241,0.5096952908587258,0.5116897506925208,0.5112465373961219,0.5124653739612188,0.5118005540166205,0.5098060941828255,0.5109141274238227,0.509584487534626,0.5105817174515236,0.5103601108033241,0.5079224376731302,0.5086980609418282,0.5062603878116343,0.5074792243767313,0.5078116343490304,0.5092520775623268,0.5080332409972299,0.5077008310249308,0.5072576177285318,0.5081440443213296,0.5103601108033241,0.5103601108033241,0.5121329639889197,0.5082548476454294,0.5123545706371191,0.5123545706371191,0.5130193905817174,0.5112465373961219,0.51202216066482,0.5118005540166205,0.5111357340720222,0.514792243767313,0.5110249307479224,0.5133518005540166,0.5121329639889197,0.5154570637119114,0.5129085872576177,0.5170083102493075,0.5170083102493075,0.5143490304709142,0.5156786703601108,0.5162326869806094,0.5164542936288089,0.5156786703601108,0.5144598337950138,0.5139058171745152,0.512797783933518,0.5125761772853186,0.514792243767313,0.5136842105263157,0.5160110803324099,0.5164542936288089,0.5112465373961219,0.5137950138504155,0.5134626038781164,0.5141274238227147,0.5154570637119114,0.5190027700831025,0.517229916897507,0.5159002770083102,0.5139058171745152,0.5163434903047092,0.511578947368421,0.5122437673130193,0.5134626038781164,0.5154570637119114,0.5130193905817174,0.5159002770083102,0.5156786703601108,0.5166759002770083,0.5168975069252078,0.5164542936288089,0.5164542936288089,0.5157894736842106,0.5166759002770083,0.5176731301939058,0.5156786703601108,0.5162326869806094,0.5170083102493075,0.517229916897507,0.5170083102493075,0.5166759002770083,0.5168975069252078,0.5176731301939058,0.5176731301939058,0.5174515235457063,0.5183379501385041,0.5178947368421053,0.5178947368421053,0.514016620498615,0.5171191135734072,0.516786703601108,0.5157894736842106,0.5159002770083102,0.514792243767313,0.5155678670360111,0.5168975069252078,0.516786703601108,0.5145706371191135,0.5131301939058172,0.5126869806094183,0.5135734072022161,0.5145706371191135,0.5112465373961219,0.5114681440443213,0.5111357340720222,0.5122437673130193,0.5112465373961219,0.5116897506925208,0.5153462603878116,0.5129085872576177,0.5122437673130193,0.5118005540166205,0.5118005540166205,0.509584487534626,0.5112465373961219,0.5105817174515236,0.5123545706371191,0.5125761772853186,0.5126869806094183,0.5116897506925208,0.5116897506925208
1.0,0.9977839335180055,0.9977839335180055,0.9953462603878116,0.9953462603878116,0.9966759002770084,0.9953462603878116,0.9926869806094183,0.9926869806094183,0.9912465373961219,0.9775069252077563,0.9514681440443213,0.9501385041551247,0.9512465373961219,0.9533518005540166,0.9524653739612189,0.9515789473684211,0.9483656509695291,0.9469252077562327,0.9504709141274238,0.9472576177285319,0.9470360110803324,0.9470360110803324,0.9470360110803324,0.942382271468144,0.9381717451523546,0.9422714681440443,0.9168975069252078,0.9155678670360111,0.9184487534626039,0.9177839335180056,0.9177839335180056,0.916786703601108,0.9173407202216066,0.9175623268698061,0.9175623268698061,0.9173407202216066,0.9186703601108033,0.9168975069252078,0.919224376731302,0.9101385041551247,0.9086980609418283,0.9070360110803324,0.9024930747922437,0.9018282548476454,0.8985041551246538,0.8745706371191135,0.8735734072022161,0.8722437673130193,0.8587257617728532,0.8595013850415513,0.8624930747922438,0.8631578947368421,0.8657063711911357,0.8622714681440443,0.8613850415512465,0.8601662049861496,0.8638227146814405,0.8626038781163435,0.8680332409972299,0.8356786703601108,0.8446537396121884,0.8446537396121884,0.8454293628808864,0.8435457063711911,0.8438781163434903,0.8363434903047091,0.8406648199445983,0.8446537396121884,0.8414404432132964,0.8424376731301939,0.8460941828254848,0.8466481994459834,0.8453185595567867,0.8445429362880886,0.845983379501385,0.8455401662049862,0.8384487534626038,0.8374515235457064,0.8457617728531855,0.841218836565097,0.8411080332409973,0.8411080332409973,0.8403324099722992,0.8371191135734072,0.83601108033241,0.8296952908587257,0.8272576177285319,0.8226038781163435,0.8219390581717452,0.8279224376731302,0.8138504155124654,0.8127423822714681,0.8130747922437673,0.8142936288088642,0.8167313019390582,0.8139612188365651,0.8115235457063712,0.8108587257617729,0.8132963988919668,0.8116343490304709,0.8141828254847645,0.814404432132964,0.8134072022160664,0.8134072022160664,0.8150692520775623,0.8120775623268698,0.8137396121883657,0.8120775623268698,0.8104155124653739,0.8095290858725762,0.8109695290858726,0.8141828254847645,0.8135180055401662,0.8132963988919668,0.8132963988919668,0.8116343490304709,0.8106371191135734,0.8129639889196676,0.8114127423822715,0.8132963988919668,0.8132963988919668,0.8132963988919668,0.8130747922437673,0.8132963988919668,0.8128531855955679,0.8114127423822715,0.8105263157894737,0.8128531855955679,0.8129639889196676,0.8145152354570637,0.8155124653739613,0.8131855955678671,0.8132963988919668,0.8118559556786703,0.8162880886426592,0.809639889196676,0.8105263157894737,0.8065373961218837,0.811191135734072,0.8070914127423823,0.8083102493074792,0.8068698060941828,0.8075346260387811,0.8077562326869806,0.806426592797784,0.8211634349030471,0.8182825484764543,0.8200554016620498,0.8183933518005541,0.819612188365651,0.8181717451523546,0.8209418282548476,0.820387811634349,0.8180609418282548,0.8114127423822715,0.817174515235457,0.8160664819944599,0.8100831024930748,0.8038781163434903,0.8040997229916897,0.8139612188365651,0.8120775623268698,0.8122991689750693,0.8110803324099723,0.8046537396121883,0.8048753462603878,0.8103047091412743,0.8110803324099723,0.8114127423822715,0.8137396121883657,0.8137396121883657,0.814404432132964,0.8136288088642659,0.8129639889196676,0.811191135734072,0.8063157894736842,0.8088642659279779,0.8089750692520775,0.8110803324099723,0.8122991689750693,0.8134072022160664,0.8135180055401662,0.8145152354570637,0.8117451523545707,0.81196675900277,0.8126315789473684,0.8107479224376731,0.812409972299169,0.8128531855955679,0.8115235457063712,0.8101939058171745,0.81196675900277,0.8135180055401662,0.8168421052631579,0.8162880886426592,0.8146260387811635,0.81196675900277,0.8113019390581717,0.8040997229916897,0.801994459833795,0.8011080332409972,0.8008864265927977,0.8013296398891967,0.799224376731302,0.7996675900277008,0.7951246537396122,0.7953462603878116,0.7965650969529086,0.7970083102493075,0.79601108033241,0.79601108033241,0.7985595567867037,0.7965650969529086,0.7973407202216066,0.7919113573407203,0.7903601108033241,0.790803324099723,0.7903601108033241,0.7924653739612189,0.7923545706371191,0.791578947368421,0.7937950138504155,0.794016620498615,0.7934626038781163,0.7937950138504155,0.793573407202216,0.792797783933518,0.7910249307479225,0.7937950138504155,0.7931301939058172,0.7957894736842105,0.7957894736842105,0.7837119113573408,0.7822714681440444,0.7822714681440444,0.7824930747922437,0.7820498614958449,0.7839335180055401,0.7839335180055401,0.7839335180055401,0.7841551246537396,0.7841551246537396,0.7833795013850415,0.7832686980609418,0.7843767313019391,0.7847091412742382,0.7845983379501386,0.7834903047091413,0.7797229916897507,0.7802770083102493,0.7795013850415512,0.7795013850415512,0.7795013850415512,0.7795013850415512,0.7795013850415512,0.780387811634349,0.780387811634349,0.7801662049861496,0.7797229916897507,0.7796121883656509,0.7814958448753463,0.7807202216066482,0.7799445983379502,0.780387811634349,0.7810526315789473,0.7811634349030471,0.7811634349030471,0.7844875346260388,0.7838227146814405,0.7823822714681441,0.7820498614958449,0.7801662049861496,0.7735180055401663,0.7748476454293629,0.7732963988919668,0.7719667590027701,0.7710803324099723,0.7687534626038781,0.771191135734072,0.7678670360110803,0.7713019390581718,0.7690858725761773,0.7697506925207757,0.7586703601108034,0.7663157894736842,0.7659833795013851,0.7643213296398892,0.761994459833795,0.7616620498614959,0.7578947368421053,0.7628808864265928,0.7627700831024931,0.7633240997229916,0.7631024930747923,0.7609972299168976,0.7602216066481995,0.7625484764542936,0.7664265927977839,0.7662049861495844,0.7629916897506925,0.7629916897506925,0.7606648199445983,0.7570083102493075,0.7585595567867036,0.7534626038781164,0.7536842105263157,0.7536842105263157,0.7523545706371191,0.7544598337950138,0.7553462603878116,0.7546814404432133,0.7546814404432133,0.7542382271468144,0.7546814404432133,0.7553462603878116,0.7546814404432133,0.7552354570637119,0.7521329639889197,0.7494736842105263,0.7485872576177285,0.7484764542936289,0.7501385041551246,0.7499168975069253,0.7361772853185595,0.7370637119113573,0.7418282548476455,0.7413850415512465,0.7467036011080332,0.7441551246537396,0.7444875346260388,0.7451523545706371,0.7445983379501385,0.7498060941828255,0.7505817174515236,0.7491412742382272,0.7484764542936289,0.7521329639889197,0.7529085872576178,0.7526869806094183,0.7529085872576178,0.7531301939058171,0.7530193905817174,0.7516897506925208,0.7512465373961219,0.751578947368421,0.7513573407202216,0.75202216066482,0.7530193905817174,0.7521329639889197,0.7521329639889197,0.7486980609418282,0.7483656509695291,0.7500277008310249,0.7499168975069253,0.7496952908587258,0.749584487534626,0.748808864265928,0.7485872576177285,0.7477008310249308,0.7477008310249308,0.741606648199446,0.7427146814404432,0.7412742382271468,0.7408310249307479,0.7419390581717451,0.7406094182825484,0.7406094182825484,0.7421606648199446,0.7428254847645429,0.7440443213296399,0.7408310249307479,0.741606648199446,0.7409418282548477,0.7412742382271468,0.7414958448753463,0.7430470914127424,0.7438227146814405,0.7438227146814405,0.7451523545706371,0.7432686980609419,0.7453739612188366,0.7431578947368421,0.7438227146814405,0.7431578947368421,0.7419390581717451,0.7417174515235457,0.7413850415512465,0.7403878116343491,0.7398337950138504,0.7402770083102493,0.7407202216066482,0.7419390581717451,0.7392797783933518,0.7408310249307479,0.7390581717451523,0.7366204986149585,0.7385041551246537,0.7345152354570638,0.7347368421052631,0.7365096952908587,0.7378393351800554,0.7373961218836566,0.7355124653739612,0.7360664819944598,0.7360664819944598,0.7369529085872576,0.7347368421052631,0.7395013850415513,0.7417174515235457,0.7418282548476455,0.741606648199446,0.7411634349030471,0.7398337950138504,0.7393905817174515,0.7393905817174515,0.7373961218836566,0.7403878116343491,0.7407202216066482,0.7409418282548477,0.7411634349030471,0.7411634349030471,0.7411634349030471,0.7406094182825484,0.7406094182825484,0.7392797783933518,0.7377285318559557,0.7401662049861496,0.7390581717451523,0.7398337950138504,0.7385041551246537,0.7398337950138504,0.739612188365651,0.7410526315789474,0.7299722991689751,0.7389473684210527,0.7349584487534626,0.7358448753462604,0.7339612188365651,0.7354016620498615,0.7315235457063712,0.7320775623268698,0.7321883656509696,0.7324099722991689,0.7365096952908587,0.7340720221606648,0.7320775623268698,0.7354016620498615,0.7317451523545706,0.7339612188365651,0.7329639889196676,0.7346260387811634,0.7321883656509696,0.7316343490304709,0.728421052631579,0.7249861495844875,0.7208864265927978,0.7208864265927978,0.7208864265927978,0.7208864265927978,0.7222160664819944,0.7222160664819944,0.7222160664819944,0.7215512465373961,0.7228808864265928,0.7202216066481995,0.7234349030470915,0.7208864265927978,0.7171191135734072,0.7191135734072022,0.7186703601108033,0.7191135734072022,0.7192243767313019,0.7208864265927978,0.7198891966759002,0.7130193905817175,0.7102493074792243,0.7098060941828255,0.7086980609418283,0.710027700831025,0.7091412742382271,0.7081440443213296,0.7086980609418283,0.7098060941828255,0.7071468144044322,0.7059279778393351,0.7071468144044322,0.7085872576177286,0.7098060941828255,0.7096952908587257,0.7071468144044322,0.7077008310249308,0.7085872576177286,0.7078116343490305,0.6989473684210527,0.7054847645429363,0.7054847645429363,0.7050415512465374,0.7038227146814404,0.6980609418282548,0.697174515235457,0.6972853185595568,0.6972853185595568,0.6997229916897507,0.7000554016620498,0.6993905817174515,0.6967313019390582,0.6795567867036011,0.6791135734072022,0.6794459833795014,0.6784487534626039,0.6778947368421052,0.6761218836565097,0.6778947368421052,0.6783379501385042,0.6783379501385042,0.6785595567867037,0.6785595567867037,0.6757894736842105,0.6772299168975069,0.6772299168975069,0.6739058171745153,0.6766759002770083,0.6747922437673131,0.6747922437673131,0.6736842105263158,0.6720221606648199,0.6743490304709141,0.6772299168975069,0.6741274238227147,0.6764542936288088,0.674016620498615,0.6757894736842105,0.6747922437673131,0.6718005540166205,0.6734626038781163,0.6729085872576177,0.673573407202216,0.6733518005540167,0.6755678670360111,0.6753462603878116,0.6755678670360111,0.6764542936288088,0.6761218836565097,0.6761218836565097,0.6791135734072022,0.6784487534626039,0.6786703601108033,0.6788919667590028,0.6759002770083102,0.6793351800554016,0.6770083102493075,0.6765650969529086,0.6766759002770083,0.6775623268698061,0.6775623268698061,0.6773407202216066,0.6765650969529086,0.6759002770083102,0.6766759002770083,0.6749030470914127,0.6757894736842105,0.6752354570637119,0.6749030470914127,0.6741274238227147,0.6772299168975069,0.6781163434903047,0.6776731301939058,0.6778947368421052,0.6771191135734071,0.68,0.6784487534626039,0.6797783933518006,0.6803324099722992,0.6807756232686981,0.6774515235457064,0.6781163434903047,0.678005540166205,0.678781163434903,0.6776731301939058,0.6771191135734071,0.6752354570637119,0.672797783933518,0.6720221606648199,0.6721329639889196,0.6741274238227147,0.6746814404432133,0.6733518005540167,0.6730193905817174,0.6736842105263158,0.6764542936288088,0.6751246537396122,0.6759002770083102,0.6771191135734071,0.6756786703601108,0.6743490304709141,0.6743490304709141,0.6753462603878116,0.672797783933518,0.6737950138504155,0.674016620498615,0.674016620498615,0.6724653739612189,0.673573407202216,0.673573407202216,0.6733518005540167,0.6731301939058172,0.6726869806094182,0.6724653739612189,0.6736842105263158,0.6724653739612189,0.6716897506925208,0.6673684210526316,0.6703601108033241,0.6640443213296399,0.6706925207756232,0.6695844875346261,0.6682548476454294,0.6575069252077562,0.6582825484764543,0.6577285318559557,0.6569529085872576,0.6578393351800554,0.6595013850415512,0.6580609418282548,0.6589473684210526,0.6580609418282548,0.6575069252077562,0.6582825484764543,0.6592797783933518,0.6592797783933518,0.6595013850415512,0.6587257617728531,0.6590581717451524,0.6591689750692521,0.6586149584487535,0.6600554016620499,0.6586149584487535,0.6582825484764543,0.6567313019390582,0.6593905817174516,0.6600554016620499,0.6589473684210526,0.658393351800554,0.6588365650969529,0.6596121883656509,0.6607202216066482,0.6599445983379502,0.6596121883656509,0.6590581717451524,0.6585041551246538,0.6602770083102493,0.6609418282548476,0.6582825484764543,0.6581717451523545,0.6589473684210526,0.6591689750692521,0.6601662049861495,0.6597229916897507,0.6599445983379502,0.6607202216066482,0.660831024930748,0.6595013850415512,0.6601662049861495,0.6595013850415512,0.6604986149584487,0.6599445983379502,0.6606094182825485,0.6356786703601108,0.631578947368421,0.6324653739612188,0.6319113573407202,0.6345706371191135,0.6321329639889197,0.6310249307479224,0.631578947368421,0.6309141274238227,0.6311357340720222,0.6322437673130193,0.6310249307479224,0.6312465373961219,0.63202216066482,0.6311357340720222,0.6325761772853186,0.6324653739612188,0.6316897506925208,0.6313573407202216,0.6326869806094183,0.6298060941828255,0.63202216066482,0.630803324099723,0.631578947368421,0.6319113573407202,0.6316897506925208,0.6309141274238227,0.6325761772853186,0.6343490304709142,0.6376731301939058,0.6352354570637119,0.6354570637119114,0.6362326869806094,0.6353462603878116,0.6359002770083102,0.6359002770083102,0.6359002770083102,0.6359002770083102,0.6359002770083102,0.6359002770083102,0.6359002770083102,0.6356786703601108,0.6356786703601108,0.6350138504155125,0.6362326869806094,0.6362326869806094,0.6362326869806094,0.6353462603878116,0.6353462603878116,0.6353462603878116,0.6342382271468144,0.6351246537396122,0.6349030470914128,0.636786703601108,0.6354570637119114,0.6342382271468144,0.6343490304709142,0.6336842105263157,0.6343490304709142,0.6344598337950138,0.6344598337950138,0.6344598337950138,0.6336842105263157,0.634016620498615,0.634792243767313,0.6331301939058172,0.6331301939058172,0.634792243767313,0.6334626038781164,0.6331301939058172,0.6339058171745152,0.634016620498615,0.6339058171745152,0.6325761772853186,0.6325761772853186,0.6333518005540166,0.6345706371191135,0.6345706371191135,0.6345706371191135,0.634792243767313,0.634792243767313,0.6356786703601108,0.6356786703601108,0.6341274238227147,0.6344598337950138,0.6337950138504155,0.6277008310249308,0.6324653739612188,0.6341274238227147,0.6322437673130193,0.6303601108033241,0.6294736842105263,0.6293628808864266,0.6291412742382272,0.6302493074792244,0.6289196675900277,0.6292520775623268,0.6304709141274238,0.6301385041551246,0.6310249307479224,0.6323545706371191,0.6299168975069253,0.631578947368421,0.631578947368421,0.6324653739612188,0.63202216066482,0.631578947368421,0.6319113573407202,0.6335734072022161,0.634016620498615,0.6349030470914128,0.6342382271468144,0.638005540166205,0.6386703601108034,0.6350138504155125,0.6345706371191135,0.6335734072022161,0.6359002770083102,0.6356786703601108,0.6349030470914128,0.634016620498615,0.6351246537396122,0.6357894736842106,0.6357894736842106,0.6357894736842106,0.6357894736842106,0.6409972299168976,0.6407756232686981,0.6382271468144044,0.6370083102493075,0.6346814404432133,0.6363434903047092,0.6355678670360111,0.6370083102493075,0.6354570637119114,0.6398891966759003,0.6386703601108034,0.6384487534626039,0.6360110803324099,0.6373407202216066,0.6385595567867036,0.6344598337950138,0.637229916897507,0.6357894736842106,0.6353462603878116,0.6350138504155125,0.6310249307479224,0.6309141274238227,0.6312465373961219,0.6313573407202216,0.630803324099723,0.630803324099723,0.631578947368421,0.6293628808864266,0.6291412742382272,0.629584487534626,0.6291412742382272,0.6272576177285318,0.6291412742382272,0.6270360110803324,0.6270360110803324,0.6265927977839335,0.6280332409972299,0.6273684210526316,0.6277008310249308,0.6284764542936289,0.6324653739612188,0.6303601108033241,0.6322437673130193,0.6309141274238227,0.6318005540166205,0.6286980609418282,0.6299168975069253,0.6314681440443213,0.6259279778393352,0.6301385041551246,0.6208310249307479,0.6191689750692521,0.6227146814404432,0.621163434903047,0.6207202216066482,0.6207202216066482,0.6207202216066482,0.6204986149584487,0.6208310249307479,0.621163434903047,0.6207202216066482,0.6209418282548477,0.6206094182825485,0.6224930747922438,0.621606648199446,0.621606648199446,0.621606648199446,0.6209418282548477,0.6208310249307479,0.6206094182825485,0.6201662049861496,0.6204986149584487,0.6201662049861496,0.6200554016620499,0.6208310249307479,0.6217174515235457,0.6203878116343491,0.6198337950138504,0.6193905817174515,0.6198337950138504,0.6209418282548477,0.6209418282548477,0.6207202216066482,0.6207202216066482,0.621163434903047,0.621163434903047,0.621163434903047,0.621163434903047,0.621163434903047,0.621163434903047,0.6213850415512465,0.6204986149584487,0.6201662049861496,0.6231578947368421,0.6220498614958448,0.6192797783933518,0.6204986149584487,0.618836565096953,0.6180609418282549,0.6189473684210526,0.6191689750692521,0.6191689750692521,0.6212742382271468,0.6202770083102493,0.6207202216066482,0.6212742382271468,0.6210526315789474,0.6218282548476455,0.6218282548476455,0.621606648199446,0.6197229916897506,0.6241551246537396,0.6242659279778393,0.6224930747922438,0.6240443213296399,0.6240443213296399,0.6240443213296399,0.6269252077562327,0.6269252077562327,0.6264819944598338,0.6248199445983379,0.6244875346260388,0.6244875346260388,0.6244875346260388,0.6262603878116344,0.6253739612188366,0.626371191135734,0.626371191135734,0.6234903047091412,0.621163434903047,0.6217174515235457,0.6231578947368421,0.6208310249307479,0.6217174515235457,0.6206094182825485,0.621163434903047,0.6201662049861496,0.6222714681440443,0.6271468144044321,0.6278116343490304,0.6257063711911357,0.6253739612188366,0.6238227146814405,0.6253739612188366,0.626371191135734,0.6279224376731302,0.6279224376731302,0.6274792243767313,0.6220498614958448,0.6212742382271468,0.6217174515235457,0.619612188365651,0.6226038781163435,0.621606648199446,0.6234903047091412,0.6228254847645429,0.6230470914127424,0.621606648199446,0.6162880886426593,0.6148476454293629,0.6198337950138504,0.6177285318559557,0.619612188365651,0.619612188365651,0.6213850415512465,0.6217174515235457,0.6203878116343491,0.6199445983379501,0.6203878116343491,0.6210526315789474,0.6199445983379501,0.6198337950138504,0.6204986149584487,0.6207202216066482,0.6207202216066482,0.619612188365651,0.6190581717451523,0.6204986149584487,0.6195013850415513,0.6232686980609419,0.6231578947368421,0.6226038781163435,0.6219390581717451,0.6197229916897506,0.6198337950138504,0.621163434903047,0.6222714681440443,0.6226038781163435,0.6249307479224376,0.6209418282548477,0.6270360110803324,0.6251523545706371,0.6260387811634349,0.626371191135734,0.6265927977839335,0.6261495844875347,0.6270360110803324,0.6247091412742383,0.6247091412742383,0.6249307479224376,0.6226038781163435,0.6244875346260388,0.6242659279778393,0.6239335180055402,0.6241551246537396,0.6242659279778393,0.6241551246537396,0.6232686980609419,0.6237119113573407,0.6260387811634349,0.6245983379501385,0.6250415512465374,0.6248199445983379,0.6248199445983379,0.6251523545706371,0.626814404432133,0.6274792243767313,0.6267036011080332,0.6273684210526316,0.6281440443213296,0.6289196675900277,0.6265927977839335,0.6228254847645429,0.6218282548476455,0.6212742382271468,0.6220498614958448,0.6227146814404432,0.6227146814404432,0.6218282548476455,0.621606648199446,0.6214958448753463,0.6217174515235457,0.6224930747922438,0.6224930747922438,0.6208310249307479,0.6212742382271468,0.6209418282548477,0.6210526315789474,0.6210526315789474,0.6241551246537396,0.6249307479224376,0.6227146814404432,0.6238227146814405,0.6214958448753463,0.6210526315789474,0.6241551246537396,0.6229362880886427,0.6237119113573407,0.6221606648199446,0.6218282548476455,0.6221606648199446,0.6228254847645429,0.6224930747922438,0.6213850415512465,0.6212742382271468,0.6244875346260388,0.6204986149584487,0.6193905817174515,0.6206094182825485,0.6212742382271468,0.6176177285318559,0.6260387811634349,0.6253739612188366,0.6249307479224376,0.6245983379501385,0.6233795013850415,0.6247091412742383,0.6234903047091412,0.6210526315789474,0.6222714681440443,0.6224930747922438,0.6232686980609419,0.6248199445983379,0.6252631578947369,0.6277008310249308,0.6249307479224376,0.6258171745152354,0.6260387811634349,0.626371191135734,0.6278116343490304,0.6282548476454294,0.6273684210526316,0.6244875346260388,0.6238227146814405,0.623601108033241,0.6230470914127424,0.6224930747922438,0.6192797783933518,0.6189473684210526,0.6207202216066482,0.6202770083102493,0.6185041551246537,0.6182825484764543,0.6186149584487535,0.618393351800554,0.6151800554016621,0.6176177285318559,0.6168421052631579,0.6177285318559557,0.6158448753462604,0.6170637119113573,0.6168421052631579,0.6192797783933518,0.6175069252077562,0.6185041551246537,0.6190581717451523,0.6168421052631579,0.6170637119113573,0.6155124653739612,0.6167313019390581,0.6175069252077562,0.618393351800554,0.621163434903047,0.6227146814404432,0.6197229916897506,0.6199445983379501,0.6202770083102493,0.6210526315789474,0.6214958448753463,0.6228254847645429,0.6221606648199446,0.6209418282548477,0.6217174515235457,0.6203878116343491,0.6202770083102493,0.6203878116343491,0.6197229916897506,0.6189473684210526,0.6200554016620499,0.6208310249307479,0.6179501385041551,0.6185041551246537,0.6181717451523546,0.6173961218836566,0.6187257617728532,0.6180609418282549,0.618393351800554,0.6193905817174515,0.6189473684210526,0.6259279778393352,0.6220498614958448,0.6192797783933518,0.6226038781163435,0.6232686980609419,0.6182825484764543,0.6166204986149585,0.6193905817174515,0.6181717451523546,0.6181717451523546,0.6181717451523546,0.6210526315789474,0.6214958448753463,0.6193905817174515,0.6192797783933518,0.6217174515235457,0.6214958448753463,0.6227146814404432,0.6213850415512465,0.6214958448753463,0.6223822714681441,0.6220498614958448,0.6219390581717451,0.6228254847645429,0.6237119113573407,0.6221606648199446,0.6204986149584487,0.6195013850415513,0.6186149584487535,0.6178393351800554,0.618393351800554,0.6154016620498615,0.6124099722991689,0.6142936288088643,0.6141828254847645,0.6167313019390581,0.6180609418282549,0.6150692520775624,0.6177285318559557,0.6176177285318559,0.6181717451523546,0.6149584487534626,0.6178393351800554,0.6176177285318559,0.6182825484764543,0.6187257617728532,0.6203878116343491,0.618836565096953,0.6189473684210526,0.6197229916897506,0.6176177285318559,0.6179501385041551,0.6179501385041551,0.6202770083102493,0.6190581717451523,0.6178393351800554,0.6181717451523546,0.618836565096953,0.618836565096953,0.6187257617728532,0.6171745152354571,0.6180609418282549,0.6192797783933518,0.6141828254847645,0.6156232686980609,0.6170637119113573,0.6142936288088643,0.6137396121883657,0.6088642659279778,0.6108587257617728,0.6093074792243768,0.6135180055401662,0.6125207756232687,0.6118559556786703,0.6120775623268698,0.6134072022160665,0.6129639889196676,0.6128531855955679,0.6134072022160665,0.6100831024930748,0.6095290858725761,0.6086426592797783,0.6081994459833795,0.610415512465374,0.6117451523545706,0.6134072022160665,0.6130747922437673,0.6134072022160665,0.6115235457063712,0.6138504155124653,0.6105263157894737,0.6129639889196676,0.6118559556786703,0.6129639889196676,0.6129639889196676,0.6099722991689751,0.610415512465374,0.6147368421052631,0.6135180055401662,0.60797783933518,0.6073130193905817,0.6081994459833795,0.6058725761772853,0.6043213296398892,0.6040997229916898,0.6050969529085872,0.6048753462603879,0.6069806094182826,0.6042105263157894,0.6093074792243768,0.6056509695290859,0.605983379501385,0.6048753462603879,0.6057617728531856,0.6049861495844875,0.6038781163434903,0.6028808864265928,0.6056509695290859,0.6056509695290859,0.6057617728531856,0.605207756232687,0.6057617728531856,0.6057617728531856,0.6025484764542937,0.6023268698060942,0.603213296398892,0.6075346260387812,0.6060941828254848,0.6045429362880886,0.6049861495844875,0.6078670360110804,0.6073130193905817,0.6056509695290859,0.60398891966759,0.605983379501385,0.6076454293628809,0.6050969529085872,0.6067590027700831,0.6076454293628809,0.6073130193905817,0.6063157894736843,0.6068698060941828,0.6068698060941828,0.6037673130193906,0.6057617728531856,0.6058725761772853,0.6062049861495845,0.6060941828254848,0.605207756232687,0.6046537396121884,0.6044321329639889,0.6053185595567867,0.6034349030470915,0.60398891966759,0.6040997229916898,0.6043213296398892,0.6050969529085872,0.6058725761772853,0.6046537396121884,0.6037673130193906,0.6053185595567867,0.600775623268698,0.6011080332409973,0.601218836565097,0.6033240997229917,0.6049861495844875,0.6035457063711911,0.6043213296398892,0.6068698060941828,0.6058725761772853,0.6068698060941828,0.6064265927977839,0.6068698060941828,0.6055401662049862,0.6049861495844875,0.6055401662049862,0.6056509695290859,0.6086426592797783,0.6083102493074792,0.6066481994459834,0.6089750692520776,0.6062049861495845,0.6081994459833795,0.6078670360110804,0.6064265927977839,0.6066481994459834,0.60797783933518,0.6074238227146814,0.605983379501385,0.607202216066482,0.605983379501385,0.607202216066482,0.6075346260387812,0.605983379501385,0.6081994459833795,0.6070914127423823,0.6050969529085872,0.6044321329639889,0.6045429362880886,0.603213296398892,0.6024376731301939,0.6022160664819944,0.601994459833795,0.6,0.5995567867036011,0.6017728531855956,0.6044321329639889,0.6021052631578947,0.6023268698060942,0.601218836565097,0.6017728531855956,0.6024376731301939,0.6023268698060942,0.6017728531855956,0.6017728531855956,0.6017728531855956,0.6024376731301939,0.6017728531855956,0.6009972299168975,0.6014404432132964,0.6009972299168975,0.6031024930747922,0.6056509695290859,0.60398891966759,0.6013296398891966,0.6005540166204986,0.6024376731301939,0.6018836565096953,0.6017728531855956,0.6038781163434903,0.6021052631578947,0.6029916897506925,0.6040997229916898,0.6011080332409973,0.6008864265927978,0.6040997229916898,0.6026592797783934,0.605207756232687,0.603213296398892,0.6058725761772853,0.6037673130193906,0.6048753462603879,0.6038781163434903,0.6054293628808864,0.6056509695290859,0.6070914127423823,0.6034349030470915,0.6048753462603879,0.6036565096952908,0.6029916897506925,0.6058725761772853,0.6035457063711911,0.6029916897506925,0.603213296398892,0.6042105263157894,0.6046537396121884,0.6073130193905817,0.6048753462603879,0.6045429362880886,0.6048753462603879,0.6049861495844875,0.6063157894736843,0.6078670360110804,0.6083102493074792,0.6064265927977839,0.6076454293628809,0.6107479224376732,0.6069806094182826,0.6065373961218836,0.6056509695290859,0.6073130193905817,0.6087534626038781,0.6086426592797783,0.6049861495844875,0.6055401662049862,0.6043213296398892,0.6040997229916898,0.6031024930747922,0.6021052631578947,0.6034349030470915,0.6036565096952908,0.6043213296398892,0.6031024930747922,0.60398891966759,0.6037673130193906,0.6044321329639889,0.6049861495844875,0.6043213296398892,0.6037673130193906,0.6047645429362881,0.6058725761772853,0.60398891966759,0.6056509695290859,0.6003324099722992,0.6023268698060942,0.6033240997229917,0.6008864265927978,0.6009972299168975,0.6018836565096953,0.6002216066481995,0.6022160664819944,0.601994459833795,0.6036565096952908,0.6004432132963989,0.6023268698060942,0.601218836565097,0.6006648199445983,0.6006648199445983,0.5997783933518006,0.5996675900277009,0.6026592797783934,0.6005540166204986,0.5993351800554017,0.6026592797783934,0.5977839335180055,0.5993351800554017,0.5994459833795014,0.6005540166204986,0.602770083102493,0.6013296398891966,0.6018836565096953,0.6015512465373961,0.602770083102493,0.6014404432132964,0.5903601108033241,0.5833795013850416,0.5844875346260388,0.5957894736842105,0.5941274238227147,0.5967867036011081,0.5944598337950139,0.594792243767313,0.5920221606648199,0.5940166204986149,0.5925761772853185,0.5930193905817175,0.5920221606648199,0.5926869806094183,0.592797783933518,0.5912465373961219,0.5919113573407202,0.5916897506925207,0.5915789473684211,0.5937950138504156,0.5965650969529086,0.5971191135734072,0.5961218836565096,0.5933518005540166,0.5942382271468144,0.5942382271468144,0.5931301939058172,0.592797783933518,0.5911357340720221,0.5921329639889197,0.5922437673130194,0.5930193905817175,0.5939058171745152,0.5935734072022161,0.5945706371191136,0.5929085872576177,0.5932409972299169,0.5932409972299169,0.5926869806094183,0.5956786703601108,0.5961218836565096,0.5963434903047091,0.5981163434903047,0.5970083102493075,0.598005540166205,0.5977839335180055,0.598005540166205,0.5954570637119113,0.595235457063712,0.5916897506925207,0.589584487534626,0.589584487534626,0.5913573407202216,0.5909141274238228,0.5909141274238228,0.5925761772853185,0.5913573407202216,0.5982271468144045,0.5987811634349031,0.5983379501385041,0.6001108033240997,0.5967867036011081,0.5987811634349031,0.5975623268698061,0.5982271468144045,0.598005540166205,0.5967867036011081,0.5961218836565096,0.5967867036011081,0.5976731301939058,0.5946814404432132,0.5955678670360111,0.5949030470914127,0.5957894736842105,0.5998891966759002,0.5971191135734072,0.5995567867036011,0.5990027700831025,0.6,0.5986703601108033,0.598005540166205,0.5975623268698061,0.5978947368421053,0.5983379501385041,0.5983379501385041,0.5949030470914127,0.5930193905817175,0.5953462603878117,0.5953462603878117,0.5942382271468144,0.5961218836565096,0.5953462603878117,0.5953462603878117,0.5954570637119113,0.5962326869806094,0.5966759002770083,0.5959002770083103,0.5943490304709141,0.5977839335180055,0.5975623268698061,0.5982271468144045,0.598005540166205,0.5994459833795014,0.5987811634349031,0.5976731301939058,0.5981163434903047,0.5962326869806094,0.5984487534626038,0.5964542936288089,0.5935734072022161,0.5945706371191136,0.5941274238227147,0.5934626038781163,0.5904709141274238,0.5881440443213296,0.5932409972299169,0.5916897506925207,0.5929085872576177,0.5946814404432132,0.5954570637119113,0.5930193905817175,0.5924653739612188,0.5933518005540166,0.5878116343490305,0.5879224376731302,0.5899168975069252,0.5914681440443214,0.5898060941828255,0.5918005540166205,0.589584487534626,0.5914681440443214,0.5920221606648199,0.5865927977839335,0.5892520775623269,0.5914681440443214,0.5889196675900277,0.590803324099723,0.5898060941828255,0.5898060941828255,0.5915789473684211,0.5924653739612188,0.5941274238227147,0.5945706371191136,0.5909141274238228,0.5909141274238228,0.5904709141274238,0.5889196675900277,0.5884764542936288,0.5894736842105263,0.5894736842105263,0.5894736842105263,0.5894736842105263,0.5894736842105263,0.5893628808864266,0.5882548476454293,0.5865927977839335,0.586814404432133,0.5903601108033241,0.5911357340720221,0.5910249307479224,0.5888088642659279,0.5894736842105263,0.5891412742382272,0.5891412742382272,0.5871468144044322,0.5873684210526315,0.5872576177285319,0.5884764542936288,0.5879224376731302,0.5874792243767313,0.5905817174515235,0.5878116343490305,0.5892520775623269,0.5893628808864266,0.5922437673130194,0.5911357340720221,0.5878116343490305,0.5898060941828255,0.5871468144044322,0.5889196675900277,0.5891412742382272,0.5913573407202216,0.5910249307479224,0.5899168975069252,0.5933518005540166,0.5920221606648199,0.5920221606648199,0.5916897506925207,0.5902493074792243,0.5904709141274238,0.5913573407202216,0.5882548476454293,0.5901385041551247,0.590027700831025,0.5915789473684211,0.5911357340720221,0.5919113573407202,0.5926869806094183,0.5944598337950139,0.5914681440443214,0.5929085872576177,0.5912465373961219,0.5922437673130194,0.59601108033241,0.5949030470914127,0.5939058171745152,0.5955678670360111,0.5951246537396122,0.5936842105263158,0.5919113573407202,0.592797783933518,0.5922437673130194,0.5934626038781163,0.5929085872576177,0.5921329639889197,0.5923545706371192,0.5940166204986149,0.5941274238227147,0.5970083102493075,0.5959002770083103,0.5949030470914127,0.5920221606648199,0.5879224376731302,0.5930193905817175,0.5929085872576177,0.590027700831025,0.5912465373961219,0.5909141274238228,0.589584487534626,0.5893628808864266,0.5906925207756233,0.5910249307479224,0.5892520775623269,0.590027700831025,0.5921329639889197,0.592797783933518,0.5925761772853185,0.5905817174515235,0.5924653739612188,0.5915789473684211,0.5921329639889197,0.5912465373961219,0.5923545706371192,0.5886980609418283,0.5910249307479224,0.5889196675900277,0.5890304709141274,0.5894736842105263,0.5888088642659279,0.5888088642659279,0.5889196675900277,0.5911357340720221,0.5880332409972299,0.5889196675900277,0.5894736842105263,0.5890304709141274,0.5864819944598338,0.5891412742382272,0.5873684210526315,0.5873684210526315,0.5859279778393351,0.5864819944598338,0.5889196675900277,0.5891412742382272,0.589584487534626,0.5857063711911358,0.5859279778393351,0.5863711911357341,0.5850415512465375,0.5869252077562327,0.5864819944598338,0.5859279778393351,0.5849307479224377,0.5870360110803324,0.5896952908587257,0.5886980609418283,0.5891412742382272,0.5886980609418283,0.5893628808864266,0.586814404432133,0.5890304709141274,0.589584487534626,0.5891412742382272,0.5873684210526315,0.5892520775623269,0.589584487534626,0.5892520775623269,0.5890304709141274,0.5871468144044322,0.5878116343490305,0.590027700831025,0.5901385041551247,0.5896952908587257,0.590803324099723,0.5920221606648199,0.5915789473684211,0.5914681440443214,0.5894736842105263,0.5905817174515235,0.5914681440443214,0.5929085872576177,0.5926869806094183,0.5929085872576177,0.5945706371191136,0.5916897506925207,0.5953462603878117,0.5922437673130194,0.5923545706371192,0.5930193905817175,0.5932409972299169,0.5915789473684211,0.5923545706371192,0.5905817174515235,0.5911357340720221,0.5890304709141274,0.5933518005540166,0.5934626038781163,0.5910249307479224,0.5937950138504156,0.5921329639889197,0.5916897506925207,0.5926869806094183,0.59601108033241,0.5937950138504156,0.5962326869806094,0.5962326869806094,0.5944598337950139,0.594792243767313,0.5954570637119113,0.59601108033241,0.5963434903047091,0.5937950138504156,0.5933518005540166,0.5935734072022161,0.5932409972299169,0.5934626038781163,0.5951246537396122,0.592797783933518,0.5926869806094183,0.5945706371191136,0.5939058171745152,0.5940166204986149,0.592797783933518,0.592797783933518,0.5926869806094183,0.592797783933518,0.5916897506925207,0.5906925207756233,0.5921329639889197,0.5922437673130194,0.5903601108033241,0.5921329639889197,0.5905817174515235,0.5915789473684211,0.5903601108033241,0.5901385041551247,0.589584487534626,0.5877008310249308,0.5872576177285319,0.5864819944598338,0.5847091412742382,0.5860387811634349,0.5872576177285319,0.5892520775623269,0.5894736842105263,0.5878116343490305,0.5886980609418283,0.5874792243767313,0.5880332409972299,0.5873684210526315,0.5880332409972299,0.5881440443213296,0.5892520775623269,0.5889196675900277,0.5884764542936288,0.5863711911357341,0.5864819944598338,0.5867036011080332,0.5847091412742382,0.5850415512465375,0.5847091412742382,0.5861495844875346,0.5864819944598338,0.5860387811634349,0.5890304709141274,0.5890304709141274,0.5879224376731302,0.5874792243767313,0.585595567867036,0.5871468144044322,0.5877008310249308,0.5883656509695291,0.5880332409972299,0.5862603878116344,0.5860387811634349,0.5849307479224377,0.587590027700831,0.5872576177285319,0.5869252077562327,0.5883656509695291,0.5854847645429363,0.5844875346260388,0.5852631578947368,0.5844875346260388,0.5850415512465375,0.5841551246537396,0.583601108033241,0.5857063711911358,0.5853739612188366,0.5853739612188366,0.5873684210526315,0.587590027700831,0.5832686980609418,0.5861495844875346,0.5857063711911358,0.584819944598338,0.5857063711911358,0.5871468144044322,0.5865927977839335,0.5861495844875346,0.584819944598338,0.5870360110803324,0.5881440443213296,0.5879224376731302,0.5889196675900277,0.5863711911357341,0.5872576177285319,0.5872576177285319,0.5871468144044322,0.5884764542936288,0.5884764542936288,0.5840443213296399,0.5859279778393351,0.5863711911357341,0.5853739612188366,0.5852631578947368,0.5850415512465375,0.5863711911357341,0.5870360110803324,0.5865927977839335,0.5861495844875346,0.5819390581717452,0.5867036011080332,0.5862603878116344,0.5851523545706371,0.5864819944598338,0.5851523545706371,0.5839335180055402,0.5852631578947368,0.5853739612188366,0.5837119113573407,0.5842659279778394,0.5840443213296399,0.5824930747922438,0.5824930747922438,0.5834903047091413,0.5857063711911358,0.5870360110803324,0.5824930747922438,0.5829362880886426,0.5840443213296399,0.5860387811634349,0.5864819944598338,0.5840443213296399,0.5829362880886426,0.5884764542936288,0.5877008310249308,0.5880332409972299,0.5862603878116344,0.5869252077562327,0.5838227146814404,0.5863711911357341,0.5886980609418283,0.5869252077562327,0.5881440443213296,0.5909141274238228,0.5901385041551247,0.5877008310249308,0.5883656509695291,0.5840443213296399,0.5850415512465375,0.583601108033241,0.5827146814404432,0.585595567867036,0.5841551246537396,0.5845983379501385,0.5854847645429363,0.5845983379501385,0.5858171745152354,0.5867036011080332,0.5860387811634349,0.5859279778393351,0.5863711911357341,0.5858171745152354,0.5851523545706371,0.5840443213296399,0.583601108033241,0.5858171745152354,0.5867036011080332,0.5877008310249308,0.5857063711911358,0.5857063711911358,0.5882548476454293,0.5879224376731302,0.5885872576177286,0.5883656509695291,0.5869252077562327,0.5874792243767313,0.5870360110803324,0.5872576177285319,0.5879224376731302,0.5869252077562327,0.5881440443213296,0.5863711911357341,0.5859279778393351,0.585595567867036,0.580387811634349,0.5797229916897507,0.5826038781163435,0.5804986149584488,0.5806094182825485,0.582382271468144,0.5782825484764543,0.5800554016620498,0.5829362880886426,0.5820498614958449,0.5820498614958449,0.5802770083102493,0.581606648199446,0.5818282548476454,0.5808310249307479,0.5801662049861496,0.5800554016620498,0.5781717451523546,0.5779501385041551,0.577174515235457,0.5775069252077563,0.5769529085872576,0.5785041551246537,0.5808310249307479,0.5810526315789474,0.5790581717451524,0.579168975069252,0.5788365650969529,0.5781717451523546,0.5814958448753462,0.5800554016620498,0.5809418282548476,0.5807202216066482,0.5793905817174515,0.580387811634349,0.582382271468144,0.5820498614958449,0.5832686980609418,0.5831578947368421,0.5831578947368421,0.5817174515235457,0.5813850415512465,0.5806094182825485,0.5831578947368421,0.5826038781163435,0.5801662049861496,0.5840443213296399,0.5817174515235457,0.5793905817174515,0.5798337950138505,0.5813850415512465,0.5813850415512465,0.5833795013850416,0.5814958448753462,0.581606648199446,0.5804986149584488,0.5804986149584488,0.5797229916897507,0.5812742382271469,0.581606648199446,0.5826038781163435,0.5821606648199446,0.5850415512465375,0.5829362880886426,0.5827146814404432,0.5824930747922438,0.5822714681440443,0.5854847645429363,0.5861495844875346,0.5812742382271469,0.5820498614958449,0.581606648199446,0.5833795013850416,0.5819390581717452,0.5797229916897507,0.5811634349030471,0.5827146814404432,0.5817174515235457,0.5824930747922438,0.5822714681440443,0.582382271468144,0.5826038781163435,0.5840443213296399,0.5807202216066482,0.5809418282548476,0.5809418282548476,0.5807202216066482,0.5809418282548476,0.5813850415512465,0.5831578947368421,0.5802770083102493,0.581606648199446,0.5827146814404432,0.583601108033241,0.5826038781163435,0.579612188365651,0.5797229916897507,0.5793905817174515,0.5818282548476454,0.5802770083102493,0.5797229916897507,0.5802770083102493,0.5813850415512465,0.5819390581717452,0.5824930747922438,0.5824930747922438,0.5820498614958449,0.5812742382271469,0.5817174515235457,0.5829362880886426,0.5812742382271469,0.5821606648199446,0.5799445983379501,0.5810526315789474,0.5811634349030471,0.5804986149584488,0.5817174515235457,0.5808310249307479,0.5814958448753462,0.5798337950138505,0.5807202216066482,0.5819390581717452,0.5819390581717452,0.5818282548476454,0.5824930747922438,0.5806094182825485,0.5812742382271469,0.581606648199446,0.5812742382271469,0.5818282548476454,0.5812742382271469,0.5814958448753462,0.5814958448753462,0.5820498614958449,0.5826038781163435,0.5830470914127424,0.5795013850415512,0.5822714681440443,0.5819390581717452,0.5798337950138505,0.5808310249307479,0.5800554016620498,0.5792797783933518,0.579612188365651,0.5798337950138505,0.5819390581717452,0.5804986149584488,0.5789473684210527,0.5798337950138505,0.581606648199446,0.5797229916897507,0.579168975069252,0.5801662049861496,0.5798337950138505,0.5800554016620498,0.5800554016620498,0.5800554016620498,0.5795013850415512,0.5797229916897507,0.5799445983379501,0.5799445983379501,0.5802770083102493,0.580387811634349,0.5802770083102493,0.5802770083102493,0.5801662049861496,0.5810526315789474,0.5810526315789474,0.5795013850415512,0.5813850415512465,0.5833795013850416,0.5790581717451524,0.5797229916897507,0.583601108033241,0.5845983379501385,0.583601108033241,0.5853739612188366,0.584376731301939,0.5833795013850416,0.5840443213296399,0.581606648199446,0.5811634349030471,0.5838227146814404,0.5831578947368421,0.5831578947368421,0.5832686980609418,0.5819390581717452,0.581606648199446,0.5840443213296399,0.5819390581717452,0.5811634349030471,0.5822714681440443,0.5922437673130194,0.5935734072022161,0.5861495844875346,0.5903601108033241,0.5901385041551247,0.5878116343490305,0.5878116343490305,0.5886980609418283,0.590803324099723,0.5894736842105263,0.5872576177285319,0.5884764542936288,0.5888088642659279,0.5904709141274238,0.5902493074792243,0.590027700831025,0.590027700831025,0.590027700831025,0.5885872576177286,0.590027700831025,0.5899168975069252,0.5899168975069252,0.5889196675900277,0.5893628808864266,0.5903601108033241,0.5902493074792243,0.5899168975069252,0.5909141274238228,0.5899168975069252,0.5909141274238228,0.5902493074792243,0.5903601108033241,0.5901385041551247,0.5890304709141274,0.5890304709141274,0.5890304709141274,0.5892520775623269,0.5888088642659279,0.5885872576177286,0.5892520775623269,0.5884764542936288,0.5869252077562327,0.5889196675900277,0.5886980609418283,0.5904709141274238,0.5860387811634349,0.5874792243767313,0.587590027700831,0.5870360110803324,0.5883656509695291,0.5884764542936288,0.5884764542936288,0.5877008310249308,0.5880332409972299,0.5889196675900277,0.5889196675900277,0.5878116343490305,0.5884764542936288,0.5884764542936288,0.5886980609418283,0.5831578947368421,0.5841551246537396,0.5833795013850416,0.5844875346260388,0.5817174515235457,0.5820498614958449,0.5818282548476454,0.5842659279778394,0.5842659279778394,0.5842659279778394,0.5849307479224377,0.5834903047091413,0.5841551246537396,0.582382271468144,0.5838227146814404,0.5827146814404432,0.5840443213296399,0.5838227146814404,0.5838227146814404,0.5838227146814404,0.5838227146814404,0.5838227146814404,0.583601108033241,0.5833795013850416,0.5812742382271469,0.5817174515235457,0.5806094182825485,0.5777285318559556,0.5778393351800554,0.5788365650969529,0.5806094182825485,0.5806094182825485,0.5810526315789474,0.5812742382271469,0.5804986149584488,0.579168975069252,0.580387811634349,0.580387811634349,0.5806094182825485,0.580387811634349,0.5792797783933518,0.580387811634349,0.5777285318559556,0.5790581717451524,0.5787257617728532,0.579612188365651,0.5779501385041551,0.5806094182825485,0.5810526315789474,0.5800554016620498,0.5786149584487534,0.5785041551246537,0.5797229916897507,0.5789473684210527,0.579612188365651,0.579168975069252,0.5781717451523546,0.5780609418282548,0.5777285318559556,0.5782825484764543,0.579612188365651,0.5795013850415512,0.579168975069252,0.579612188365651,0.5808310249307479,0.5818282548476454,0.5799445983379501,0.579168975069252,0.5807202216066482,0.5812742382271469,0.5795013850415512,0.5811634349030471,0.5812742382271469,0.579168975069252,0.5795013850415512,0.579168975069252,0.577174515235457,0.5783933518005541,0.5808310249307479,0.5814958448753462,0.5809418282548476,0.580387811634349,0.5817174515235457,0.5807202216066482,0.5818282548476454,0.581606648199446,0.5802770083102493,0.580387811634349,0.5800554016620498,0.581606648199446,0.5802770083102493,0.5799445983379501,0.5804986149584488,0.5798337950138505,0.5814958448753462,0.5817174515235457,0.5819390581717452,0.5809418282548476,0.5811634349030471,0.5821606648199446,0.5806094182825485,0.5807202216066482,0.5820498614958449,0.5826038781163435,0.5826038781163435,0.5834903047091413,0.584376731301939,0.582382271468144,0.5833795013850416,0.5809418282548476,0.5801662049861496,0.5802770083102493,0.5818282548476454,0.5811634349030471,0.5811634349030471,0.5804986149584488,0.5788365650969529,0.581606648199446,0.5787257617728532,0.5770637119113573,0.5772853185595568,0.5788365650969529,0.579168975069252,0.5780609418282548,0.5767313019390582,0.5781717451523546,0.5773961218836565,0.5780609418282548,0.5804986149584488,0.5809418282548476,0.580387811634349,0.5812742382271469,0.5809418282548476,0.5820498614958449,0.5819390581717452,0.5799445983379501,0.5782825484764543,0.5759556786703601,0.5786149584487534,0.5751800554016621,0.576398891966759,0.5770637119113573,0.5752908587257618,0.5811634349030471,0.5787257617728532,0.576398891966759,0.577617728531856,0.5780609418282548,0.5754016620498615,0.5766204986149585,0.5797229916897507,0.5790581717451524,0.5779501385041551,0.5769529085872576,0.577174515235457,0.5783933518005541,0.5773961218836565,0.5779501385041551,0.5772853185595568,0.5765096952908587,0.5751800554016621,0.5760664819944599,0.577617728531856,0.5765096952908587,0.5762880886426592,0.5752908587257618,0.5762880886426592,0.5751800554016621,0.5762880886426592,0.5740720221606648,0.5758448753462604,0.577617728531856,0.577617728531856,0.5775069252077563,0.576398891966759,0.5767313019390582,0.5748476454293628,0.5767313019390582,0.5767313019390582,0.5758448753462604,0.5760664819944599,0.5760664819944599,0.5775069252077563,0.5777285318559556,0.5782825484764543,0.5780609418282548,0.5745152354570637,0.572409972299169,0.5742936288088643,0.5757340720221606,0.5761772853185596,0.5752908587257618,0.5770637119113573,0.5761772853185596,0.576398891966759,0.5761772853185596,0.5750692520775623,0.5749584487534626,0.5750692520775623,0.5749584487534626,0.5751800554016621,0.5748476454293628,0.5742936288088643,0.5731855955678671,0.5752908587257618,0.5742936288088643,0.5725207756232688,0.5737396121883657,0.5737396121883657,0.5737396121883657,0.5737396121883657,0.5737396121883657,0.5737396121883657,0.5735180055401662,0.5737396121883657,0.5728531855955679,0.5732963988919667,0.5732963988919667,0.5730747922437673,0.5731855955678671,0.5732963988919667,0.5732963988919667,0.5740720221606648,0.5732963988919667,0.5735180055401662,0.5749584487534626,0.576398891966759,0.5779501385041551,0.5786149584487534,0.5760664819944599,0.5786149584487534,0.5786149584487534,0.5788365650969529,0.5781717451523546,0.5777285318559556,0.5785041551246537,0.5785041551246537,0.5782825484764543,0.5775069252077563,0.5766204986149585,0.5766204986149585,0.5770637119113573,0.5777285318559556,0.5779501385041551,0.5761772853185596,0.5767313019390582,0.5769529085872576,0.5772853185595568,0.5742936288088643,0.576398891966759,0.5751800554016621,0.5752908587257618,0.576398891966759,0.5746260387811635,0.5758448753462604,0.576398891966759,0.5773961218836565,0.5770637119113573,0.5766204986149585,0.577174515235457,0.5760664819944599,0.5760664819944599,0.5760664819944599,0.5775069252077563,0.5783933518005541,0.5777285318559556,0.5773961218836565,0.5772853185595568,0.576398891966759,0.5781717451523546,0.5761772853185596,0.5755124653739612,0.5759556786703601,0.5761772853185596,0.5739612188365651,0.5756232686980609,0.5772853185595568,0.5773961218836565,0.5760664819944599,0.5780609418282548,0.5801662049861496,0.5775069252077563,0.5767313019390582,0.5768421052631579,0.576398891966759,0.5785041551246537,0.5786149584487534,0.5772853185595568,0.5767313019390582,0.5779501385041551,0.5779501385041551,0.5780609418282548,0.5767313019390582,0.5775069252077563,0.5775069252077563,0.5783933518005541,0.5786149584487534,0.581606648199446,0.5818282548476454,0.5788365650969529,0.5811634349030471,0.5813850415512465,0.5806094182825485,0.5817174515235457,0.5802770083102493,0.5800554016620498,0.5809418282548476,0.5767313019390582,0.5798337950138505,0.5804986149584488,0.5814958448753462,0.5817174515235457,0.5812742382271469,0.580387811634349,0.5826038781163435,0.5800554016620498,0.5821606648199446,0.5818282548476454,0.5814958448753462,0.5810526315789474,0.5827146814404432,0.5789473684210527,0.5777285318559556,0.5799445983379501,0.5777285318559556,0.5798337950138505,0.5810526315789474,0.5804986149584488,0.5800554016620498,0.5799445983379501,0.5793905817174515,0.5781717451523546,0.5785041551246537,0.5777285318559556,0.5781717451523546,0.5785041551246537,0.5781717451523546,0.577617728531856,0.5775069252077563,0.5793905817174515,0.5751800554016621,0.5756232686980609,0.5739612188365651,0.5759556786703601,0.5770637119113573,0.5788365650969529,0.5807202216066482,0.5792797783933518,0.5787257617728532,0.5793905817174515,0.5781717451523546,0.5772853185595568,0.5792797783933518,0.5785041551246537,0.5787257617728532,0.5762880886426592,0.5762880886426592,0.576398891966759,0.5768421052631579,0.5799445983379501,0.5798337950138505,0.5789473684210527,0.5826038781163435,0.5797229916897507,0.580387811634349,0.5806094182825485,0.582382271468144,0.5804986149584488,0.5814958448753462,0.5847091412742382,0.5813850415512465,0.5788365650969529,0.5779501385041551,0.5785041551246537,0.5789473684210527,0.5797229916897507,0.5790581717451524,0.5783933518005541,0.5775069252077563,0.5790581717451524,0.5787257617728532,0.5775069252077563,0.5752908587257618,0.5756232686980609,0.5785041551246537,0.5789473684210527,0.5780609418282548,0.5789473684210527,0.5780609418282548,0.577174515235457,0.5778393351800554,0.5778393351800554,0.5759556786703601,0.5766204986149585,0.5809418282548476,0.5779501385041551,0.5787257617728532,0.5762880886426592,0.5741828254847645,0.579612188365651,0.5775069252077563,0.5767313019390582,0.5759556786703601,0.5758448753462604,0.5760664819944599,0.5748476454293628,0.5745152354570637,0.5737396121883657,0.5745152354570637,0.574404432132964,0.5745152354570637,0.5746260387811635,0.5750692520775623,0.5741828254847645,0.5740720221606648,0.5742936288088643,0.574404432132964,0.5742936288088643,0.5748476454293628,0.5755124653739612,0.5739612188365651,0.5767313019390582,0.5749584487534626,0.5750692520775623,0.5746260387811635,0.5758448753462604,0.5756232686980609,0.5762880886426592,0.5766204986149585,0.5750692520775623,0.5755124653739612,0.5749584487534626,0.5754016620498615,0.5755124653739612,0.5751800554016621,0.5767313019390582,0.5752908587257618,0.5757340720221606,0.576398891966759,0.5759556786703601,0.5765096952908587,0.5749584487534626,0.5755124653739612,0.5745152354570637,0.5745152354570637,0.5736288088642659,0.5739612188365651,0.5736288088642659,0.5749584487534626,0.5755124653739612,0.5755124653739612,0.5755124653739612,0.5755124653739612,0.5755124653739612,0.5761772853185596,0.5759556786703601,0.5762880886426592,0.5765096952908587,0.5769529085872576,0.5769529085872576,0.5770637119113573,0.5768421052631579,0.576398891966759,0.5772853185595568,0.5756232686980609,0.5758448753462604,0.5761772853185596,0.5751800554016621,0.5769529085872576,0.5775069252077563,0.5775069252077563,0.5779501385041551,0.5749584487534626,0.5768421052631579,0.5754016620498615,0.576398891966759,0.5765096952908587,0.5760664819944599,0.5770637119113573,0.5781717451523546,0.5770637119113573,0.5792797783933518,0.5770637119113573,0.5758448753462604,0.5778393351800554,0.5770637119113573,0.577174515235457,0.5762880886426592,0.576398891966759,0.5772853185595568,0.5793905817174515,0.5757340720221606,0.5752908587257618,0.5781717451523546,0.577174515235457,0.5772853185595568,0.5788365650969529,0.5797229916897507,0.5797229916897507,0.5797229916897507,0.5790581717451524,0.5787257617728532,0.5790581717451524,0.580387811634349,0.580387811634349,0.580387811634349,0.5799445983379501,0.5801662049861496,0.5809418282548476,0.5786149584487534,0.579168975069252,0.5799445983379501,0.579168975069252,0.5801662049861496,0.5839335180055402,0.5824930747922438,0.581606648199446,0.5806094182825485,0.5793905817174515,0.5812742382271469,0.5797229916897507,0.5806094182825485,0.5814958448753462,0.5820498614958449,0.5818282548476454,0.583601108033241,0.5831578947368421,0.5804986149584488,0.5829362880886426,0.5809418282548476,0.5800554016620498,0.5804986149584488,0.5789473684210527,0.5790581717451524,0.5797229916897507,0.5820498614958449,0.579168975069252,0.5790581717451524,0.5797229916897507,0.5798337950138505,0.5781717451523546,0.5802770083102493,0.5780609418282548,0.579168975069252,0.5769529085872576,0.5783933518005541,0.5790581717451524,0.5790581717451524,0.5788365650969529,0.577617728531856,0.5785041551246537,0.5772853185595568,0.5786149584487534,0.5801662049861496,0.5801662049861496,0.5756232686980609,0.5757340720221606,0.5756232686980609,0.5765096952908587,0.5792797783933518,0.5773961218836565,0.5787257617728532,0.5798337950138505,0.5795013850415512,0.5820498614958449,0.5811634349030471,0.5809418282548476,0.5801662049861496,0.5787257617728532,0.5798337950138505,0.5809418282548476,0.5788365650969529,0.5782825484764543,0.5787257617728532,0.5782825484764543,0.5778393351800554,0.577174515235457,0.5795013850415512,0.5785041551246537,0.5775069252077563,0.5782825484764543,0.5788365650969529,0.5793905817174515,0.5795013850415512,0.5782825484764543,0.5782825484764543,0.5782825484764543,0.5781717451523546,0.5773961218836565,0.577174515235457,0.5773961218836565,0.5773961218836565,0.577174515235457,0.577174515235457,0.577174515235457,0.5778393351800554,0.5783933518005541,0.5775069252077563,0.5769529085872576,0.577174515235457,0.5760664819944599,0.5760664819944599,0.5752908587257618,0.5765096952908587,0.5775069252077563,0.5766204986149585,0.5788365650969529,0.5790581717451524,0.5790581717451524,0.5787257617728532,0.5775069252077563,0.5762880886426592,0.5788365650969529,0.5768421052631579,0.5782825484764543,0.5766204986149585,0.5779501385041551,0.5780609418282548,0.5772853185595568,0.5787257617728532,0.5806094182825485,0.5807202216066482,0.5793905817174515,0.5772853185595568,0.5807202216066482,0.5785041551246537,0.5778393351800554,0.5787257617728532,0.5800554016620498,0.5783933518005541,0.5787257617728532,0.5778393351800554,0.5778393351800554,0.5597783933518006,0.5598891966759003,0.5618836565096953,0.5643213296398892,0.5652077562326869,0.5627700831024931,0.5629916897506925,0.5638781163434903,0.5665373961218837,0.5638781163434903,0.5621052631578948,0.5618836565096953,0.5631024930747922,0.5613296398891967,0.5606648199445984,0.560775623268698,0.5616620498614958,0.565983379501385,0.5618836565096953,0.5624376731301939,0.5614404432132964,0.561994459833795,0.56398891966759,0.5625484764542936,0.5605540166204986,0.5616620498614958,0.5608864265927977,0.56398891966759,0.561994459833795,0.563213296398892,0.5627700831024931,0.5622160664819945,0.564432132963989,0.56398891966759,0.564432132963989,0.5637673130193905,0.5646537396121883,0.567202216066482,0.564432132963989,0.5677562326869806,0.56398891966759,0.567202216066482,0.5681994459833795,0.5669806094182825,0.5640997229916898,0.563213296398892,0.5636565096952909,0.5617728531855956,0.5635457063711912,0.5626592797783934,0.5616620498614958,0.5615512465373961,0.5618836565096953,0.5603324099722992,0.56,0.5591135734072022,0.5596675900277008,0.5660941828254847,0.5625484764542936,0.5643213296398892,0.5646537396121883,0.5637673130193905,0.5640997229916898,0.5652077562326869,0.5685318559556787,0.5677562326869806,0.5677562326869806,0.5677562326869806,0.5675346260387811,0.5700831024930748,0.571634349030471,0.5700831024930748,0.5703047091412743,0.5693074792243767,0.572409972299169,0.5714127423822715,0.5695290858725762,0.5708587257617729,0.5688642659279778,0.5704155124653739,0.5704155124653739,0.5760664819944599,0.5752908587257618,0.5742936288088643,0.5748476454293628,0.5722991689750693,0.5704155124653739,0.5695290858725762,0.5737396121883657,0.5709695290858726,0.5686426592797784,0.5708587257617729,0.5675346260387811,0.5681994459833795,0.5679778393351801,0.5660941828254847,0.5654293628808864,0.5694182825484765,0.5648753462603878,0.5679778393351801,0.5689750692520775,0.5713019390581717,0.5726315789473684,0.572409972299169,0.5730747922437673,0.572409972299169,0.571634349030471,0.5718559556786703,0.5749584487534626,0.5731855955678671,0.5725207756232688,0.5717451523545707,0.569196675900277,0.5679778393351801,0.5675346260387811,0.5677562326869806,0.5698614958448753,0.5697506925207756,0.5709695290858726,0.5681994459833795,0.5660941828254847,0.5693074792243767,0.5701939058171746,0.5687534626038782,0.5714127423822715,0.5701939058171746,0.5742936288088643,0.5737396121883657,0.5762880886426592,0.5755124653739612,0.5755124653739612,0.5755124653739612,0.5755124653739612,0.5760664819944599,0.5762880886426592,0.5775069252077563,0.5757340720221606,0.5737396121883657,0.576398891966759,0.5750692520775623,0.5752908587257618,0.5757340720221606,0.577174515235457,0.5762880886426592,0.5740720221606648,0.5745152354570637,0.566426592797784,0.5669806094182825,0.5663157894736842,0.5658725761772854,0.5673130193905818,0.5660941828254847,0.567202216066482,0.5678670360110804,0.5679778393351801,0.5658725761772854,0.5667590027700831,0.5680886426592798,0.5668698060941828,0.5680886426592798,0.5676454293628809,0.5679778393351801,0.5693074792243767,0.5698614958448753,0.5696398891966759,0.5690858725761773,0.5697506925207756,0.5697506925207756,0.5700831024930748,0.5705263157894737,0.5709695290858726,0.5714127423822715,0.5709695290858726,0.571634349030471,0.5730747922437673,0.5670914127423823,0.571634349030471,0.5707479224376731,0.5707479224376731,0.5714127423822715,0.571191135734072,0.5718559556786703,0.5704155124653739,0.5706371191135734,0.5710803324099722,0.57196675900277,0.5720775623268698,0.5718559556786703,0.5722991689750693,0.5717451523545707,0.57196675900277,0.5694182825484765,0.5717451523545707,0.571191135734072,0.5697506925207756,0.5721883656509695,0.571191135734072,0.5707479224376731,0.5722991689750693,0.5714127423822715,0.5713019390581717,0.5707479224376731,0.5713019390581717,0.5735180055401662,0.57196675900277,0.5725207756232688,0.5727423822714681,0.5705263157894737,0.5685318559556787,0.5685318559556787,0.5685318559556787,0.5678670360110804,0.5655401662049861,0.565983379501385,0.5677562326869806,0.5676454293628809,0.5683102493074792,0.5687534626038782,0.5678670360110804,0.5684210526315789,0.5679778393351801,0.571191135734072,0.571634349030471,0.5696398891966759,0.5706371191135734,0.5701939058171746,0.5708587257617729,0.5729639889196676,0.5713019390581717,0.5706371191135734,0.5715235457063712,0.5695290858725762,0.5731855955678671,0.5739612188365651,0.5755124653739612,0.5739612188365651,0.5739612188365651,0.5737396121883657,0.574404432132964,0.5739612188365651,0.572409972299169,0.5720775623268698,0.574404432132964,0.5745152354570637,0.5742936288088643,0.5746260387811635,0.5737396121883657,0.5751800554016621,0.5749584487534626,0.5742936288088643,0.5742936288088643,0.5745152354570637,0.5747368421052632,0.5747368421052632,0.5747368421052632,0.5747368421052632,0.5745152354570637,0.5749584487534626,0.577617728531856,0.5772853185595568,0.5765096952908587,0.5729639889196676,0.5738504155124654,0.576398891966759,0.5754016620498615,0.5748476454293628,0.5747368421052632,0.5745152354570637,0.5748476454293628,0.5738504155124654,0.5740720221606648,0.5748476454293628,0.574404432132964,0.5759556786703601,0.5749584487534626,0.5777285318559556,0.5767313019390582,0.5721883656509695,0.5734072022160664,0.5703047091412743,0.5694182825484765,0.5669806094182825,0.5698614958448753,0.5683102493074792,0.56398891966759,0.5616620498614958,0.564432132963989,0.56398891966759,0.5646537396121883,0.5660941828254847,0.5627700831024931,0.5635457063711912,0.5585595567867035,0.5578947368421052,0.5611080332409972,0.5597783933518006,0.5596675900277008,0.5613296398891967,0.5594459833795014,0.5598891966759003,0.5609972299168975,0.5603324099722992,0.560775623268698,0.5627700831024931,0.5621052631578948,0.5615512465373961,0.5614404432132964,0.5604432132963989,0.5597783933518006,0.5601108033240997,0.5636565096952909,0.5647645429362881,0.5625484764542936,0.5647645429362881,0.5638781163434903,0.5680886426592798,0.5676454293628809,0.5674238227146814,0.5642105263157895,0.5649861495844876,0.5633240997229917,0.5652077562326869,0.5621052631578948,0.561994459833795,0.5618836565096953,0.5635457063711912,0.560775623268698,0.5609972299168975,0.5621052631578948,0.5617728531855956,0.5640997229916898,0.5643213296398892,0.5634349030470914,0.5635457063711912,0.5631024930747922,0.5634349030470914,0.5634349030470914,0.5633240997229917,0.5627700831024931,0.5631024930747922,0.5628808864265928,0.5626592797783934,0.5628808864265928,0.5636565096952909,0.5625484764542936,0.5640997229916898,0.5645429362880886,0.5668698060941828,0.5668698060941828,0.5670914127423823,0.5676454293628809,0.5652077562326869,0.5646537396121883,0.5654293628808864,0.5652077562326869,0.5652077562326869,0.5656509695290859,0.5663157894736842,0.5683102493074792,0.5689750692520775,0.5683102493074792,0.5674238227146814,0.5675346260387811,0.5679778393351801,0.5681994459833795,0.5679778393351801,0.5673130193905818,0.5688642659279778,0.5684210526315789,0.5665373961218837,0.5708587257617729,0.5698614958448753,0.5679778393351801,0.5686426592797784,0.5681994459833795,0.5685318559556787,0.5685318559556787,0.5678670360110804,0.5676454293628809,0.5679778393351801,0.5704155124653739,0.5713019390581717,0.5697506925207756,0.5701939058171746,0.5690858725761773,0.5676454293628809,0.5676454293628809,0.5676454293628809,0.5676454293628809,0.5670914127423823,0.5674238227146814,0.5678670360110804,0.5678670360110804,0.5673130193905818,0.5676454293628809,0.5660941828254847,0.5690858725761773,0.5680886426592798,0.5703047091412743,0.5688642659279778,0.569196675900277,0.5686426592797784,0.5662049861495845,0.5679778393351801,0.5705263157894737,0.5687534626038782,0.5669806094182825,0.5680886426592798,0.5643213296398892,0.5621052631578948,0.5649861495844876,0.5649861495844876,0.5624376731301939,0.5629916897506925,0.5653185595567867,0.5662049861495845,0.5668698060941828,0.5656509695290859,0.5635457063711912,0.5662049861495845,0.5650969529085873,0.5648753462603878,0.5648753462603878,0.5656509695290859,0.5653185595567867,0.5647645429362881,0.5636565096952909,0.5608864265927977,0.5626592797783934,0.5625484764542936,0.5624376731301939,0.5614404432132964,0.5614404432132964,0.5606648199445984,0.563213296398892,0.5629916897506925,0.5631024930747922,0.5604432132963989,0.5604432132963989,0.5640997229916898,0.564432132963989,0.5635457063711912,0.561994459833795,0.5613296398891967,0.5629916897506925,0.5621052631578948,0.560775623268698,0.5608864265927977,0.5609972299168975,0.561218836565097,0.5598891966759003,0.5594459833795014,0.5613296398891967,0.5618836565096953,0.5613296398891967,0.5625484764542936,0.5626592797783934,0.5647645429362881,0.5634349030470914,0.5642105263157895,0.5643213296398892,0.5643213296398892,0.5650969529085873,0.5652077562326869,0.560775623268698,0.5613296398891967,0.5601108033240997,0.5586703601108033,0.5575623268698061,0.5588919667590028,0.5598891966759003,0.5603324099722992,0.558781163434903,0.5606648199445984,0.5575623268698061,0.5608864265927977,0.5636565096952909,0.5629916897506925,0.5652077562326869,0.5656509695290859,0.5649861495844876,0.5646537396121883,0.5673130193905818,0.5663157894736842,0.5654293628808864,0.5657617728531856,0.5662049861495845,0.5658725761772854,0.5591135734072022,0.5627700831024931,0.5636565096952909,0.563213296398892,0.5634349030470914,0.56398891966759,0.560775623268698,0.5637673130193905,0.5635457063711912,0.5618836565096953,0.5618836565096953,0.5591135734072022,0.560775623268698,0.5616620498614958,0.56,0.5582271468144044,0.5581163434903047,0.5602216066481994,0.5611080332409972,0.5603324099722992,0.5596675900277008,0.5609972299168975,0.5601108033240997,0.5595567867036011,0.5613296398891967,0.5586703601108033,0.560775623268698,0.5617728531855956,0.5627700831024931,0.5614404432132964,0.5604432132963989,0.5609972299168975,0.5605540166204986,0.5638781163434903,0.5640997229916898,0.569196675900277,0.569196675900277,0.5677562326869806,0.5695290858725762,0.5663157894736842,0.5668698060941828,0.5686426592797784,0.5684210526315789,0.5693074792243767,0.5648753462603878,0.5648753462603878,0.5653185595567867,0.5653185595567867,0.5653185595567867,0.5648753462603878,0.5647645429362881,0.5678670360110804,0.5675346260387811,0.5665373961218837,0.5663157894736842,0.5666481994459833,0.5666481994459833,0.5663157894736842,0.5657617728531856,0.5647645429362881,0.5638781163434903,0.565983379501385,0.5645429362880886,0.5655401662049861,0.5676454293628809,0.5663157894736842,0.5683102493074792,0.5655401662049861,0.5669806094182825,0.5675346260387811,0.5663157894736842,0.5684210526315789,0.567202216066482,0.5688642659279778,0.5685318559556787,0.5667590027700831,0.5675346260387811,0.5673130193905818,0.5675346260387811,0.5665373961218837,0.5687534626038782,0.5680886426592798,0.5660941828254847,0.5646537396121883,0.5640997229916898,0.5638781163434903,0.5635457063711912,0.560775623268698,0.5608864265927977,0.5621052631578948,0.5642105263157895,0.5616620498614958,0.5621052631578948,0.564432132963989,0.5627700831024931,0.5653185595567867,0.5643213296398892,0.563213296398892,0.5627700831024931,0.5634349030470914,0.5649861495844876,0.5621052631578948,0.5615512465373961,0.5625484764542936,0.5611080332409972,0.5568975069252078,0.5636565096952909,0.5643213296398892,0.5647645429362881,0.5640997229916898,0.5646537396121883,0.5667590027700831,0.5703047091412743,0.5673130193905818,0.5668698060941828,0.5667590027700831,0.5698614958448753,0.5645429362880886,0.5656509695290859,0.5616620498614958,0.563213296398892,0.5637673130193905,0.566426592797784,0.5655401662049861,0.5647645429362881,0.5636565096952909,0.5654293628808864,0.5640997229916898,0.5646537396121883,0.5631024930747922,0.5617728531855956,0.5621052631578948,0.563213296398892,0.5640997229916898,0.561218836565097,0.5623268698060941,0.5590027700831025,0.559224376731302,0.5581163434903047,0.5598891966759003,0.5623268698060941,0.5602216066481994,0.5581163434903047,0.558781163434903,0.5581163434903047,0.5608864265927977,0.5572299168975069,0.5572299168975069,0.556786703601108,0.5541274238227146,0.5536842105263158,0.5550138504155124,0.5586703601108033,0.5590027700831025,0.5603324099722992,0.5585595567867035,0.5553462603878117,0.5556786703601108,0.5563434903047091,0.5568975069252078,0.5584487534626039,0.55601108033241,0.5545706371191136,0.5555678670360111,0.5545706371191136,0.553573407202216,0.554016620498615,0.5529085872576177,0.5510249307479225,0.5521329639889196,0.5514681440443213,0.552797783933518,0.5532409972299169,0.5553462603878117,0.5543490304709141,0.5539058171745153,0.5539058171745153,0.5544598337950138,0.554016620498615,0.5534626038781163,0.5547922437673131,0.5565650969529086,0.5550138504155124,0.558005540166205,0.5581163434903047,0.559224376731302,0.5598891966759003,0.558005540166205,0.558781163434903,0.5566759002770083,0.5594459833795014,0.5576731301939059,0.5588919667590028,0.5537950138504155,0.5534626038781163,0.552797783933518,0.5556786703601108,0.5557894736842105,0.55601108033241,0.554016620498615,0.554016620498615,0.554016620498615,0.5552354570637119,0.5556786703601108,0.5571191135734072,0.5571191135734072,0.5541274238227146,0.5541274238227146,0.5550138504155124,0.5542382271468144,0.5544598337950138,0.553573407202216,0.554016620498615,0.5546814404432133,0.5546814404432133,0.5543490304709141,0.5549030470914127,0.5552354570637119,0.5559002770083102,0.5553462603878117,0.5584487534626039,0.5572299168975069,0.5570083102493075,0.556786703601108,0.556786703601108,0.5568975069252078,0.558005540166205,0.5575623268698061,0.5574515235457064,0.5582271468144044,0.5582271468144044,0.5584487534626039,0.5576731301939059,0.5582271468144044,0.5586703601108033,0.5590027700831025,0.559224376731302,0.5598891966759003,0.5598891966759003,0.5593351800554016,0.5594459833795014,0.5598891966759003,0.5597783933518006,0.5585595567867035,0.56,0.5588919667590028,0.5597783933518006,0.5593351800554016,0.559224376731302,0.5604432132963989,0.5626592797783934,0.5604432132963989,0.56,0.5616620498614958,0.5617728531855956,0.5628808864265928,0.5611080332409972,0.5640997229916898,0.5614404432132964,0.5631024930747922,0.5611080332409972,0.5608864265927977,0.5609972299168975,0.5606648199445984,0.5624376731301939,0.5627700831024931,0.560775623268698,0.5617728531855956,0.5643213296398892,0.5652077562326869,0.56398891966759,0.5627700831024931,0.5623268698060941,0.5631024930747922,0.5624376731301939,0.5642105263157895,0.5637673130193905,0.5584487534626039,0.561994459833795,0.5648753462603878,0.5604432132963989,0.5615512465373961,0.5623268698060941,0.5625484764542936,0.5625484764542936,0.5591135734072022,0.5603324099722992,0.5596675900277008,0.5593351800554016,0.5603324099722992,0.5562326869806095,0.5541274238227146,0.55601108033241,0.5556786703601108,0.5562326869806095,0.561994459833795,0.5584487534626039,0.559224376731302,0.5554570637119114,0.5555678670360111,0.558781163434903,0.5568975069252078,0.5552354570637119,0.5572299168975069,0.5568975069252078,0.5597783933518006,0.5588919667590028,0.56,0.5597783933518006,0.558005540166205,0.5590027700831025,0.5596675900277008,0.5573407202216066,0.5594459833795014,0.5574515235457064,0.5574515235457064,0.5581163434903047,0.5574515235457064,0.5591135734072022,0.558781163434903,0.558781163434903,0.561994459833795,0.5604432132963989,0.5584487534626039,0.5588919667590028,0.5588919667590028,0.5574515235457064,0.5603324099722992,0.5564542936288088,0.55601108033241,0.5591135734072022,0.5590027700831025,0.56,0.556786703601108,0.5603324099722992,0.5604432132963989,0.5597783933518006,0.56,0.5597783933518006,0.5609972299168975,0.558781163434903,0.5596675900277008,0.5584487534626039,0.5576731301939059,0.56,0.560775623268698,0.5631024930747922,0.5625484764542936,0.5585595567867035,0.5559002770083102,0.5606648199445984,0.5584487534626039,0.5571191135734072,0.5583379501385042,0.558005540166205,0.561218836565097,0.5584487534626039,0.5616620498614958,0.5623268698060941,0.5603324099722992,0.563213296398892,0.5622160664819945,0.5636565096952909,0.5575623268698061,0.5591135734072022,0.5597783933518006,0.560775623268698,0.5585595567867035,0.5597783933518006,0.5609972299168975,0.5564542936288088,0.5582271468144044,0.5595567867036011,0.5575623268698061,0.5571191135734072,0.5578947368421052,0.5577839335180056,0.558005540166205,0.5597783933518006,0.5635457063711912,0.5616620498614958,0.5595567867036011,0.559224376731302,0.5605540166204986,0.5602216066481994,0.5614404432132964,0.5615512465373961,0.5643213296398892,0.5624376731301939,0.5638781163434903,0.5647645429362881,0.5640997229916898,0.563213296398892,0.5643213296398892,0.5642105263157895,0.5625484764542936,0.5628808864265928,0.5627700831024931,0.564432132963989,0.566426592797784,0.5642105263157895,0.5642105263157895,0.5622160664819945,0.5626592797783934,0.5622160664819945,0.5626592797783934,0.5615512465373961,0.5628808864265928,0.5623268698060941,0.5604432132963989,0.5622160664819945,0.5623268698060941,0.5629916897506925,0.5615512465373961,0.5615512465373961,0.5615512465373961,0.560775623268698,0.5590027700831025,0.5605540166204986,0.5627700831024931,0.561994459833795,0.5614404432132964,0.5608864265927977,0.5609972299168975,0.5609972299168975,0.5627700831024931,0.5615512465373961,0.5622160664819945,0.5613296398891967,0.5576731301939059,0.558005540166205,0.5561218836565097,0.5570083102493075,0.5586703601108033,0.5583379501385042,0.5594459833795014,0.559224376731302,0.5616620498614958,0.5608864265927977,0.5606648199445984,0.5615512465373961,0.5625484764542936,0.5622160664819945,0.5621052631578948,0.560775623268698,0.5617728531855956,0.5623268698060941,0.5617728531855956,0.5617728531855956,0.5608864265927977,0.5597783933518006,0.5623268698060941,0.5625484764542936,0.5617728531855956,0.5608864265927977,0.5611080332409972,0.5618836565096953,0.5621052631578948,0.5637673130193905,0.5616620498614958,0.5609972299168975,0.5617728531855956,0.563213296398892,0.5617728531855956,0.5622160664819945,0.5649861495844876,0.5645429362880886,0.563213296398892,0.5618836565096953,0.561218836565097,0.5622160664819945,0.565983379501385,0.5614404432132964,0.5605540166204986,0.561218836565097,0.5628808864265928,0.5609972299168975,0.5611080332409972,0.5611080332409972,0.5618836565096953,0.5615512465373961,0.5637673130193905,0.5621052631578948,0.5628808864265928,0.5626592797783934,0.561218836565097,0.5637673130193905,0.5616620498614958,0.5585595567867035,0.5593351800554016,0.5606648199445984,0.5596675900277008,0.5585595567867035,0.5606648199445984,0.5593351800554016,0.5593351800554016,0.5582271468144044,0.5574515235457064,0.5564542936288088,0.5573407202216066,0.5581163434903047,0.5590027700831025,0.5573407202216066,0.5576731301939059,0.5591135734072022,0.5613296398891967,0.5594459833795014,0.558781163434903,0.559224376731302,0.5593351800554016,0.5593351800554016,0.558005540166205,0.5581163434903047,0.5578947368421052,0.5598891966759003,0.5586703601108033,0.558005540166205,0.5584487534626039,0.5596675900277008,0.5591135734072022,0.5595567867036011,0.5584487534626039,0.5581163434903047,0.5584487534626039,0.5582271468144044,0.5574515235457064,0.5597783933518006,0.5591135734072022,0.5591135734072022,0.5570083102493075,0.5571191135734072,0.5568975069252078,0.55601108033241,0.5556786703601108,0.5574515235457064,0.5578947368421052,0.5578947368421052,0.5576731301939059,0.5586703601108033,0.558781163434903,0.5595567867036011,0.5593351800554016,0.561994459833795,0.5609972299168975,0.5590027700831025,0.5578947368421052,0.5568975069252078,0.5537950138504155,0.5557894736842105,0.5557894736842105,0.5551246537396122,0.5554570637119114,0.5550138504155124,0.5553462603878117,0.5543490304709141,0.5533518005540167,0.5513573407202216,0.5533518005540167,0.5531301939058172,0.5542382271468144,0.5515789473684211,0.5555678670360111,0.5562326869806095,0.5546814404432133,0.5534626038781163,0.5549030470914127,0.5571191135734072,0.5572299168975069,0.5581163434903047,0.5601108033240997,0.558005540166205,0.5573407202216066,0.5553462603878117,0.5546814404432133,0.5546814404432133,0.5564542936288088,0.5530193905817175,0.5515789473684211,0.5537950138504155,0.5557894736842105,0.5556786703601108,0.5549030470914127,0.5562326869806095,0.5564542936288088,0.5562326869806095,0.5581163434903047,0.5562326869806095,0.5557894736842105,0.5537950138504155,0.5559002770083102,0.5565650969529086,0.5563434903047091,0.5564542936288088,0.5552354570637119,0.5529085872576177,0.5547922437673131,0.5515789473684211,0.5545706371191136,0.5576731301939059,0.5537950138504155,0.5516897506925208,0.5513573407202216,0.553573407202216,0.5526869806094182,0.5563434903047091,0.5526869806094182,0.5529085872576177,0.5545706371191136,0.5542382271468144,0.5524653739612189,0.5564542936288088,0.5553462603878117,0.5532409972299169,0.5534626038781163,0.5566759002770083,0.5541274238227146,0.5542382271468144,0.5555678670360111,0.5541274238227146,0.5521329639889196,0.5550138504155124,0.5525761772853186,0.5519113573407203,0.5503601108033241,0.5519113573407203,0.5486980609418283,0.5474792243767314,0.548808864265928,0.5478116343490305,0.5473684210526316,0.5474792243767314,0.5506925207756233,0.550803324099723,0.5489196675900277,0.5526869806094182,0.5518005540166205,0.5536842105263158,0.5523545706371191,0.5559002770083102,0.556786703601108,0.5583379501385042,0.5585595567867035,0.5565650969529086,0.5537950138504155,0.5505817174515235,0.5547922437673131,0.556786703601108,0.5543490304709141,0.5556786703601108,0.5549030470914127,0.5555678670360111,0.5571191135734072,0.5551246537396122,0.5523545706371191,0.5523545706371191,0.5520221606648199,0.5522437673130194,0.5500277008310249,0.5498060941828254,0.5552354570637119,0.552797783933518,0.5518005540166205,0.5552354570637119,0.5562326869806095,0.556786703601108,0.5571191135734072,0.5584487534626039,0.5576731301939059,0.5573407202216066,0.5577839335180056,0.5541274238227146,0.5559002770083102,0.5544598337950138,0.5585595567867035,0.5577839335180056,0.5571191135734072,0.55601108033241,0.5566759002770083,0.5573407202216066,0.5562326869806095,0.5570083102493075,0.5559002770083102,0.5557894736842105,0.5566759002770083,0.5542382271468144,0.5545706371191136,0.5543490304709141,0.5549030470914127,0.5571191135734072,0.5554570637119114,0.5551246537396122,0.5543490304709141,0.5543490304709141,0.5562326869806095,0.5566759002770083,0.5573407202216066,0.5568975069252078,0.5557894736842105,0.5563434903047091,0.5563434903047091,0.5583379501385042,0.5576731301939059,0.5583379501385042,0.5565650969529086,0.5564542936288088,0.5562326869806095,0.5566759002770083,0.5571191135734072,0.5565650969529086,0.556786703601108,0.5570083102493075,0.5559002770083102,0.5559002770083102,0.5561218836565097,0.5537950138504155,0.5554570637119114,0.5561218836565097,0.5561218836565097,0.5561218836565097,0.55601108033241,0.5556786703601108,0.5546814404432133,0.5562326869806095,0.5570083102493075,0.5575623268698061,0.5576731301939059,0.5570083102493075,0.5591135734072022,0.5568975069252078,0.5577839335180056,0.556786703601108,0.5574515235457064,0.5577839335180056,0.5591135734072022,0.5586703601108033,0.5597783933518006,0.559224376731302,0.5557894736842105,0.5559002770083102,0.5556786703601108,0.5551246537396122,0.5556786703601108,0.5550138504155124,0.5566759002770083,0.5574515235457064,0.5572299168975069,0.5551246537396122,0.5582271468144044,0.5582271468144044,0.5584487534626039,0.5590027700831025,0.5583379501385042,0.5568975069252078,0.5588919667590028,0.5595567867036011,0.556786703601108,0.5578947368421052,0.5583379501385042,0.5583379501385042,0.5576731301939059,0.5574515235457064,0.5573407202216066,0.5573407202216066,0.5562326869806095,0.5565650969529086,0.5522437673130194,0.5532409972299169,0.5530193905817175,0.5519113573407203,0.5518005540166205,0.5524653739612189,0.5524653739612189,0.5541274238227146,0.5524653739612189,0.5523545706371191,0.5530193905817175,0.5530193905817175,0.5502493074792244,0.550803324099723,0.5549030470914127,0.5546814404432133,0.5550138504155124,0.5534626038781163,0.5550138504155124,0.5521329639889196,0.5509141274238227,0.5501385041551247,0.5524653739612189,0.5561218836565097,0.5511357340720222,0.5530193905817175,0.5505817174515235,0.5501385041551247,0.550803324099723,0.5501385041551247,0.5502493074792244,0.5491412742382271,0.5493628808864266,0.5484764542936288,0.5489196675900277,0.5498060941828254,0.5499168975069252,0.5504709141274238,0.5504709141274238,0.5502493074792244,0.5498060941828254,0.5503601108033241,0.5490304709141274,0.5486980609418283,0.5495844875346261,0.5512465373961218,0.548808864265928,0.5484764542936288,0.5501385041551247,0.5522437673130194,0.5495844875346261,0.5509141274238227,0.548808864265928,0.5504709141274238,0.5533518005540167,0.552797783933518,0.5516897506925208,0.5524653739612189,0.5477008310249307,0.5511357340720222,0.5515789473684211,0.554016620498615,0.5541274238227146,0.5500277008310249,0.5505817174515235,0.5510249307479225,0.5526869806094182,0.5516897506925208,0.5520221606648199,0.5505817174515235,0.550803324099723,0.5490304709141274,0.550803324099723,0.5520221606648199,0.5521329639889196,0.5510249307479225,0.5522437673130194,0.5523545706371191,0.5533518005540167,0.5531301939058172,0.5518005540166205,0.553573407202216,0.5524653739612189,0.5511357340720222,0.5510249307479225,0.5512465373961218,0.5523545706371191,0.553573407202216,0.5549030470914127,0.5546814404432133,0.5541274238227146,0.5530193905817175,0.5526869806094182,0.5545706371191136,0.5543490304709141,0.5526869806094182,0.5531301939058172,0.5521329639889196,0.553573407202216,0.5537950138504155,0.554016620498615,0.5557894736842105,0.5565650969529086,0.553573407202216,0.5515789473684211,0.553573407202216,0.550803324099723,0.5525761772853186,0.5502493074792244,0.5531301939058172,0.5518005540166205,0.5518005540166205,0.5530193905817175,0.5551246537396122,0.5551246537396122,0.5542382271468144,0.554016620498615,0.5513573407202216,0.5533518005540167,0.55601108033241,0.5546814404432133,0.5532409972299169,0.5546814404432133,0.5546814404432133,0.5546814404432133,0.5532409972299169,0.5525761772853186,0.5523545706371191,0.5464819944598338,0.5471468144044321,0.5473684210526316,0.5496952908587258,0.5492520775623269,0.5513573407202216,0.5501385041551247,0.5465927977839335,0.5502493074792244,0.5504709141274238,0.5518005540166205,0.5509141274238227,0.5516897506925208,0.5525761772853186,0.5515789473684211,0.5485872576177285,0.550803324099723,0.5501385041551247,0.5482548476454293,0.5484764542936288,0.5498060941828254,0.5501385041551247,0.5550138504155124,0.5543490304709141,0.5565650969529086,0.5545706371191136,0.5561218836565097,0.5536842105263158,0.5532409972299169,0.5534626038781163,0.5521329639889196,0.5523545706371191,0.5525761772853186,0.5518005540166205,0.5533518005540167,0.5534626038781163,0.5529085872576177,0.5539058171745153,0.5525761772853186,0.552797783933518,0.5519113573407203,0.5520221606648199,0.5522437673130194,0.5524653739612189,0.552797783933518,0.554016620498615,0.5530193905817175,0.5549030470914127,0.5562326869806095,0.5533518005540167,0.5531301939058172,0.5529085872576177,0.5522437673130194,0.5503601108033241,0.5494736842105263,0.5523545706371191,0.5531301939058172,0.5553462603878117,0.5536842105263158,0.552797783933518,0.5545706371191136,0.5523545706371191,0.5532409972299169,0.5533518005540167,0.5551246537396122,0.5533518005540167,0.5541274238227146,0.5544598337950138,0.5545706371191136,0.5550138504155124,0.5556786703601108,0.5550138504155124,0.55601108033241,0.5549030470914127,0.5550138504155124,0.5550138504155124,0.5531301939058172,0.5537950138504155,0.5537950138504155,0.5537950138504155,0.553573407202216,0.5532409972299169,0.5542382271468144,0.5537950138504155,0.5541274238227146,0.5546814404432133,0.5546814404432133,0.5572299168975069,0.554016620498615,0.5537950138504155,0.5523545706371191,0.5544598337950138,0.5544598337950138,0.5549030470914127,0.5551246537396122,0.5549030470914127,0.5565650969529086,0.5564542936288088,0.5550138504155124,0.5534626038781163,0.5534626038781163,0.5564542936288088,0.5578947368421052,0.5573407202216066,0.5588919667590028,0.560775623268698,0.5609972299168975,0.5595567867036011,0.5611080332409972,0.5618836565096953,0.5577839335180056,0.5601108033240997,0.5595567867036011,0.56398891966759,0.5623268698060941,0.561218836565097,0.5613296398891967,0.5602216066481994,0.5604432132963989,0.5593351800554016,0.5588919667590028,0.5593351800554016,0.561218836565097,0.5609972299168975,0.561218836565097,0.5605540166204986,0.5626592797783934,0.561994459833795,0.5617728531855956,0.5622160664819945,0.5616620498614958,0.561218836565097,0.5635457063711912,0.5631024930747922,0.5609972299168975,0.5611080332409972,0.561218836565097,0.5626592797783934,0.5611080332409972,0.5624376731301939,0.5613296398891967,0.5613296398891967,0.561994459833795,0.5617728531855956,0.5605540166204986,0.5595567867036011,0.5634349030470914,0.5621052631578948,0.5597783933518006,0.5570083102493075,0.5574515235457064,0.5551246537396122,0.5561218836565097,0.5511357340720222,0.5551246537396122,0.5553462603878117,0.5549030470914127,0.5559002770083102,0.55601108033241,0.5547922437673131,0.556786703601108,0.5573407202216066,0.5555678670360111,0.5571191135734072,0.5555678670360111,0.5551246537396122,0.5537950138504155,0.5544598337950138,0.5539058171745153,0.5533518005540167,0.5562326869806095,0.5533518005540167,0.552797783933518,0.5525761772853186,0.5524653739612189,0.5518005540166205,0.5518005540166205,0.552797783933518,0.5490304709141274,0.5502493074792244,0.5481440443213297,0.5484764542936288,0.5474792243767314,0.5481440443213297,0.5485872576177285,0.5501385041551247,0.5501385041551247,0.548365650969529,0.5498060941828254,0.5526869806094182,0.5509141274238227,0.5494736842105263,0.5498060941828254,0.5512465373961218,0.550803324099723,0.5514681440443213,0.5502493074792244,0.5510249307479225,0.5498060941828254,0.5499168975069252,0.5503601108033241,0.5505817174515235,0.5504709141274238,0.5503601108033241,0.5512465373961218,0.5503601108033241,0.5494736842105263,0.5486980609418283,0.5501385041551247,0.5462603878116343,0.5489196675900277,0.5495844875346261,0.5472576177285319,0.5474792243767314,0.5479224376731302,0.5450415512465374,0.5441551246537396,0.5444875346260388,0.5458171745152355,0.5447091412742382,0.5458171745152355,0.5460387811634348,0.5506925207756233,0.5481440443213297,0.5480332409972299,0.5485872576177285,0.5491412742382271,0.5481440443213297,0.5523545706371191,0.5489196675900277,0.5481440443213297,0.5492520775623269,0.5469252077562327,0.5465927977839335,0.5478116343490305,0.5461495844875346,0.5496952908587258,0.5498060941828254,0.5495844875346261,0.5492520775623269,0.5495844875346261,0.5516897506925208,0.5522437673130194,0.5493628808864266,0.548808864265928,0.5485872576177285,0.5463711911357341,0.5469252077562327,0.5448199445983379,0.5480332409972299,0.5469252077562327,0.547590027700831,0.5458171745152355,0.5506925207756233,0.5501385041551247,0.5494736842105263,0.5511357340720222,0.5496952908587258,0.5514681440443213,0.5542382271468144,0.5542382271468144,0.5541274238227146,0.5565650969529086,0.5570083102493075,0.5561218836565097,0.5552354570637119,0.5518005540166205,0.553573407202216,0.5516897506925208,0.5541274238227146,0.5545706371191136,0.5562326869806095,0.5559002770083102,0.5563434903047091,0.5563434903047091,0.5530193905817175,0.5552354570637119,0.5551246537396122,0.5546814404432133,0.5562326869806095,0.554016620498615,0.5557894736842105,0.55601108033241,0.5557894736842105,0.5557894736842105,0.5557894736842105,0.5564542936288088,0.5539058171745153,0.5543490304709141,0.5550138504155124,0.5559002770083102,0.55601108033241,0.5578947368421052,0.5582271468144044,0.5563434903047091,0.554016620498615,0.5557894736842105,0.5556786703601108,0.5588919667590028,0.5593351800554016,0.5605540166204986,0.5601108033240997,0.5596675900277008,0.5585595567867035,0.5611080332409972,0.5614404432132964,0.560775623268698,0.5614404432132964,0.5609972299168975,0.5614404432132964,0.561218836565097,0.5603324099722992,0.5616620498614958,0.5617728531855956,0.5627700831024931,0.5614404432132964,0.5606648199445984,0.5625484764542936,0.5625484764542936,0.5627700831024931,0.5582271468144044,0.5577839335180056,0.5595567867036011,0.5596675900277008,0.5590027700831025,0.559224376731302,0.5590027700831025,0.5614404432132964,0.558781163434903,0.5584487534626039,0.5576731301939059,0.5578947368421052,0.5581163434903047,0.5590027700831025,0.559224376731302,0.5616620498614958,0.5617728531855956,0.560775623268698,0.5623268698060941,0.560775623268698,0.5603324099722992,0.5598891966759003,0.5598891966759003,0.5608864265927977,0.5598891966759003,0.5622160664819945,0.5611080332409972,0.5634349030470914,0.5573407202216066,0.5566759002770083,0.5564542936288088,0.5583379501385042,0.5570083102493075,0.5545706371191136,0.5549030470914127,0.5547922437673131,0.5545706371191136,0.5539058171745153,0.5545706371191136,0.5545706371191136,0.5559002770083102,0.5570083102493075,0.5559002770083102,0.5546814404432133,0.5546814404432133,0.5546814404432133,0.5518005540166205,0.5518005540166205,0.5532409972299169,0.5514681440443213,0.5532409972299169,0.5525761772853186,0.5542382271468144,0.5536842105263158,0.5532409972299169,0.5525761772853186,0.5525761772853186,0.553573407202216,0.5523545706371191,0.5524653739612189,0.5553462603878117,0.5554570637119114,0.5549030470914127,0.5536842105263158,0.5486980609418283,0.5486980609418283,0.5447091412742382,0.5458171745152355,0.5486980609418283,0.5473684210526316,0.5464819944598338,0.5448199445983379,0.5477008310249307,0.5474792243767314,0.5480332409972299,0.5464819944598338,0.5460387811634348,0.5448199445983379,0.5462603878116343,0.5460387811634348,0.5464819944598338,0.5464819944598338,0.5468144044321329,0.5457063711911357,0.5477008310249307,0.5471468144044321,0.5469252077562327,0.5479224376731302,0.5489196675900277,0.5464819944598338,0.5452631578947369,0.5453739612188365,0.5453739612188365,0.5450415512465374,0.5448199445983379,0.5451523545706372,0.5453739612188365,0.5454847645429363,0.5464819944598338,0.5460387811634348,0.5462603878116343,0.5453739612188365,0.5454847645429363,0.5480332409972299,0.5459279778393352,0.5461495844875346,0.5461495844875346,0.5458171745152355,0.5457063711911357,0.5457063711911357,0.5460387811634348,0.5447091412742382,0.5452631578947369,0.5448199445983379,0.5451523545706372,0.5462603878116343,0.5445983379501385,0.5430470914127424,0.5449307479224377,0.5441551246537396,0.5448199445983379,0.5454847645429363,0.5493628808864266,0.5465927977839335,0.5470360110803324,0.5470360110803324,0.5462603878116343,0.5448199445983379,0.5451523545706372,0.5438227146814404,0.545595567867036,0.5459279778393352,0.543601108033241,0.5450415512465374,0.5461495844875346,0.5442659279778393,0.5454847645429363,0.5467036011080333,0.548808864265928,0.5472576177285319,0.5469252077562327,0.5470360110803324,0.5464819944598338,0.5462603878116343,0.5467036011080333,0.5495844875346261,0.5470360110803324,0.5481440443213297,0.5485872576177285,0.5481440443213297,0.5479224376731302,0.5470360110803324,0.5469252077562327,0.5485872576177285,0.548808864265928,0.548365650969529,0.5484764542936288,0.5472576177285319,0.5499168975069252,0.547590027700831,0.5462603878116343,0.5471468144044321,0.5457063711911357,0.5444875346260388,0.5431578947368421,0.5454847645429363,0.5451523545706372,0.5422714681440444,0.5480332409972299,0.5468144044321329,0.5464819944598338,0.5470360110803324,0.5477008310249307,0.5457063711911357,0.5429362880886427,0.5421606648199446,0.5457063711911357,0.5431578947368421,0.5457063711911357,0.5459279778393352,0.5454847645429363,0.5450415512465374,0.5462603878116343,0.5484764542936288,0.5452631578947369,0.5422714681440444,0.5477008310249307,0.5465927977839335,0.5462603878116343,0.5458171745152355,0.5464819944598338,0.5469252077562327,0.5459279778393352,0.5451523545706372,0.545595567867036,0.5444875346260388,0.5467036011080333,0.5469252077562327,0.5501385041551247,0.5484764542936288,0.5458171745152355,0.5463711911357341,0.5414958448753463,0.5410526315789473,0.5440443213296399,0.5419390581717451,0.5422714681440444,0.5426038781163435,0.5434903047091413,0.542825484764543,0.5434903047091413,0.5439335180055401,0.5439335180055401,0.5473684210526316,0.5461495844875346,0.542825484764543,0.5438227146814404,0.5445983379501385,0.5450415512465374,0.5421606648199446,0.5449307479224377,0.5461495844875346,0.5432686980609418,0.5451523545706372,0.5387257617728531,0.5390581717451524,0.5430470914127424,0.5494736842105263,0.5359556786703601,0.5332963988919668,0.5330747922437673,0.5327423822714682,0.533185595567867,0.5332963988919668,0.5334072022160665,0.5359556786703601,0.535623268698061,0.5339612188365651,0.5355124653739612,0.5355124653739612,0.5354016620498615,0.5354016620498615,0.535623268698061,0.5354016620498615,0.535623268698061,0.5358448753462604,0.5352908587257618,0.5362880886426593,0.535623268698061,0.5360664819944598,0.5366204986149584,0.5367313019390582,0.537617728531856,0.5367313019390582,0.5369529085872576,0.5375069252077562,0.5385041551246538,0.5387257617728531,0.5388365650969529,0.5390581717451524,0.5391689750692521,0.5386149584487535,0.5392797783933518,0.5379501385041551,0.5381717451523546,0.5392797783933518,0.5377285318559557,0.5382825484764543,0.5380609418282548,0.5372853185595567,0.5392797783933518,0.5391689750692521,0.538393351800554,0.5368421052631579,0.5401662049861495,0.5393905817174516,0.5392797783933518,0.5392797783933518,0.5397229916897507,0.539612188365651,0.5400554016620499,0.5386149584487535,0.539612188365651,0.5393905817174516,0.5393905817174516,0.5370637119113574,0.5375069252077562,0.5398337950138504,0.5393905817174516,0.5361772853185596,0.5366204986149584,0.5369529085872576,0.5360664819944598,0.5402770083102493,0.5391689750692521,0.5400554016620499,0.5390581717451524,0.540831024930748,0.540831024930748,0.5406094182825485,0.5404986149584488,0.5410526315789473,0.5362880886426593,0.5392797783933518,0.537617728531856,0.5365096952908587,0.5365096952908587,0.5377285318559557,0.5370637119113574,0.5366204986149584,0.5369529085872576,0.5385041551246538,0.5380609418282548,0.537617728531856,0.5377285318559557,0.5418282548476454,0.5382825484764543,0.5375069252077562,0.5362880886426593,0.5360664819944598,0.535180055401662,0.5328531855955678,0.5320775623268698,0.5306371191135734,0.534404432132964,0.532409972299169,0.5309695290858726,0.5288642659279779,0.5319667590027701,0.5308587257617728,0.530415512465374,0.5301939058171745,0.5295290858725762,0.5311911357340721,0.5296398891966759,0.5296398891966759,0.5277562326869806,0.5274238227146815,0.5237673130193906,0.5263157894736842,0.5268698060941829,0.5256509695290859,0.5281994459833795,0.5258725761772853,0.5263157894736842,0.5250969529085873,0.527202216066482,0.519224376731302,0.524764542936288,0.524764542936288,0.5234349030470914,0.5250969529085873,0.5238781163434904,0.5206648199445983,0.511578947368421,0.5131301939058172,0.5141274238227147,0.5137950138504155,0.510803324099723,0.5105817174515236,0.5105817174515236,0.5112465373961219,0.5135734072022161,0.51202216066482,0.5100277008310249,0.5131301939058172,0.5104709141274238,0.5126869806094183,0.5237673130193906,0.5218836565096953,0.5225484764542936,0.5236565096952909,0.5208864265927978,0.5157894736842106,0.5171191135734072,0.5145706371191135,0.5166759002770083,0.5164542936288089,0.5160110803324099,0.5170083102493075,0.519224376731302,0.5186703601108034,0.5212188365650969,0.519224376731302,0.5254293628808864,0.5236565096952909,0.5228808864265928,0.5222160664819945,0.5212188365650969,0.5211080332409972,0.5203324099722991,0.5207756232686981,0.5214404432132964,0.5214404432132964,0.5233240997229917,0.5203324099722991,0.5218836565096953,0.5218836565096953,0.5206648199445983,0.5206648199445983,0.5206648199445983,0.5206648199445983,0.5206648199445983,0.5206648199445983,0.5186703601108034,0.5185595567867036,0.5188919667590027,0.5193351800554017,0.5197783933518005,0.518781163434903,0.5195567867036011,0.5183379501385041,0.5204432132963989,0.519224376731302,0.5141274238227147,0.5134626038781164,0.5136842105263157,0.5149030470914128,0.5139058171745152,0.5137950138504155,0.5124653739612188,0.5124653739612188,0.5124653739612188,0.51202216066482,0.5123545706371191,0.511578947368421,0.5131301939058172,0.5168975069252078,0.5215512465373962,0.5193351800554017,0.517229916897507,0.517229916897507,0.5173407202216066,0.5160110803324099,0.5168975069252078,0.5166759002770083,0.5154570637119114,0.5170083102493075,0.5163434903047092,0.5160110803324099,0.5162326869806094
1.0,1.0,0.9903601108033241,0.9912465373961219,0.9912465373961219,0.99202216066482,0.9910249307479224,0.9910249307479224,0.987590027700831,0.986814404432133,0.986814404432133,0.986814404432133,0.986814404432133,0.984376731301939,0.984376731301939,0.9872576177285318,0.9882548476454294,0.9673130193905817,0.9709695290858725,0.9700831024930748,0.9717451523545706,0.9653185595567867,0.9542382271468144,0.9581163434903047,0.9584487534626038,0.9524653739612189,0.9531301939058172,0.9543490304709141,0.9530193905817175,0.9562326869806094,0.954792243767313,0.9561218836565097,0.9556786703601108,0.945595567867036,0.9469252077562327,0.9452631578947368,0.9499168975069252,0.9468144044321329,0.9468144044321329,0.9494736842105264,0.9504709141274238,0.9531301939058172,0.9590027700831025,0.9556786703601108,0.9551246537396122,0.9572299168975069,0.9567867036011081,0.9565650969529086,0.9552354570637119,0.9523545706371191,0.9531301939058172,0.9489196675900277,0.9479224376731302,0.9467036011080332,0.9518005540166204,0.9522437673130194,0.938393351800554,0.9474792243767313,0.9449307479224377,0.9449307479224377,0.945595567867036,0.9463711911357341,0.9459279778393351,0.9451523545706371,0.9459279778393351,0.9460387811634349,0.9453739612188365,0.9453739612188365,0.9464819944598338,0.9464819944598338,0.9467036011080332,0.9463711911357341,0.9431578947368421,0.9438227146814404,0.9299722991689751,0.9334072022160664,0.9298614958448753,0.9304155124653739,0.929196675900277,0.9298614958448753,0.9289750692520775,0.9287534626038781,0.9286426592797784,0.9286426592797784,0.9289750692520775,0.9289750692520775,0.9303047091412743,0.9301939058171745,0.9301939058171745,0.9298614958448753,0.9298614958448753,0.9294182825484765,0.9298614958448753,0.9297506925207756,0.9290858725761773,0.9290858725761773,0.9277562326869806,0.9264265927977839,0.9264265927977839,0.9264265927977839,0.9268698060941828,0.9268698060941828,0.9268698060941828,0.9268698060941828,0.9268698060941828,0.9268698060941828,0.9266481994459834,0.9264265927977839,0.9265373961218837,0.926759002770083,0.9257617728531856,0.9247645429362881,0.9254293628808864,0.9264265927977839,0.9270914127423823,0.9270914127423823,0.9270914127423823,0.9270914127423823,0.9270914127423823,0.9270914127423823,0.9275346260387811,0.927202216066482,0.9274238227146815,0.9284210526315789,0.9289750692520775,0.9278670360110803,0.9284210526315789,0.9281994459833796,0.9289750692520775,0.9294182825484765,0.9257617728531856,0.9260941828254847,0.9289750692520775,0.926759002770083,0.9285318559556787,0.9287534626038781,0.9287534626038781,0.9277562326869806,0.929196675900277,0.9277562326869806,0.9289750692520775,0.9289750692520775,0.9289750692520775,0.9289750692520775,0.9289750692520775,0.9289750692520775,0.9289750692520775,0.9270914127423823,0.9270914127423823,0.9270914127423823,0.9270914127423823,0.9258725761772854,0.9273130193905817,0.9273130193905817,0.9256509695290859,0.9256509695290859,0.9188919667590028,0.918781163434903,0.9170083102493075,0.9170083102493075,0.916786703601108,0.9182271468144044,0.9170083102493075,0.9170083102493075,0.9170083102493075,0.9170083102493075,0.9193351800554017,0.9178947368421052,0.9178947368421052,0.9178947368421052,0.9178947368421052,0.9183379501385042,0.918781163434903,0.918781163434903,0.918781163434903,0.912797783933518,0.9157894736842105,0.9129085872576177,0.9137950138504155,0.9123545706371191,0.9136842105263158,0.9134626038781164,0.9134626038781164,0.9134626038781164,0.9142382271468144,0.912797783933518,0.914792243767313,0.9134626038781164,0.9149030470914128,0.9152354570637119,0.9153462603878116,0.91601108033241,0.91601108033241,0.9155678670360111,0.9164542936288088,0.9164542936288088,0.9164542936288088,0.9164542936288088,0.9162326869806094,0.9164542936288088,0.9151246537396122,0.9151246537396122,0.9151246537396122,0.9151246537396122,0.9144598337950138,0.9144598337950138,0.9144598337950138,0.9093628808864266,0.9093628808864266,0.9031578947368422,0.9021606648199446,0.9014958448753463,0.9017174515235457,0.9031578947368422,0.9038227146814405,0.9048199445983379,0.900387811634349,0.9022714681440444,0.9031578947368422,0.9041551246537396,0.9044875346260388,0.9040443213296399,0.9028254847645429,0.9018282548476454,0.9026038781163435,0.9023822714681441,0.9032686980609418,0.9034903047091413,0.9043767313019391,0.9022714681440444,0.9043767313019391,0.9018282548476454,0.9018282548476454,0.9022714681440444,0.9022714681440444,0.900387811634349,0.9018282548476454,0.9027146814404432,0.9014958448753463,0.9027146814404432,0.9024930747922437,0.9024930747922437,0.9022714681440444,0.9022714681440444,0.9014958448753463,0.9014958448753463,0.9010526315789473,0.9021606648199446,0.9041551246537396,0.9034903047091413,0.8977285318559557,0.8993905817174516,0.900387811634349,0.9001662049861496,0.8997229916897507,0.8988365650969529,0.8988365650969529,0.8988365650969529,0.8988365650969529,0.8988365650969529,0.8988365650969529,0.8988365650969529,0.8988365650969529,0.8992797783933518,0.8998337950138504,0.9012742382271468,0.8987257617728532,0.8985041551246538,0.8961772853185596,0.8969529085872576,0.8973961218836565,0.8990581717451523,0.8982825484764543,0.8958448753462603,0.8975069252077562,0.8962880886426593,0.8970637119113574,0.8960664819944598,0.8968421052631579,0.8972853185595567,0.8998337950138504,0.8966204986149584,0.9000554016620499,0.8990581717451523,0.8990581717451523,0.8972853185595567,0.8960664819944598,0.8965096952908588,0.8962880886426593,0.8961772853185596,0.8962880886426593,0.8962880886426593,0.894404432132964,0.8952908587257618,0.8952908587257618,0.8946260387811634,0.8947368421052632,0.8947368421052632,0.8948476454293629,0.8949584487534626,0.8952908587257618,0.8935180055401662,0.8939612188365651,0.8942936288088643,0.8938504155124654,0.893185595567867,0.8925207756232687,0.8925207756232687,0.8925207756232687,0.8785595567867036,0.8786703601108034,0.8795567867036012,0.8793351800554017,0.878005540166205,0.8778947368421053,0.8778947368421053,0.8778947368421053,0.877229916897507,0.8723545706371191,0.8678116343490305,0.8704709141274238,0.869584487534626,0.8718005540166205,0.8725761772853186,0.8686980609418282,0.8628254847645429,0.8630470914127424,0.8561772853185595,0.8570637119113573,0.8587257617728532,0.8337950138504155,0.8519667590027701,0.8508587257617729,0.8499722991689751,0.8472022160664819,0.8428808864265928,0.8402216066481994,0.8382271468144045,0.8376731301939058,0.8386703601108033,0.8376731301939058,0.8381163434903047,0.8381163434903047,0.8382271468144045,0.8383379501385042,0.838781163434903,0.8391135734072022,0.8384487534626038,0.838781163434903,0.838005540166205,0.8392243767313019,0.838781163434903,0.8384487534626038,0.8398891966759002,0.8345706371191136,0.8340166204986149,0.8353462603878117,0.8354570637119113,0.8350138504155125,0.8362326869806094,0.8343490304709141,0.8352354570637119,0.8352354570637119,0.8345706371191136,0.8335734072022161,0.8371191135734072,0.838005540166205,0.8376731301939058,0.8376731301939058,0.8372299168975069,0.8370083102493074,0.8321329639889197,0.8323545706371192,0.8341274238227147,0.8339058171745153,0.8333518005540166,0.8333518005540166,0.8330193905817175,0.8357894736842105,0.8356786703601108,0.8335734072022161,0.8318005540166205,0.8333518005540166,0.8337950138504155,0.835567867036011,0.8351246537396122,0.8313573407202216,0.8337950138504155,0.8343490304709141,0.8335734072022161,0.8331301939058172,0.8312465373961219,0.8290304709141274,0.8289196675900277,0.8288088642659279,0.8294736842105264,0.8301385041551247,0.8303601108033241,0.8296952908587257,0.8289196675900277,0.8289196675900277,0.8320221606648199,0.8267036011080332,0.8251523545706371,0.8292520775623269,0.8299168975069252,0.8303601108033241,0.8298060941828255,0.8302493074792244,0.8303601108033241,0.8277008310249307,0.8303601108033241,0.8310249307479224,0.8281440443213296,0.8354570637119113,0.8312465373961219,0.8353462603878117,0.8354570637119113,0.8323545706371192,0.8342382271468144,0.8319113573407202,0.8318005540166205,0.8318005540166205,0.8301385041551247,0.829584487534626,0.8311357340720221,0.8313573407202216,0.8291412742382271,0.830803324099723,0.8299168975069252,0.8298060941828255,0.8304709141274238,0.8302493074792244,0.8305817174515235,0.8309141274238228,0.8304709141274238,0.8304709141274238,0.829584487534626,0.8306925207756233,0.830803324099723,0.8335734072022161,0.8351246537396122,0.8326869806094183,0.8321329639889197,0.8323545706371192,0.8334626038781163,0.8330193905817175,0.8325761772853185,0.8323545706371192,0.8320221606648199,0.8325761772853185,0.8318005540166205,0.8315789473684211,0.8298060941828255,0.8311357340720221,0.8336842105263158,0.8319113573407202,0.8304709141274238,0.8318005540166205,0.8316897506925208,0.8316897506925208,0.8316897506925208,0.8316897506925208,0.8316897506925208,0.8316897506925208,0.8316897506925208,0.8316897506925208,0.8316897506925208,0.8314681440443213,0.8315789473684211,0.8315789473684211,0.8315789473684211,0.8315789473684211,0.8315789473684211,0.8313573407202216,0.8303601108033241,0.8323545706371192,0.8316897506925208,0.8324653739612189,0.8304709141274238,0.8304709141274238,0.8302493074792244,0.8320221606648199,0.8314681440443213,0.8311357340720221,0.8312465373961219,0.8304709141274238,0.8311357340720221,0.8313573407202216,0.8313573407202216,0.8315789473684211,0.8321329639889197,0.8315789473684211,0.8306925207756233,0.8313573407202216,0.8319113573407202,0.8313573407202216,0.8313573407202216,0.8313573407202216,0.8316897506925208,0.8316897506925208,0.8316897506925208,0.8316897506925208,0.8321329639889197,0.8321329639889197,0.8321329639889197,0.8321329639889197,0.8321329639889197,0.8321329639889197,0.8323545706371192,0.8323545706371192,0.8310249307479224,0.8310249307479224,0.8310249307479224,0.8310249307479224,0.8323545706371192,0.8323545706371192,0.8323545706371192,0.8323545706371192,0.8323545706371192,0.8323545706371192,0.8315789473684211,0.8316897506925208,0.830803324099723,0.8305817174515235,0.830803324099723,0.8322437673130194,0.8296952908587257,0.8315789473684211,0.8333518005540166,0.8321329639889197,0.8320221606648199,0.8318005540166205,0.8306925207756233,0.8288088642659279,0.8310249307479224,0.8324653739612189,0.8312465373961219,0.8316897506925208,0.8321329639889197,0.8319113573407202,0.8323545706371192,0.8332409972299168,0.8326869806094183,0.8325761772853185,0.8319113573407202,0.8329085872576177,0.8324653739612189,0.8324653739612189,0.8334626038781163,0.8354570637119113,0.8349030470914127,0.8330193905817175,0.8313573407202216,0.8334626038781163,0.8323545706371192,0.8336842105263158,0.8332409972299168,0.8337950138504155,0.8335734072022161,0.8325761772853185,0.8354570637119113,0.8336842105263158,0.8332409972299168,0.8340166204986149,0.8334626038781163,0.83601108033241,0.8372299168975069,0.8373407202216067,0.8365650969529086,0.835567867036011,0.834792243767313,0.8350138504155125,0.8363434903047091,0.8343490304709141,0.8337950138504155,0.8346814404432134,0.835567867036011,0.8349030470914127,0.8340166204986149,0.8341274238227147,0.8354570637119113,0.835567867036011,0.835567867036011,0.8353462603878117,0.8351246537396122,0.835567867036011,0.8350138504155125,0.8356786703601108,0.8356786703601108,0.8346814404432134,0.8335734072022161,0.8351246537396122,0.835567867036011,0.8344598337950139,0.8344598337950139,0.8344598337950139,0.834792243767313,0.8340166204986149,0.8344598337950139,0.8339058171745153,0.8329085872576177,0.8335734072022161,0.8359002770083103,0.8363434903047091,0.8345706371191136,0.8345706371191136,0.8346814404432134,0.8342382271468144,0.8350138504155125,0.8340166204986149,0.8340166204986149,0.8349030470914127,0.8357894736842105,0.8362326869806094,0.8346814404432134,0.8354570637119113,0.8343490304709141,0.8343490304709141,0.8341274238227147,0.8340166204986149,0.8340166204986149,0.8343490304709141,0.8310249307479224,0.8329085872576177,0.832797783933518,0.8330193905817175,0.832797783933518,0.8318005540166205,0.8323545706371192,0.8314681440443213,0.8309141274238228,0.8333518005540166,0.8335734072022161,0.8321329639889197,0.8332409972299168,0.8264819944598338,0.8254847645429363,0.8252631578947368,0.8252631578947368,0.8252631578947368,0.8250415512465374,0.8250415512465374,0.8173961218836565,0.8247091412742382,0.8293628808864266,0.8313573407202216,0.8258171745152355,0.8257063711911358,0.8290304709141274,0.8289196675900277,0.8282548476454293,0.8305817174515235,0.82803324099723,0.8274792243767313,0.8298060941828255,0.8288088642659279,0.8288088642659279,0.8150692520775623,0.8207202216066481,0.824376731301939,0.8267036011080332,0.8247091412742382,0.8261495844875346,0.8252631578947368,0.8258171745152355,0.8270360110803324,0.8254847645429363,0.8272576177285319,0.8227146814404432,0.8265927977839335,0.8249307479224377,0.825595567867036,0.8293628808864266,0.8258171745152355,0.8247091412742382,0.8220498614958449,0.8234903047091413,0.8229362880886426,0.8232686980609418,0.8219390581717452,0.8242659279778394,0.8220498614958449,0.8234903047091413,0.8233795013850416,0.8237119113573407,0.8257063711911358,0.8261495844875346,0.824819944598338,0.8279224376731302,0.8238227146814404,0.8251523545706371,0.8259279778393351,0.8258171745152355,0.823601108033241,0.8254847645429363,0.824819944598338,0.8254847645429363,0.8257063711911358,0.8259279778393351,0.8257063711911358,0.8257063711911358,0.8257063711911358,0.8251523545706371,0.8237119113573407,0.8230470914127423,0.8242659279778394,0.8234903047091413,0.8245983379501385,0.824819944598338,0.824819944598338,0.8239335180055402,0.8239335180055402,0.8239335180055402,0.8239335180055402,0.8231578947368421,0.8233795013850416,0.8241551246537396,0.8241551246537396,0.8240443213296399,0.8242659279778394,0.8239335180055402,0.8250415512465374,0.8227146814404432,0.8229362880886426,0.8233795013850416,0.8252631578947368,0.8227146814404432,0.8016620498614958,0.8009972299168975,0.7944598337950138,0.7944598337950138,0.8002216066481994,0.8014404432132964,0.8014404432132964,0.8008864265927977,0.8003324099722992,0.801218836565097,0.8029916897506926,0.8028808864265928,0.8002216066481994,0.8009972299168975,0.8009972299168975,0.8003324099722992,0.8017728531855955,0.8006648199445984,0.8011080332409972,0.8018836565096953,0.8016620498614958,0.8021052631578948,0.8018836565096953,0.8023268698060941,0.8018836565096953,0.8026592797783934,0.8026592797783934,0.8026592797783934,0.8026592797783934,0.8024376731301939,0.8022160664819945,0.8026592797783934,0.8026592797783934,0.8013296398891967,0.8014404432132964,0.8014404432132964,0.8015512465373961,0.8013296398891967,0.8027700831024931,0.8013296398891967,0.7943490304709141,0.7985595567867037,0.7974515235457064,0.7970083102493075,0.7995567867036011,0.7968975069252078,0.7939058171745152,0.7949030470914128,0.7944598337950138,0.7944598337950138,0.7944598337950138,0.7944598337950138,0.7946814404432133,0.7946814404432133,0.7946814404432133,0.7942382271468144,0.7921329639889196,0.7923545706371191,0.7930193905817174,0.7930193905817174,0.792797783933518,0.7923545706371191,0.7929085872576177,0.7941274238227147,0.7941274238227147,0.7939058171745152,0.7931301939058172,0.793573407202216,0.7934626038781163,0.7925761772853186,0.7950138504155124,0.7929085872576177,0.7937950138504155,0.7936842105263158,0.7939058171745152,0.7954570637119114,0.7950138504155124,0.7953462603878116,0.7937950138504155,0.7943490304709141,0.7946814404432133,0.7944598337950138,0.7959002770083102,0.7934626038781163,0.7937950138504155,0.793573407202216,0.7919113573407203,0.7941274238227147,0.7945706371191136,0.7942382271468144,0.7931301939058172,0.794016620498615,0.7930193905817174,0.7922437673130194,0.7942382271468144,0.7946814404432133,0.793573407202216,0.7933518005540167,0.7945706371191136,0.793573407202216,0.793573407202216,0.792797783933518,0.7939058171745152,0.7939058171745152,0.7932409972299169,0.7936842105263158,0.7936842105263158,0.7936842105263158,0.7939058171745152,0.7939058171745152,0.7939058171745152,0.793573407202216,0.7936842105263158,0.7946814404432133,0.7943490304709141,0.7943490304709141,0.7943490304709141,0.7934626038781163,0.7939058171745152,0.7949030470914128,0.7913573407202216,0.7964542936288088,0.7962326869806094,0.7920221606648199,0.7947922437673131,0.7947922437673131,0.7941274238227147,0.7936842105263158,0.7936842105263158,0.7913573407202216,0.7920221606648199,0.7925761772853186,0.7932409972299169,0.7932409972299169,0.7930193905817174,0.7932409972299169,0.7937950138504155,0.7943490304709141,0.7933518005540167,0.7947922437673131,0.7932409972299169,0.7934626038781163,0.792797783933518,0.7893628808864266,0.7946814404432133,0.7946814404432133,0.792797783933518,0.7939058171745152,0.7949030470914128,0.7937950138504155,0.7939058171745152,0.7939058171745152,0.7956786703601108,0.796786703601108,0.7976731301939058,0.8002216066481994,0.7986703601108033,0.7988919667590028,0.7959002770083102,0.7971191135734073,0.7973407202216066,0.7971191135734073,0.7971191135734073,0.7983379501385042,0.7983379501385042,0.7957894736842105,0.7970083102493075,0.7970083102493075,0.79601108033241,0.7966759002770083,0.7975623268698061,0.7946814404432133,0.7955678670360111,0.7956786703601108,0.7977839335180056,0.7997783933518006,0.7977839335180056,0.798781163434903,0.7983379501385042,0.7982271468144044,0.8013296398891967,0.7964542936288088,0.7951246537396122,0.7954570637119114,0.7955678670360111,0.7961218836565097,0.7961218836565097,0.7951246537396122,0.7965650969529086,0.7984487534626039,0.796786703601108,0.7952354570637119,0.7952354570637119,0.7943490304709141,0.7945706371191136,0.7968975069252078,0.7982271468144044,0.7920221606648199,0.7909141274238227,0.7933518005540167,0.7931301939058172,0.7899168975069252,0.7904709141274239,0.7895844875346261,0.7890304709141274,0.7933518005540167,0.7941274238227147,0.7939058171745152,0.7934626038781163,0.7936842105263158,0.7943490304709141,0.791578947368421,0.7909141274238227,0.7926869806094183,0.7912465373961218,0.7839335180055401,0.7771745152354571,0.7720775623268699,0.7729639889196676,0.7738504155124654,0.7719667590027701,0.7720775623268699,0.7746260387811634,0.7742936288088643,0.7752908587257618,0.7755124653739612,0.775180055401662,0.775623268698061,0.775623268698061,0.771191135734072,0.7705263157894737,0.7725207756232687,0.7725207756232687,0.7725207756232687,0.7716343490304709,0.7726315789473684,0.7715235457063712,0.7722991689750692,0.7695290858725762,0.7693074792243767,0.7687534626038781,0.7696398891966759,0.7710803324099723,0.7716343490304709,0.7718559556786704,0.7720775623268699,0.7720775623268699,0.770415512465374,0.7716343490304709,0.7716343490304709,0.7725207756232687,0.7713019390581718,0.7708587257617728,0.771191135734072,0.771191135734072,0.771191135734072,0.771191135734072,0.771191135734072,0.771191135734072,0.7716343490304709,0.7716343490304709,0.7716343490304709,0.7716343490304709,0.7717451523545706,0.7725207756232687,0.7720775623268699,0.7715235457063712,0.7715235457063712,0.7717451523545706,0.7713019390581718,0.7713019390581718,0.7713019390581718,0.7710803324099723,0.7710803324099723,0.7710803324099723,0.7710803324099723,0.7710803324099723,0.7710803324099723,0.7710803324099723,0.7710803324099723,0.7715235457063712,0.7696398891966759,0.7709695290858726,0.7709695290858726,0.770415512465374,0.7718559556786704,0.7716343490304709,0.7721883656509695,0.7693074792243767,0.7715235457063712,0.7714127423822714,0.7720775623268699,0.7700831024930748,0.7707479224376731,0.7713019390581718,0.7713019390581718,0.7705263157894737,0.7708587257617728,0.7701939058171745,0.7701939058171745,0.7701939058171745,0.7706371191135734,0.7706371191135734,0.7706371191135734,0.7706371191135734,0.7707479224376731,0.7706371191135734,0.7706371191135734,0.7710803324099723,0.7716343490304709,0.7716343490304709,0.7716343490304709,0.7718559556786704,0.7718559556786704,0.7709695290858726,0.7726315789473684,0.771191135734072,0.7718559556786704,0.7720775623268699,0.7708587257617728,0.7700831024930748,0.7719667590027701,0.7719667590027701,0.7719667590027701,0.7719667590027701,0.7719667590027701,0.7719667590027701,0.7719667590027701,0.7703047091412742,0.7713019390581718,0.7718559556786704,0.7706371191135734,0.770415512465374,0.770415512465374,0.770415512465374,0.770415512465374,0.7706371191135734,0.7708587257617728,0.7708587257617728,0.7708587257617728,0.770415512465374,0.770415512465374,0.7715235457063712,0.7709695290858726,0.7717451523545706,0.7718559556786704,0.7707479224376731,0.7707479224376731,0.7698614958448754,0.7701939058171745,0.7696398891966759,0.7701939058171745,0.7689750692520776,0.7697506925207757,0.7729639889196676,0.7729639889196676,0.7738504155124654,0.7730747922437673,0.773185595567867,0.773185595567867,0.773185595567867,0.7752908587257618,0.7729639889196676,0.7725207756232687,0.7725207756232687,0.7722991689750692,0.7722991689750692,0.7722991689750692,0.7729639889196676,0.7729639889196676,0.7729639889196676,0.7729639889196676,0.7729639889196676,0.7729639889196676,0.7729639889196676,0.7729639889196676,0.7729639889196676,0.7729639889196676,0.7729639889196676,0.7729639889196676,0.7729639889196676,0.7729639889196676,0.7729639889196676,0.7729639889196676,0.7729639889196676,0.7729639889196676,0.7729639889196676,0.7729639889196676,0.7729639889196676,0.7729639889196676,0.7729639889196676,0.7729639889196676,0.7729639889196676,0.7729639889196676,0.7729639889196676,0.7729639889196676,0.7729639889196676,0.7729639889196676,0.7729639889196676,0.7729639889196676,0.7729639889196676,0.7729639889196676,0.7729639889196676,0.7729639889196676,0.7729639889196676,0.7729639889196676,0.7729639889196676,0.7725207756232687,0.7725207756232687,0.7725207756232687,0.773185595567867,0.7726315789473684,0.7736288088642659,0.7721883656509695,0.7717451523545706,0.7718559556786704,0.7729639889196676,0.7725207756232687,0.7708587257617728,0.7725207756232687,0.7706371191135734,0.7730747922437673,0.7721883656509695,0.7728531855955678,0.7737396121883656,0.7737396121883656,0.7737396121883656,0.7737396121883656,0.7737396121883656,0.7736288088642659,0.7714127423822714,0.7738504155124654,0.7738504155124654,0.7735180055401663,0.7737396121883656,0.7749584487534626,0.7742936288088643,0.7742936288088643,0.7719667590027701,0.7721883656509695,0.7726315789473684,0.7735180055401663,0.772409972299169,0.774404432132964,0.7748476454293629,0.7746260387811634,0.7727423822714682,0.7738504155124654,0.7722991689750692,0.7759556786703601,0.772409972299169,0.7740720221606648,0.7727423822714682,0.7709695290858726,0.771191135734072,0.771191135734072,0.7706371191135734,0.7738504155124654,0.7693074792243767,0.7693074792243767,0.7707479224376731,0.7709695290858726,0.7697506925207757,0.7694182825484764,0.7685318559556786,0.7689750692520776,0.7646537396121884,0.7654293628808865,0.7637673130193906,0.7660941828254848,0.7635457063711911,0.7633240997229916,0.7646537396121884,0.7644321329639889,0.7644321329639889,0.7629916897506925,0.7675346260387812,0.7681994459833795,0.7681994459833795,0.7681994459833795,0.7684210526315789,0.7684210526315789,0.7696398891966759,0.7687534626038781,0.76797783933518,0.7676454293628809,0.7676454293628809,0.7674238227146815,0.7674238227146815,0.7681994459833795,0.7683102493074793,0.76797783933518,0.76797783933518,0.7677562326869806,0.767202216066482,0.769196675900277,0.7685318559556786,0.769972299168975,0.7716343490304709,0.7696398891966759,0.7701939058171745,0.771191135734072,0.7697506925207757,0.769972299168975,0.770415512465374,0.770415512465374,0.7708587257617728,0.7700831024930748,0.769972299168975,0.7683102493074793,0.7669806094182825,0.7689750692520776,0.7681994459833795,0.7681994459833795,0.7695290858725762,0.7686426592797784,0.7696398891966759,0.7686426592797784,0.7701939058171745,0.769196675900277,0.7681994459833795,0.76797783933518,0.769972299168975,0.7708587257617728,0.7714127423822714,0.7720775623268699,0.7715235457063712,0.7694182825484764,0.7694182825484764,0.7688642659279779,0.7687534626038781,0.769196675900277,0.7726315789473684,0.7730747922437673,0.7717451523545706,0.7718559556786704,0.7722991689750692,0.7741828254847646,0.7717451523545706,0.7694182825484764,0.769972299168975,0.7709695290858726,0.7714127423822714,0.7722991689750692,0.7707479224376731,0.7705263157894737,0.7689750692520776,0.769972299168975,0.7683102493074793,0.761994459833795,0.7642105263157895,0.763213296398892,0.7634349030470914,0.7639889196675901,0.7637673130193906,0.7678670360110803,0.7677562326869806,0.7660941828254848,0.7674238227146815,0.7662049861495844,0.7634349030470914,0.7646537396121884,0.7646537396121884,0.7612188365650969,0.7644321329639889,0.7613296398891967,0.7608864265927978,0.7608864265927978,0.7612188365650969,0.7621052631578947,0.7629916897506925,0.7616620498614959,0.7635457063711911,0.7631024930747923,0.7640997229916897,0.7668698060941829,0.762437673130194,0.7654293628808865,0.7615512465373961,0.7609972299168976,0.7612188365650969,0.7606648199445983,0.7611080332409972,0.7621052631578947,0.762437673130194,0.7618836565096953,0.7617728531855956,0.7612188365650969,0.7617728531855956,0.7612188365650969,0.7601108033240997,0.7568975069252077,0.7577839335180055,0.7570083102493075,0.7576731301939058,0.7598891966759003,0.756786703601108,0.7592243767313019,0.7625484764542936,0.7615512465373961,0.7618836565096953,0.7607756232686981,0.7615512465373961,0.7606648199445983,0.76,0.762437673130194,0.7611080332409972,0.7636565096952909,0.7621052631578947,0.7621052631578947,0.7618836565096953,0.761994459833795,0.7627700831024931,0.7640997229916897,0.7649861495844875,0.764764542936288,0.7643213296398892,0.7601108033240997,0.7614404432132964,0.76,0.7594459833795014,0.7585595567867036,0.7585595567867036,0.7587811634349031,0.7570083102493075,0.7570083102493075,0.7582271468144044,0.757229916897507,0.758005540166205,0.7601108033240997,0.7593351800554017,0.7584487534626039,0.7578947368421053,0.7542382271468144,0.7554570637119113,0.7594459833795014,0.7584487534626039,0.7571191135734072,0.7568975069252077,0.7581163434903047,0.7582271468144044,0.7573407202216067,0.7561218836565097,0.7573407202216067,0.7593351800554017,0.7604432132963989,0.758005540166205,0.7597783933518005,0.7593351800554017,0.7596675900277008,0.7594459833795014,0.7566759002770083,0.7606648199445983,0.7595567867036012,0.7595567867036012,0.7592243767313019,0.7593351800554017,0.7592243767313019,0.7587811634349031,0.76,0.7592243767313019,0.7592243767313019,0.7604432132963989,0.7612188365650969,0.7597783933518005,0.7598891966759003,0.7613296398891967,0.7577839335180055,0.7597783933518005,0.7607756232686981,0.7602216066481995,0.7594459833795014,0.7607756232686981,0.7601108033240997,0.7588919667590027,0.7592243767313019,0.7577839335180055,0.7595567867036012,0.76,0.7621052631578947,0.7626592797783933,0.7609972299168976,0.7609972299168976,0.7609972299168976,0.7609972299168976,0.7611080332409972,0.7614404432132964,0.7628808864265928,0.7601108033240997,0.762437673130194,0.7616620498614959,0.7623268698060942,0.761994459833795,0.7636565096952909,0.7603324099722991,0.7607756232686981,0.7386149584487535,0.7385041551246537,0.738836565096953,0.7389473684210527,0.7413850415512465,0.7402770083102493,0.7407202216066482,0.739168975069252,0.7395013850415513,0.7395013850415513,0.7293074792243768,0.736398891966759,0.7369529085872576,0.7365096952908587,0.7370637119113573,0.733185595567867,0.7341828254847645,0.7345152354570638,0.7341828254847645,0.7349584487534626,0.7351800554016621,0.7359556786703602,0.7348476454293629,0.7355124653739612,0.7338504155124653,0.7345152354570638,0.7347368421052631,0.7340720221606648,0.7351800554016621,0.7345152354570638,0.7332963988919667,0.7351800554016621,0.7351800554016621,0.7351800554016621,0.7337396121883657,0.7345152354570638,0.7332963988919667,0.7340720221606648,0.7339612188365651,0.730415512465374,0.7318559556786703,0.7322991689750693,0.7332963988919667,0.7310803324099723,0.7321883656509696,0.7322991689750693,0.7342936288088643,0.7326315789473684,0.7326315789473684,0.7327423822714682,0.7330747922437673,0.7332963988919667,0.7337396121883657,0.7335180055401662,0.7326315789473684,0.7326315789473684,0.7340720221606648,0.7338504155124653,0.7338504155124653,0.7341828254847645,0.7243213296398892,0.7171191135734072,0.7157894736842105,0.714792243767313,0.7196675900277009,0.7178947368421053,0.7182271468144045,0.7177839335180055,0.7178947368421053,0.7185595567867036,0.7174515235457064,0.7183379501385041,0.7197783933518006,0.7195567867036011,0.7205540166204986,0.7208864265927978,0.7218836565096953,0.7218836565096953,0.7206648199445983,0.7198891966759002,0.7197783933518006,0.7195567867036011,0.7192243767313019,0.7191135734072022,0.7197783933518006,0.72,0.7202216066481995,0.7134626038781163,0.7141274238227147,0.7130193905817175,0.7124653739612188,0.7120221606648199,0.7106925207756233,0.7126869806094183,0.7130193905817175,0.7130193905817175,0.7130193905817175,0.7096952908587257,0.7099168975069252,0.707590027700831,0.707590027700831,0.7070360110803324,0.707590027700831,0.707590027700831,0.707590027700831,0.7091412742382271,0.7091412742382271,0.7091412742382271,0.7091412742382271,0.7091412742382271,0.7091412742382271,0.7091412742382271,0.7089196675900277,0.7089196675900277,0.7089196675900277,0.7089196675900277,0.7079224376731302,0.7088088642659279,0.7088088642659279,0.707590027700831,0.7083656509695291,0.7083656509695291,0.7083656509695291,0.7078116343490305,0.7067036011080332,0.7073684210526315,0.7071468144044322,0.7070360110803324,0.7065927977839335,0.7089196675900277,0.7091412742382271,0.7073684210526315,0.7071468144044322,0.7065927977839335,0.7073684210526315,0.7073684210526315,0.7064819944598338,0.7050415512465374,0.7080332409972299,0.7098060941828255,0.7093628808864266,0.709584487534626,0.7101385041551247,0.710803324099723,0.7101385041551247,0.7099168975069252,0.7110249307479224,0.7071468144044322,0.7142382271468144,0.7142382271468144,0.7151246537396122,0.7167867036011081,0.7162326869806094,0.7159002770083103,0.71601108033241,0.7152354570637119,0.7146814404432132,0.7136842105263158,0.7132409972299169,0.7132409972299169,0.7144598337950139,0.7144598337950139,0.7140166204986149,0.7142382271468144,0.7142382271468144,0.7132409972299169,0.7140166204986149,0.7136842105263158,0.7111357340720221,0.7102493074792243,0.710027700831025,0.7104709141274238,0.7145706371191136,0.7140166204986149,0.7121329639889197,0.7115789473684211,0.7125761772853185,0.7111357340720221,0.7112465373961219,0.701606648199446,0.7037119113573407,0.7038227146814404,0.7044875346260387,0.7049307479224377,0.7034903047091413,0.7034903047091413,0.7030470914127424,0.702825484764543,0.7019390581717452,0.7021606648199445,0.7047091412742382,0.7031578947368421,0.7008310249307479,0.704819944598338,0.7052631578947368,0.7049307479224377,0.7032686980609418,0.7064819944598338,0.7037119113573407,0.7039335180055402,0.7034903047091413,0.7030470914127424,0.702825484764543,0.702825484764543,0.702825484764543,0.702825484764543,0.702825484764543,0.7030470914127424,0.7030470914127424,0.7030470914127424,0.7033795013850416,0.7039335180055402,0.7041551246537396,0.7049307479224377,0.704376731301939,0.7049307479224377,0.7053739612188366,0.7073684210526315,0.7037119113573407,0.704376731301939,0.704376731301939,0.7051523545706371,0.706814404432133,0.7057063711911358,0.7031578947368421,0.7017174515235457,0.7011634349030471,0.7017174515235457,0.7014958448753462,0.7027146814404432,0.7038227146814404,0.7042659279778394,0.7019390581717452,0.7004986149584488,0.7022714681440443,0.701606648199446,0.701606648199446,0.6990581717451524,0.6985041551246537,0.700387811634349,0.6998337950138505,0.700387811634349,0.7011634349030471,0.6997229916897507,0.7019390581717452,0.7000554016620498,0.6993905817174515,0.6993905817174515,0.7012742382271469,0.7012742382271469,0.7017174515235457,0.6999445983379501,0.6999445983379501,0.7002770083102493,0.7010526315789474,0.7007202216066482,0.7027146814404432,0.7033795013850416,0.7009418282548476,0.691191135734072,0.6918559556786703,0.6916343490304709,0.6905263157894737,0.6913019390581717,0.6937396121883657,0.6910803324099724,0.6926315789473684,0.6954016620498615,0.694404432132964,0.692409972299169,0.6915235457063712,0.6917451523545707,0.691191135734072,0.6906371191135734,0.6916343490304709,0.689196675900277,0.6914127423822715,0.6907479224376731,0.689196675900277,0.6884210526315789,0.6894182825484765,0.6897506925207756,0.6897506925207756,0.6896398891966758,0.6901939058171745,0.6887534626038782,0.6890858725761773,0.6915235457063712,0.6931855955678671,0.6937396121883657,0.6928531855955679,0.6928531855955679,0.6928531855955679,0.6928531855955679,0.6920775623268698,0.6932963988919668,0.6932963988919668,0.6937396121883657,0.6966204986149584,0.6954016620498615,0.6940720221606648,0.6932963988919668,0.6945152354570637,0.6936288088642659,0.6936288088642659,0.6936288088642659,0.6936288088642659,0.6927423822714681,0.6927423822714681,0.6941828254847645,0.6947368421052632,0.6954016620498615,0.6940720221606648,0.6955124653739612,0.6936288088642659,0.6948476454293628,0.6917451523545707,0.6915235457063712,0.6915235457063712,0.6915235457063712,0.6915235457063712,0.6913019390581717,0.6913019390581717,0.6929639889196676,0.69196675900277,0.6921883656509695,0.6932963988919668,0.6939612188365651,0.6931855955678671,0.6972853185595568,0.6945152354570637,0.6930747922437673,0.6930747922437673,0.6930747922437673,0.6937396121883657,0.6937396121883657,0.6937396121883657,0.694404432132964,0.6948476454293628,0.6940720221606648,0.6957340720221606,0.6946260387811635,0.6952908587257618,0.6965096952908587,0.6955124653739612,0.6960664819944599,0.6956232686980609,0.694404432132964,0.6934072022160664,0.6951800554016621,0.6947368421052632,0.6945152354570637,0.694404432132964,0.6941828254847645,0.6937396121883657,0.6945152354570637,0.6951800554016621,0.6951800554016621,0.6961772853185596,0.6970637119113573,0.696398891966759,0.6946260387811635,0.6949584487534626,0.6956232686980609,0.6960664819944599,0.6970637119113573,0.6954016620498615,0.6957340720221606,0.697174515235457,0.6962880886426592,0.6950692520775623,0.6955124653739612,0.6952908587257618,0.6957340720221606,0.6957340720221606,0.6957340720221606,0.6957340720221606,0.6956232686980609,0.6956232686980609,0.6957340720221606,0.6954016620498615,0.6952908587257618,0.6955124653739612,0.6947368421052632,0.6950692520775623,0.6947368421052632,0.6952908587257618,0.6952908587257618,0.6969529085872577,0.6952908587257618,0.6957340720221606,0.697617728531856,0.697174515235457,0.6969529085872577,0.697617728531856,0.6973961218836565,0.6959556786703601,0.697174515235457,0.6967313019390582,0.6967313019390582,0.6967313019390582,0.6972853185595568,0.697617728531856,0.6970637119113573,0.7007202216066482,0.7011634349030471,0.704376731301939,0.7037119113573407,0.6972853185595568,0.6972853185595568,0.6987257617728532,0.6991689750692521,0.6975069252077563,0.6989473684210527,0.7000554016620498,0.6993905817174515,0.7007202216066482,0.6955124653739612,0.697174515235457,0.6952908587257618,0.6962880886426592,0.6961772853185596,0.6958448753462604,0.6982825484764543,0.6956232686980609,0.6970637119113573,0.6967313019390582,0.6975069252077563,0.6972853185595568,0.697617728531856,0.6987257617728532,0.7008310249307479,0.7017174515235457,0.6991689750692521,0.6977285318559556,0.6973961218836565,0.6993905817174515,0.6973961218836565,0.6950692520775623,0.6973961218836565,0.6979501385041551,0.6972853185595568,0.696398891966759,0.6985041551246537,0.6993905817174515,0.6982825484764543,0.6991689750692521,0.6968421052631579,0.6979501385041551,0.6968421052631579,0.6972853185595568,0.6979501385041551,0.6979501385041551,0.6979501385041551,0.6988365650969529,0.6991689750692521,0.6999445983379501,0.7017174515235457,0.7018282548476454,0.7021606648199445,0.6978393351800554,0.6957340720221606,0.6970637119113573,0.6968421052631579,0.6980609418282548,0.6959556786703601,0.6961772853185596,0.6949584487534626,0.6941828254847645,0.6941828254847645,0.6947368421052632,0.692409972299169,0.6992797783933518,0.696398891966759,0.6961772853185596,0.6946260387811635,0.6946260387811635,0.6954016620498615,0.6945152354570637,0.6955124653739612,0.6986149584487534,0.6982825484764543,0.6987257617728532,0.699612188365651,0.6986149584487534,0.6982825484764543,0.7004986149584488,0.6992797783933518,0.6992797783933518,0.6992797783933518,0.6992797783933518,0.7006094182825485,0.7008310249307479,0.6987257617728532,0.6987257617728532,0.6987257617728532,0.6973961218836565,0.6988365650969529,0.6981717451523546,0.6979501385041551,0.6980609418282548,0.6980609418282548,0.6980609418282548,0.6982825484764543,0.6982825484764543,0.6973961218836565,0.6973961218836565,0.6973961218836565,0.6973961218836565,0.697617728531856,0.6978393351800554,0.6972853185595568,0.6980609418282548,0.6985041551246537,0.6987257617728532,0.699612188365651,0.6999445983379501,0.6999445983379501,0.7006094182825485,0.6998337950138505,0.6998337950138505,0.6999445983379501,0.7001662049861496,0.700387811634349,0.7007202216066482,0.7009418282548476,0.7018282548476454,0.7018282548476454,0.7019390581717452,0.7024930747922438,0.7017174515235457,0.7018282548476454,0.702382271468144,0.7020498614958449,0.7019390581717452,0.7020498614958449,0.7030470914127424,0.7033795013850416,0.7031578947368421,0.703601108033241,0.7031578947368421,0.703601108033241,0.7013850415512466,0.7011634349030471,0.7009418282548476,0.6992797783933518,0.7007202216066482,0.7009418282548476,0.7009418282548476,0.7019390581717452,0.7009418282548476,0.7009418282548476,0.7007202216066482,0.7006094182825485,0.7006094182825485,0.7014958448753462,0.702825484764543,0.7008310249307479,0.7012742382271469,0.7002770083102493,0.702825484764543,0.7022714681440443,0.703601108033241,0.7034903047091413,0.7017174515235457,0.7033795013850416,0.7024930747922438,0.7012742382271469,0.7030470914127424,0.7033795013850416,0.702825484764543,0.702825484764543,0.7021606648199445,0.6995013850415512,0.7011634349030471,0.6995013850415512,0.702382271468144,0.6999445983379501,0.7019390581717452,0.7004986149584488,0.7024930747922438,0.7037119113573407,0.7018282548476454,0.702382271468144,0.7024930747922438,0.7038227146814404,0.7070360110803324,0.7040443213296399,0.7041551246537396,0.7039335180055402,0.7020498614958449,0.704376731301939,0.7004986149584488,0.7040443213296399,0.7017174515235457,0.7014958448753462,0.7024930747922438,0.7020498614958449,0.7007202216066482,0.7006094182825485,0.699612188365651,0.7017174515235457,0.7004986149584488,0.7004986149584488,0.697174515235457,0.6985041551246537,0.6991689750692521,0.7002770083102493,0.6983933518005541,0.699612188365651,0.7012742382271469,0.7000554016620498,0.6995013850415512,0.7000554016620498,0.7008310249307479,0.7007202216066482,0.7019390581717452,0.701606648199446,0.7014958448753462,0.7022714681440443,0.6997229916897507,0.702825484764543,0.703601108033241,0.7024930747922438,0.7021606648199445,0.7022714681440443,0.7014958448753462,0.7020498614958449,0.700387811634349,0.6980609418282548,0.6989473684210527,0.6993905817174515,0.7007202216066482,0.6982825484764543,0.6982825484764543,0.697174515235457,0.6968421052631579,0.6972853185595568,0.696398891966759,0.6955124653739612,0.6961772853185596,0.6960664819944599,0.6961772853185596,0.6977285318559556,0.6995013850415512,0.7008310249307479,0.6987257617728532,0.6982825484764543,0.6962880886426592,0.6965096952908587,0.6967313019390582,0.697174515235457,0.6967313019390582,0.6967313019390582,0.6965096952908587,0.6967313019390582,0.6973961218836565,0.6950692520775623,0.6954016620498615,0.6978393351800554,0.6957340720221606,0.6954016620498615,0.6972853185595568,0.697174515235457,0.6981717451523546,0.6977285318559556,0.6988365650969529,0.697617728531856,0.6981717451523546,0.6977285318559556,0.6965096952908587,0.6977285318559556,0.6980609418282548,0.6970637119113573,0.6970637119113573,0.6983933518005541,0.6983933518005541,0.7002770083102493,0.6986149584487534,0.7002770083102493,0.7006094182825485,0.700387811634349,0.699612188365651,0.7000554016620498,0.7004986149584488,0.7002770083102493,0.7009418282548476,0.7012742382271469,0.7000554016620498,0.7008310249307479,0.7024930747922438,0.702825484764543,0.702825484764543,0.7020498614958449,0.7041551246537396,0.7012742382271469,0.6987257617728532,0.7006094182825485,0.7010526315789474,0.7034903047091413,0.7059279778393351,0.7038227146814404,0.7021606648199445,0.7022714681440443,0.7022714681440443,0.7012742382271469,0.7010526315789474,0.7020498614958449,0.7011634349030471,0.6993905817174515,0.7008310249307479,0.6987257617728532,0.6982825484764543,0.6992797783933518,0.6987257617728532,0.6989473684210527,0.6995013850415512,0.7000554016620498,0.700387811634349,0.6977285318559556,0.6999445983379501,0.6970637119113573,0.6955124653739612,0.6969529085872577,0.6991689750692521,0.6986149584487534,0.6982825484764543,0.6975069252077563,0.6977285318559556,0.6987257617728532,0.6987257617728532,0.6985041551246537,0.6991689750692521,0.697617728531856,0.6989473684210527,0.6977285318559556,0.697617728531856,0.6967313019390582,0.6983933518005541,0.6972853185595568,0.6979501385041551,0.6966204986149584,0.6966204986149584,0.6970637119113573,0.6982825484764543,0.6981717451523546,0.6982825484764543,0.6982825484764543,0.6983933518005541,0.6990581717451524,0.6981717451523546,0.6982825484764543,0.6989473684210527,0.6981717451523546,0.6983933518005541,0.6986149584487534,0.6973961218836565,0.6967313019390582,0.6970637119113573,0.6959556786703601,0.6957340720221606,0.697174515235457,0.6966204986149584,0.6975069252077563,0.6988365650969529,0.6982825484764543,0.697174515235457,0.6987257617728532,0.6989473684210527,0.6995013850415512,0.700387811634349,0.7000554016620498,0.699612188365651,0.6993905817174515,0.7002770083102493,0.6997229916897507,0.6987257617728532,0.6985041551246537,0.6993905817174515,0.7004986149584488,0.6992797783933518,0.6997229916897507,0.7004986149584488,0.7002770083102493,0.7014958448753462,0.7009418282548476,0.7004986149584488,0.7004986149584488,0.7008310249307479,0.700387811634349,0.7020498614958449,0.7020498614958449,0.701606648199446,0.703601108033241,0.7029362880886426,0.7032686980609418,0.7038227146814404,0.7033795013850416,0.7060387811634349,0.7065927977839335,0.7061495844875346,0.7065927977839335,0.706814404432133,0.7063711911357341,0.7064819944598338,0.7064819944598338,0.7072576177285319,0.7072576177285319,0.7072576177285319,0.7072576177285319,0.706814404432133,0.7077008310249308,0.7060387811634349,0.7064819944598338,0.7072576177285319,0.7065927977839335,0.7070360110803324,0.7077008310249308,0.7059279778393351,0.7064819944598338,0.7064819944598338,0.7080332409972299,0.7077008310249308,0.7059279778393351,0.7045983379501385,0.7061495844875346,0.7040443213296399,0.7067036011080332,0.7064819944598338,0.7058171745152355,0.7034903047091413,0.703601108033241,0.704819944598338,0.7027146814404432,0.7027146814404432,0.7027146814404432,0.701606648199446,0.7031578947368421,0.702382271468144,0.7026038781163435,0.702825484764543,0.699612188365651,0.7013850415512466,0.702382271468144,0.7047091412742382,0.7053739612188366,0.7038227146814404,0.7047091412742382,0.7039335180055402,0.7050415512465374,0.704376731301939,0.7001662049861496,0.7001662049861496,0.7004986149584488,0.7012742382271469,0.7017174515235457,0.7021606648199445,0.7008310249307479,0.7010526315789474,0.7010526315789474,0.7032686980609418,0.7032686980609418,0.7020498614958449,0.702825484764543,0.704819944598338,0.705595567867036,0.7052631578947368,0.7058171745152355,0.705595567867036,0.7047091412742382,0.7054847645429363,0.7045983379501385,0.7033795013850416,0.704819944598338,0.7045983379501385,0.7051523545706371,0.7022714681440443,0.703601108033241,0.7050415512465374,0.703601108033241,0.7032686980609418,0.7031578947368421,0.7038227146814404,0.7038227146814404,0.7040443213296399,0.703601108033241,0.702825484764543,0.7024930747922438,0.7027146814404432,0.7019390581717452,0.7030470914127424,0.7004986149584488,0.6777839335180056,0.6756786703601108,0.6778947368421052,0.679224376731302,0.6712465373961218,0.6711357340720222,0.6712465373961218,0.6741274238227147,0.674016620498615,0.674016620498615,0.6731301939058172,0.6726869806094182,0.6774515235457064,0.6771191135734071,0.676786703601108,0.6771191135734071,0.6772299168975069,0.6774515235457064,0.6783379501385042,0.6774515235457064,0.6768975069252078,0.6764542936288088,0.678781163434903,0.676786703601108,0.6773407202216066,0.6753462603878116,0.67601108033241,0.6768975069252078,0.6755678670360111,0.6747922437673131,0.6745706371191136,0.6750138504155124,0.6750138504155124,0.6731301939058172,0.6737950138504155,0.6737950138504155,0.6733518005540167,0.6741274238227147,0.6737950138504155,0.6747922437673131,0.6747922437673131,0.6742382271468144,0.6737950138504155,0.673573407202216,0.6730193905817174,0.6720221606648199,0.6724653739612189,0.6736842105263158,0.6752354570637119,0.674016620498615,0.6730193905817174,0.6734626038781163,0.6772299168975069,0.6747922437673131,0.6742382271468144,0.6751246537396122,0.6706925207756232,0.6711357340720222,0.6600554016620499,0.6604986149584487,0.6585041551246538,0.6609418282548476,0.6607202216066482,0.6607202216066482,0.6598337950138504,0.6610526315789473,0.6610526315789473,0.6610526315789473,0.6610526315789473,0.6610526315789473,0.6610526315789473,0.6610526315789473,0.6610526315789473,0.6610526315789473,0.6610526315789473,0.6617174515235457,0.661606648199446,0.6609418282548476,0.6626038781163435,0.6621606648199446,0.6630470914127424,0.661606648199446,0.662382271468144,0.661606648199446,0.662382271468144,0.662382271468144,0.6640443213296399,0.6641551246537396,0.6632686980609418,0.6641551246537396,0.6643767313019391,0.6644875346260388,0.6648199445983379,0.6664819944598338,0.6652631578947369,0.6648199445983379,0.6651523545706371,0.6663711911357341,0.6671468144044321,0.6671468144044321,0.6663711911357341,0.6663711911357341,0.6686980609418283,0.668808864265928,0.6690304709141274,0.6671468144044321,0.6662603878116343,0.6674792243767314,0.6670360110803324,0.666038781163435,0.666038781163435,0.666038781163435,0.666038781163435,0.6653739612188365,0.6654847645429363,0.6653739612188365,0.6653739612188365,0.6664819944598338,0.6645983379501385,0.6641551246537396,0.667590027700831,0.667590027700831,0.666038781163435,0.6753462603878116,0.6662603878116343,0.665595567867036,0.6669252077562327,0.6669252077562327,0.6653739612188365,0.662825484764543,0.6624930747922437,0.6632686980609418,0.6657063711911357,0.6667036011080333,0.6685872576177285,0.6693628808864266,0.6662603878116343,0.6671468144044321,0.6671468144044321,0.6650415512465374,0.6670360110803324,0.6695844875346261,0.667590027700831,0.6682548476454294,0.665595567867036,0.6658171745152355,0.6658171745152355,0.6667036011080333,0.6668144044321329,0.6668144044321329,0.6661495844875346,0.6654847645429363,0.6654847645429363,0.6654847645429363,0.6663711911357341,0.6682548476454294,0.6664819944598338,0.6651523545706371,0.6661495844875346,0.6680332409972299,0.6680332409972299,0.6678116343490305,0.6694736842105263,0.6680332409972299,0.6682548476454294,0.6678116343490305,0.6694736842105263,0.668365650969529,0.6672576177285319,0.6659279778393352,0.6668144044321329,0.6691412742382271,0.6668144044321329,0.6658171745152355,0.6659279778393352,0.6670360110803324,0.666038781163435,0.6690304709141274,0.6680332409972299,0.6667036011080333,0.6680332409972299,0.6674792243767314,0.6669252077562327,0.6673684210526316,0.6680332409972299,0.6659279778393352,0.6671468144044321,0.6653739612188365,0.6663711911357341,0.6644875346260388,0.6665927977839335,0.6639335180055401,0.6637119113573408,0.6659279778393352,0.665595567867036,0.6653739612188365,0.6619390581717451,0.658393351800554,0.6586149584487535,0.658393351800554,0.6604986149584487,0.660387811634349,0.6598337950138504,0.6595013850415512,0.660831024930748,0.6600554016620499,0.6600554016620499,0.6619390581717451,0.6621606648199446,0.6626038781163435,0.6637119113573408,0.6672576177285319,0.6657063711911357,0.6674792243767314,0.6672576177285319,0.6624930747922437,0.6630470914127424,0.6629362880886427,0.6622714681440444,0.6667036011080333,0.6638227146814405,0.6633795013850415,0.660831024930748,0.6617174515235457,0.6621606648199446,0.6610526315789473,0.6612742382271468,0.6620498614958449,0.6624930747922437,0.6624930747922437,0.6626038781163435,0.6634903047091413,0.6624930747922437,0.6626038781163435,0.6650415512465374,0.6651523545706371,0.6632686980609418,0.6672576177285319,0.6657063711911357,0.6672576177285319,0.6649307479224377,0.6649307479224377,0.6649307479224377,0.6662603878116343,0.6662603878116343,0.6649307479224377,0.6649307479224377,0.6649307479224377,0.6649307479224377,0.6649307479224377,0.6649307479224377,0.662382271468144,0.6647091412742382,0.6634903047091413,0.665595567867036,0.665595567867036,0.6641551246537396,0.6647091412742382,0.6645983379501385,0.6664819944598338,0.6658171745152355,0.6637119113573408,0.6638227146814405,0.6648199445983379,0.6658171745152355,0.6643767313019391,0.6658171745152355,0.6657063711911357,0.6651523545706371,0.6654847645429363,0.6648199445983379,0.663601108033241,0.6632686980609418,0.6632686980609418,0.6632686980609418,0.6634903047091413,0.6632686980609418,0.6649307479224377,0.6645983379501385,0.6650415512465374,0.663601108033241,0.6650415512465374,0.6661495844875346,0.6661495844875346,0.6661495844875346,0.6659279778393352,0.6639335180055401,0.6638227146814405,0.6647091412742382,0.6645983379501385,0.6651523545706371,0.6643767313019391,0.6644875346260388,0.6644875346260388,0.6652631578947369,0.6648199445983379,0.6653739612188365,0.6648199445983379,0.6644875346260388,0.6644875346260388,0.6642659279778393,0.6642659279778393,0.6650415512465374,0.6638227146814405,0.6641551246537396,0.6641551246537396,0.6637119113573408,0.6637119113573408,0.6644875346260388,0.663601108033241,0.6634903047091413,0.6634903047091413,0.6637119113573408,0.6632686980609418,0.6644875346260388,0.6632686980609418,0.6641551246537396,0.6649307479224377,0.6649307479224377,0.6661495844875346,0.6670360110803324,0.6674792243767314,0.6667036011080333,0.6662603878116343,0.6665927977839335,0.667590027700831,0.6652631578947369,0.6661495844875346,0.6659279778393352,0.6665927977839335,0.6649307479224377,0.6651523545706371,0.6662603878116343,0.6663711911357341,0.6659279778393352,0.6652631578947369,0.6645983379501385,0.6648199445983379,0.6644875346260388,0.665595567867036,0.6644875346260388,0.6661495844875346,0.6647091412742382,0.6634903047091413,0.6632686980609418,0.6632686980609418,0.6631578947368421,0.6640443213296399,0.6640443213296399,0.6640443213296399,0.6640443213296399,0.6644875346260388,0.666038781163435,0.6640443213296399,0.6642659279778393,0.6637119113573408,0.663601108033241,0.6652631578947369,0.6650415512465374,0.6633795013850415,0.6669252077562327,0.6637119113573408,0.6667036011080333,0.6654847645429363,0.6648199445983379,0.6651523545706371,0.6650415512465374,0.6647091412742382,0.6657063711911357,0.6631578947368421,0.6651523545706371,0.6650415512465374,0.6609418282548476,0.6621606648199446,0.662825484764543,0.6618282548476454,0.6633795013850415,0.6619390581717451,0.6613850415512466,0.6626038781163435,0.6606094182825485,0.6610526315789473,0.6630470914127424,0.6617174515235457,0.6643767313019391,0.6641551246537396,0.6598337950138504,0.6624930747922437,0.6633795013850415,0.6652631578947369,0.6626038781163435,0.6613850415512466,0.6620498614958449,0.6629362880886427,0.6663711911357341,0.6631578947368421,0.6661495844875346,0.6644875346260388,0.6633795013850415,0.6669252077562327,0.6674792243767314,0.662382271468144,0.6612742382271468,0.6626038781163435,0.6654847645429363,0.6632686980609418,0.6595013850415512,0.6613850415512466,0.6606094182825485,0.6595013850415512,0.6588365650969529,0.6569529085872576,0.6592797783933518,0.6597229916897507,0.6637119113573408,0.6642659279778393,0.6630470914127424,0.6673684210526316,0.6624930747922437,0.6638227146814405,0.6626038781163435,0.6617174515235457,0.6631578947368421,0.6626038781163435,0.6626038781163435,0.6637119113573408,0.6659279778393352,0.6618282548476454,0.6637119113573408,0.6632686980609418,0.6630470914127424,0.6630470914127424,0.6596121883656509,0.6596121883656509,0.6617174515235457,0.6598337950138504,0.6601662049861495,0.660831024930748,0.6612742382271468,0.658393351800554,0.6581717451523545,0.6597229916897507,0.6595013850415512,0.6592797783933518,0.6592797783933518,0.6582825484764543,0.6585041551246538,0.6580609418282548,0.6585041551246538,0.6585041551246538,0.6599445983379502,0.6595013850415512,0.6578393351800554,0.6587257617728531,0.6587257617728531,0.6597229916897507,0.6595013850415512,0.6607202216066482,0.6599445983379502,0.6596121883656509,0.6596121883656509,0.6590581717451524,0.6592797783933518,0.6596121883656509,0.6587257617728531,0.660831024930748,0.6610526315789473,0.6610526315789473,0.6601662049861495,0.6606094182825485,0.6597229916897507,0.6586149584487535,0.660831024930748,0.6609418282548476,0.6622714681440444,0.6597229916897507,0.6577285318559557,0.6601662049861495,0.6589473684210526,0.6592797783933518,0.6596121883656509,0.660387811634349,0.6596121883656509,0.6596121883656509,0.6596121883656509,0.6599445983379502,0.661606648199446,0.6580609418282548,0.6612742382271468,0.6589473684210526,0.6590581717451524,0.6604986149584487,0.6599445983379502,0.6581717451523545,0.6579501385041552,0.6582825484764543,0.6569529085872576,0.6569529085872576,0.6569529085872576,0.6569529085872576,0.6569529085872576,0.6558448753462603,0.6568421052631579,0.6568421052631579,0.6578393351800554,0.6568421052631579,0.6585041551246538,0.6587257617728531,0.6587257617728531,0.6587257617728531,0.6565096952908587,0.6577285318559557,0.6591689750692521,0.6585041551246538,0.6587257617728531,0.6568421052631579,0.6571745152354571,0.6571745152354571,0.6593905817174516,0.6588365650969529,0.6585041551246538,0.6585041551246538,0.6582825484764543,0.6590581717451524,0.6585041551246538,0.6582825484764543,0.6590581717451524,0.6593905817174516,0.6593905817174516,0.6602770083102493,0.6592797783933518,0.6642659279778393,0.6607202216066482,0.6607202216066482,0.6613850415512466,0.6613850415512466,0.6613850415512466,0.661606648199446,0.661606648199446,0.661606648199446,0.6604986149584487,0.6634903047091413,0.6620498614958449,0.662825484764543,0.6648199445983379,0.6641551246537396,0.6647091412742382,0.6650415512465374,0.6650415512465374,0.6629362880886427,0.6650415512465374,0.6644875346260388,0.6606094182825485,0.6624930747922437,0.6619390581717451,0.661606648199446,0.6614958448753463,0.6622714681440444,0.6622714681440444,0.6455401662049861,0.6442105263157895,0.6450969529085873,0.6344598337950138,0.6371191135734072,0.6345706371191135,0.6352354570637119,0.6351246537396122,0.6350138504155125,0.634792243767313,0.6343490304709142,0.6351246537396122,0.6353462603878116,0.6359002770083102,0.6363434903047092,0.6351246537396122,0.6355678670360111,0.6355678670360111,0.6359002770083102,0.6368975069252077,0.6370083102493075,0.6344598337950138,0.634792243767313,0.6350138504155125,0.6333518005540166,0.632797783933518,0.632797783933518,0.6351246537396122,0.6314681440443213,0.6319113573407202,0.6339058171745152,0.634016620498615,0.6322437673130193,0.63202216066482,0.6162880886426593,0.6271468144044321,0.6289196675900277,0.6277008310249308,0.6305817174515236,0.6286980609418282,0.6289196675900277,0.6294736842105263,0.6281440443213296,0.6293628808864266,0.6238227146814405,0.628808864265928,0.6290304709141274,0.6280332409972299,0.6298060941828255,0.6313573407202216,0.634016620498615,0.6301385041551246,0.6285872576177285,0.6312465373961219,0.6313573407202216,0.631578947368421,0.6313573407202216,0.6313573407202216,0.6313573407202216,0.6309141274238227,0.6309141274238227,0.6313573407202216,0.6294736842105263,0.6294736842105263,0.6294736842105263,0.6292520775623268,0.6298060941828255,0.6301385041551246,0.6301385041551246,0.6303601108033241,0.6301385041551246,0.6296952908587258,0.628808864265928,0.6293628808864266,0.6238227146814405,0.6292520775623268,0.6278116343490304,0.6291412742382272,0.6284764542936289,0.6298060941828255,0.6300277008310249,0.6302493074792244,0.6302493074792244,0.6302493074792244,0.6306925207756233,0.6306925207756233,0.6306925207756233,0.6306925207756233,0.6306925207756233,0.6309141274238227,0.6309141274238227,0.6309141274238227,0.6294736842105263,0.6292520775623268,0.6292520775623268,0.6292520775623268,0.629584487534626,0.6286980609418282,0.628808864265928,0.6305817174515236,0.6294736842105263,0.6301385041551246,0.6310249307479224,0.6319113573407202,0.6310249307479224,0.6310249307479224,0.6324653739612188,0.6316897506925208,0.6310249307479224,0.6322437673130193,0.6319113573407202,0.6309141274238227,0.6292520775623268,0.6303601108033241,0.6292520775623268,0.6274792243767313,0.6274792243767313,0.6272576177285318,0.6272576177285318,0.6277008310249308,0.6292520775623268,0.6283656509695291,0.6278116343490304,0.6271468144044321,0.6271468144044321,0.6271468144044321,0.6271468144044321,0.6271468144044321,0.6291412742382272,0.6279224376731302,0.6291412742382272,0.6279224376731302,0.6289196675900277,0.627590027700831,0.6289196675900277,0.6289196675900277,0.6299168975069253,0.6294736842105263,0.6285872576177285,0.6279224376731302,0.6277008310249308,0.6277008310249308,0.6277008310249308,0.6274792243767313,0.6316897506925208,0.6316897506925208,0.6281440443213296,0.6314681440443213,0.630803324099723,0.6303601108033241,0.6318005540166205,0.6332409972299169,0.6318005540166205,0.6345706371191135,0.6314681440443213,0.6313573407202216,0.6303601108033241,0.6302493074792244,0.6311357340720222,0.6311357340720222,0.6311357340720222,0.6311357340720222,0.6303601108033241,0.6302493074792244,0.6310249307479224,0.630803324099723,0.6304709141274238,0.6304709141274238,0.6304709141274238,0.6304709141274238,0.6304709141274238,0.6296952908587258,0.6301385041551246,0.6291412742382272,0.6289196675900277,0.6292520775623268,0.6300277008310249,0.6296952908587258,0.6301385041551246,0.629584487534626,0.6265927977839335,0.6302493074792244,0.6292520775623268,0.6300277008310249,0.6300277008310249,0.6300277008310249,0.6300277008310249,0.6300277008310249,0.6300277008310249,0.6300277008310249,0.6300277008310249,0.6300277008310249,0.6300277008310249,0.6300277008310249,0.6302493074792244,0.6304709141274238,0.6304709141274238,0.6304709141274238,0.6304709141274238,0.6304709141274238,0.6304709141274238,0.6309141274238227,0.6313573407202216,0.6289196675900277,0.6262603878116344,0.6273684210526316,0.626371191135734,0.6279224376731302,0.6267036011080332,0.626371191135734,0.626814404432133,0.6274792243767313,0.625595567867036,0.6285872576177285,0.6273684210526316,0.6277008310249308,0.6271468144044321,0.6271468144044321,0.6277008310249308,0.6265927977839335,0.6279224376731302,0.6280332409972299,0.6278116343490304,0.6273684210526316,0.6280332409972299,0.6270360110803324,0.6271468144044321,0.6262603878116344,0.6286980609418282,0.6283656509695291,0.6285872576177285,0.6318005540166205,0.6330193905817174,0.6329085872576178,0.63202216066482,0.632797783933518,0.6337950138504155,0.6346814404432133,0.6336842105263157,0.6316897506925208,0.631578947368421,0.63202216066482,0.6314681440443213,0.6316897506925208,0.6316897506925208,0.6323545706371191,0.6319113573407202,0.6319113573407202,0.6319113573407202,0.630803324099723,0.6323545706371191,0.6323545706371191,0.6316897506925208,0.6323545706371191,0.6318005540166205,0.6336842105263157,0.6333518005540166,0.6334626038781164,0.6319113573407202,0.6314681440443213,0.6324653739612188,0.6325761772853186,0.632797783933518,0.6326869806094183,0.632797783933518,0.6332409972299169,0.632797783933518,0.632797783933518,0.6341274238227147,0.6325761772853186,0.6339058171745152,0.6331301939058172,0.6331301939058172,0.6331301939058172,0.6326869806094183,0.6334626038781164,0.6326869806094183,0.6326869806094183,0.6330193905817174,0.6331301939058172,0.6331301939058172,0.6331301939058172,0.6339058171745152,0.6337950138504155,0.6334626038781164,0.6337950138504155,0.6324653739612188,0.6344598337950138,0.6344598337950138,0.6343490304709142,0.6339058171745152,0.6330193905817174,0.6331301939058172,0.6322437673130193,0.6322437673130193,0.6322437673130193,0.634016620498615,0.634792243767313,0.634792243767313,0.6345706371191135,0.6344598337950138,0.6330193905817174,0.6305817174515236,0.6311357340720222,0.6296952908587258,0.6309141274238227,0.6326869806094183,0.6313573407202216,0.6318005540166205,0.63202216066482,0.6322437673130193,0.6306925207756233,0.6298060941828255,0.6303601108033241,0.6278116343490304,0.6280332409972299,0.6284764542936289,0.6281440443213296,0.6267036011080332,0.6267036011080332,0.6269252077562327,0.6265927977839335,0.6271468144044321,0.6278116343490304,0.6289196675900277,0.6265927977839335,0.6269252077562327,0.6264819944598338,0.6264819944598338,0.6281440443213296,0.6299168975069253,0.6281440443213296,0.6280332409972299,0.6284764542936289,0.629584487534626,0.6282548476454294,0.6292520775623268,0.6286980609418282,0.6298060941828255,0.6282548476454294,0.6284764542936289,0.6296952908587258,0.6298060941828255,0.6286980609418282,0.6292520775623268,0.6265927977839335,0.6277008310249308,0.627590027700831,0.6273684210526316,0.6269252077562327,0.6282548476454294,0.6279224376731302,0.6281440443213296,0.6274792243767313,0.6284764542936289,0.6258171745152354,0.6248199445983379,0.6244875346260388,0.6247091412742383,0.6281440443213296,0.6272576177285318,0.6267036011080332,0.6240443213296399,0.623601108033241,0.6232686980609419,0.6228254847645429,0.6220498614958448,0.6220498614958448,0.6219390581717451,0.6232686980609419,0.6240443213296399,0.6223822714681441,0.6230470914127424,0.6228254847645429,0.6185041551246537,0.6229362880886427,0.621606648199446,0.6222714681440443,0.6228254847645429,0.6219390581717451,0.6220498614958448,0.6224930747922438,0.6228254847645429,0.6223822714681441,0.6247091412742383,0.6222714681440443,0.6220498614958448,0.6223822714681441,0.6226038781163435,0.6223822714681441,0.6207202216066482,0.625595567867036,0.6248199445983379,0.6251523545706371,0.6253739612188366,0.6267036011080332,0.6244875346260388,0.6245983379501385,0.623601108033241,0.6239335180055402,0.6238227146814405,0.6242659279778393,0.6244875346260388,0.6244875346260388,0.6234903047091412,0.6244875346260388,0.6238227146814405,0.6238227146814405,0.6147368421052631,0.613628808864266,0.6176177285318559,0.6182825484764543,0.6159556786703602,0.6159556786703602,0.6168421052631579,0.616398891966759,0.6156232686980609,0.6156232686980609,0.6156232686980609,0.6156232686980609,0.6158448753462604,0.6159556786703602,0.6181717451523546,0.6173961218836566,0.6181717451523546,0.6179501385041551,0.618393351800554,0.6181717451523546,0.6177285318559557,0.6182825484764543,0.6178393351800554,0.6193905817174515,0.6170637119113573,0.6172853185595568,0.6166204986149585,0.6228254847645429,0.6221606648199446,0.6221606648199446,0.6234903047091412,0.6226038781163435,0.6222714681440443,0.6221606648199446,0.6214958448753463,0.6237119113573407,0.6207202216066482,0.6227146814404432,0.621606648199446,0.6220498614958448,0.6229362880886427,0.6230470914127424,0.6230470914127424,0.6230470914127424,0.6219390581717451,0.6213850415512465,0.6227146814404432,0.6231578947368421,0.623601108033241,0.623601108033241,0.6210526315789474,0.6210526315789474,0.6206094182825485,0.6206094182825485,0.6206094182825485,0.6206094182825485,0.6206094182825485,0.6206094182825485,0.6206094182825485,0.6201662049861496,0.621163434903047,0.621163434903047,0.6213850415512465,0.6212742382271468,0.6232686980609419,0.6232686980609419,0.6247091412742383,0.6223822714681441,0.6224930747922438,0.6224930747922438,0.6214958448753463,0.6218282548476455,0.6227146814404432,0.6213850415512465,0.6208310249307479,0.6222714681440443,0.6231578947368421,0.6210526315789474,0.6214958448753463,0.6219390581717451,0.6233795013850415,0.6229362880886427,0.6229362880886427,0.621606648199446,0.621606648199446,0.621606648199446,0.621606648199446,0.621606648199446,0.6180609418282549,0.6190581717451523,0.6185041551246537,0.6185041551246537,0.6182825484764543,0.6185041551246537,0.6185041551246537,0.6192797783933518,0.6180609418282549,0.6197229916897506,0.6169529085872576,0.6168421052631579,0.6179501385041551,0.6175069252077562,0.6167313019390581,0.6178393351800554,0.618393351800554,0.6186149584487535,0.621163434903047,0.6214958448753463,0.6207202216066482,0.6217174515235457,0.6223822714681441,0.6223822714681441,0.6220498614958448,0.6223822714681441,0.6230470914127424,0.6227146814404432,0.6227146814404432,0.6222714681440443,0.621163434903047,0.621163434903047,0.621163434903047,0.6220498614958448,0.6220498614958448,0.6222714681440443,0.6222714681440443,0.6222714681440443,0.623601108033241,0.623601108033241,0.6218282548476455,0.6204986149584487,0.6213850415512465,0.621606648199446,0.621606648199446,0.621606648199446,0.6202770083102493,0.6195013850415513,0.6203878116343491,0.6200554016620499,0.6198337950138504,0.6200554016620499,0.6198337950138504,0.6200554016620499,0.6200554016620499,0.6204986149584487,0.6179501385041551,0.6207202216066482,0.6189473684210526,0.6192797783933518,0.6193905817174515,0.6220498614958448,0.6195013850415513,0.6199445983379501,0.6217174515235457,0.6202770083102493,0.6185041551246537,0.6190581717451523,0.6206094182825485,0.618836565096953,0.6176177285318559,0.6177285318559557,0.6199445983379501,0.6189473684210526,0.6213850415512465,0.6233795013850415,0.6213850415512465,0.6208310249307479,0.6199445983379501,0.619612188365651,0.6210526315789474,0.6200554016620499,0.6208310249307479,0.6208310249307479,0.6189473684210526,0.6202770083102493,0.6204986149584487,0.6193905817174515,0.6177285318559557,0.6171745152354571,0.6186149584487535,0.6167313019390581,0.6156232686980609,0.6165096952908588,0.6158448753462604,0.6130747922437673,0.6137396121883657,0.6148476454293629,0.6121883656509696,0.6154016620498615,0.6152908587257617,0.6140720221606648,0.6126315789473684,0.6132963988919667,0.6125207756232687,0.6137396121883657,0.6132963988919667,0.6118559556786703,0.6130747922437673,0.6126315789473684,0.6129639889196676,0.6122991689750692,0.6121883656509696,0.6121883656509696,0.6121883656509696,0.6121883656509696,0.6121883656509696,0.6121883656509696,0.6121883656509696,0.6132963988919667,0.6118559556786703,0.613628808864266,0.6137396121883657,0.6139612188365651,0.613628808864266,0.6138504155124653,0.613628808864266,0.6134072022160665,0.6141828254847645,0.6155124653739612,0.6148476454293629,0.6154016620498615,0.6154016620498615,0.6154016620498615,0.6154016620498615,0.6154016620498615,0.6154016620498615,0.6154016620498615,0.6170637119113573,0.6172853185595568,0.6172853185595568,0.6172853185595568,0.616398891966759,0.618393351800554,0.6165096952908588,0.6169529085872576,0.6181717451523546,0.6179501385041551,0.6180609418282549,0.6170637119113573,0.6191689750692521,0.6176177285318559,0.6182825484764543,0.6202770083102493,0.6222714681440443,0.621606648199446,0.6212742382271468,0.6206094182825485,0.621163434903047,0.6209418282548477,0.6213850415512465,0.6209418282548477,0.6197229916897506,0.6199445983379501,0.6204986149584487,0.6204986149584487,0.621163434903047,0.6202770083102493,0.624376731301939,0.6220498614958448,0.6244875346260388,0.624376731301939,0.6242659279778393,0.6238227146814405,0.6250415512465374,0.6245983379501385,0.6251523545706371,0.6226038781163435,0.6223822714681441,0.6219390581717451,0.6221606648199446,0.6250415512465374,0.6240443213296399,0.6247091412742383,0.6249307479224376,0.6254847645429363,0.6250415512465374,0.6230470914127424,0.6261495844875347,0.6261495844875347,0.6257063711911357,0.6262603878116344,0.6270360110803324,0.629584487534626,0.6249307479224376,0.6262603878116344,0.6265927977839335,0.6252631578947369,0.6260387811634349,0.6262603878116344,0.6262603878116344,0.6274792243767313,0.6292520775623268,0.6265927977839335,0.6278116343490304,0.627590027700831,0.6274792243767313,0.6270360110803324,0.624376731301939,0.6244875346260388,0.6267036011080332,0.626371191135734,0.6249307479224376,0.626371191135734,0.6270360110803324,0.6278116343490304,0.6278116343490304,0.627590027700831,0.6272576177285318,0.6264819944598338,0.6264819944598338,0.6258171745152354,0.6262603878116344,0.6242659279778393,0.6247091412742383,0.6238227146814405,0.6252631578947369,0.624376731301939,0.6251523545706371,0.6251523545706371,0.6250415512465374,0.6249307479224376,0.6231578947368421,0.6239335180055402,0.6249307479224376,0.6237119113573407,0.625595567867036,0.6259279778393352,0.6254847645429363,0.6264819944598338,0.6274792243767313,0.6281440443213296,0.627590027700831,0.624376731301939,0.6237119113573407,0.6253739612188366,0.6249307479224376,0.6265927977839335,0.6258171745152354,0.6272576177285318,0.6270360110803324,0.625595567867036,0.625595567867036,0.626371191135734,0.6273684210526316,0.6265927977839335,0.6259279778393352,0.6250415512465374,0.6240443213296399,0.626371191135734,0.6261495844875347,0.6261495844875347,0.6261495844875347,0.6212742382271468,0.624376731301939,0.625595567867036,0.6239335180055402,0.6257063711911357,0.6251523545706371,0.6242659279778393,0.6257063711911357,0.6267036011080332,0.6252631578947369,0.6261495844875347,0.6261495844875347,0.626371191135734,0.6267036011080332,0.6227146814404432,0.6229362880886427,0.6231578947368421,0.6223822714681441,0.6231578947368421,0.6238227146814405,0.6257063711911357,0.6226038781163435,0.6217174515235457,0.6241551246537396,0.6227146814404432,0.6224930747922438,0.6228254847645429,0.6241551246537396,0.6217174515235457,0.6217174515235457,0.6241551246537396,0.625595567867036,0.6250415512465374,0.6282548476454294,0.6272576177285318,0.6249307479224376,0.6249307479224376,0.6249307479224376,0.6260387811634349,0.6254847645429363,0.6270360110803324,0.6249307479224376,0.625595567867036,0.6264819944598338,0.6238227146814405,0.6261495844875347,0.6245983379501385,0.6249307479224376,0.6253739612188366,0.624376731301939,0.6245983379501385,0.624376731301939,0.6240443213296399,0.6242659279778393,0.6254847645429363,0.6253739612188366,0.6224930747922438,0.6227146814404432,0.6230470914127424,0.6206094182825485,0.6223822714681441,0.6241551246537396,0.6227146814404432,0.6242659279778393,0.621163434903047,0.6207202216066482,0.6204986149584487,0.6220498614958448,0.6250415512465374,0.624376731301939,0.624376731301939,0.6228254847645429,0.6257063711911357,0.625595567867036,0.6264819944598338,0.6264819944598338,0.6264819944598338,0.6264819944598338,0.6267036011080332,0.6267036011080332,0.6271468144044321,0.6258171745152354,0.6258171745152354,0.627590027700831,0.6273684210526316,0.6273684210526316,0.6280332409972299,0.6242659279778393,0.6257063711911357,0.6232686980609419,0.6241551246537396,0.6237119113573407,0.6237119113573407,0.624376731301939,0.624376731301939,0.6248199445983379,0.6248199445983379,0.6245983379501385,0.6249307479224376,0.6258171745152354,0.626371191135734,0.6257063711911357,0.6261495844875347,0.625595567867036,0.6259279778393352,0.6257063711911357,0.626371191135734,0.626371191135734,0.626814404432133,0.6279224376731302,0.6279224376731302,0.6258171745152354,0.6251523545706371,0.6251523545706371,0.625595567867036,0.6252631578947369,0.6252631578947369,0.6252631578947369,0.6252631578947369,0.6252631578947369,0.6252631578947369,0.6252631578947369,0.626371191135734,0.6248199445983379,0.6248199445983379,0.6250415512465374,0.6253739612188366,0.6258171745152354,0.6247091412742383,0.6254847645429363,0.6257063711911357,0.6257063711911357,0.6257063711911357,0.6257063711911357,0.6257063711911357,0.6257063711911357,0.6249307479224376,0.626814404432133,0.6253739612188366,0.6258171745152354,0.6258171745152354,0.6258171745152354,0.6258171745152354,0.6258171745152354,0.6258171745152354,0.6258171745152354,0.6258171745152354,0.6258171745152354,0.6258171745152354,0.6260387811634349,0.6260387811634349,0.6260387811634349,0.6260387811634349,0.6260387811634349,0.6260387811634349,0.6264819944598338,0.6264819944598338,0.6264819944598338,0.6264819944598338,0.6267036011080332,0.6267036011080332,0.6267036011080332,0.6267036011080332,0.6267036011080332,0.6267036011080332,0.6267036011080332,0.6267036011080332,0.6267036011080332,0.6267036011080332,0.6267036011080332,0.6267036011080332,0.6267036011080332,0.6267036011080332,0.6267036011080332,0.6267036011080332,0.6267036011080332,0.6267036011080332,0.6267036011080332,0.6261495844875347,0.6264819944598338,0.6264819944598338,0.6267036011080332,0.6267036011080332,0.6267036011080332,0.6267036011080332,0.6267036011080332,0.6267036011080332,0.6267036011080332,0.6267036011080332,0.6267036011080332,0.6267036011080332,0.6267036011080332,0.626814404432133,0.6274792243767313,0.6264819944598338,0.6281440443213296,0.6258171745152354,0.6274792243767313,0.6274792243767313,0.627590027700831,0.626814404432133,0.626814404432133,0.626814404432133,0.6292520775623268,0.6261495844875347,0.6261495844875347,0.6259279778393352,0.625595567867036,0.6234903047091412,0.6234903047091412,0.6242659279778393,0.6271468144044321,0.6240443213296399,0.6240443213296399,0.6240443213296399,0.6240443213296399,0.6240443213296399,0.6240443213296399,0.6253739612188366,0.6253739612188366,0.6253739612188366,0.6253739612188366,0.6253739612188366,0.6254847645429363,0.6254847645429363,0.6260387811634349,0.6272576177285318,0.6272576177285318,0.6272576177285318,0.6270360110803324,0.6264819944598338,0.6253739612188366,0.6272576177285318,0.6248199445983379,0.6273684210526316,0.6272576177285318,0.6269252077562327,0.6269252077562327,0.6269252077562327,0.6269252077562327,0.6269252077562327,0.6269252077562327,0.6262603878116344,0.6262603878116344,0.6259279778393352,0.6250415512465374,0.6267036011080332,0.6267036011080332,0.6267036011080332,0.6257063711911357,0.6251523545706371,0.6249307479224376,0.6249307479224376,0.6251523545706371,0.6264819944598338,0.6264819944598338,0.6262603878116344,0.6262603878116344,0.6262603878116344,0.6262603878116344,0.6262603878116344,0.6257063711911357,0.6262603878116344,0.6253739612188366,0.6259279778393352,0.625595567867036,0.6258171745152354,0.6258171745152354,0.6258171745152354,0.6259279778393352,0.6260387811634349,0.6252631578947369,0.6260387811634349,0.6253739612188366,0.6257063711911357,0.6237119113573407,0.6234903047091412,0.6228254847645429,0.6226038781163435,0.6259279778393352,0.6233795013850415,0.6245983379501385,0.6245983379501385,0.6245983379501385,0.624376731301939,0.624376731301939,0.623601108033241,0.6229362880886427,0.6231578947368421,0.6222714681440443,0.6214958448753463,0.6217174515235457,0.6217174515235457,0.6224930747922438,0.6247091412742383,0.6252631578947369,0.627590027700831,0.6273684210526316,0.6267036011080332,0.6238227146814405,0.6238227146814405,0.6239335180055402,0.6237119113573407,0.6237119113573407,0.6237119113573407,0.6239335180055402,0.6247091412742383,0.6222714681440443,0.6233795013850415,0.6233795013850415,0.6234903047091412,0.6219390581717451,0.6220498614958448,0.6217174515235457,0.6231578947368421,0.6221606648199446,0.6210526315789474,0.6221606648199446,0.6223822714681441,0.6228254847645429,0.6228254847645429,0.6260387811634349,0.6249307479224376,0.6279224376731302,0.6270360110803324,0.6262603878116344,0.6253739612188366,0.6251523545706371,0.6259279778393352,0.6257063711911357,0.6270360110803324,0.6260387811634349,0.6233795013850415,0.6258171745152354,0.6250415512465374,0.6254847645429363,0.624376731301939,0.6248199445983379,0.626371191135734,0.6244875346260388,0.6242659279778393,0.6232686980609419,0.6272576177285318,0.6250415512465374,0.6251523545706371,0.6265927977839335,0.6267036011080332,0.6260387811634349,0.6262603878116344,0.626814404432133,0.6260387811634349,0.6253739612188366,0.6260387811634349,0.6262603878116344,0.6261495844875347,0.6254847645429363,0.6294736842105263,0.6304709141274238,0.6280332409972299,0.6259279778393352,0.6270360110803324,0.6262603878116344,0.6262603878116344,0.6278116343490304,0.6304709141274238,0.6303601108033241,0.6314681440443213,0.6309141274238227,0.6279224376731302,0.6284764542936289,0.6294736842105263,0.629584487534626,0.6301385041551246,0.6267036011080332,0.6291412742382272,0.6291412742382272,0.6283656509695291,0.6273684210526316,0.6277008310249308,0.6281440443213296,0.626814404432133,0.6253739612188366,0.625595567867036,0.6247091412742383,0.623601108033241,0.6238227146814405,0.6232686980609419,0.6278116343490304,0.6247091412742383,0.626371191135734,0.626371191135734,0.628808864265928,0.6284764542936289,0.6271468144044321,0.626371191135734,0.626814404432133,0.6280332409972299,0.626371191135734,0.6261495844875347,0.6261495844875347,0.6261495844875347,0.6261495844875347,0.6261495844875347,0.6265927977839335,0.6259279778393352,0.6260387811634349,0.6260387811634349,0.6259279778393352,0.6267036011080332,0.6269252077562327,0.6267036011080332,0.6267036011080332,0.6267036011080332,0.6264819944598338,0.6262603878116344,0.6264819944598338,0.6258171745152354,0.6258171745152354,0.6281440443213296,0.6294736842105263,0.6258171745152354,0.6252631578947369,0.6259279778393352,0.625595567867036,0.6224930747922438,0.6224930747922438,0.6209418282548477,0.6222714681440443,0.6213850415512465,0.621606648199446,0.6213850415512465,0.6214958448753463,0.6238227146814405,0.6237119113573407,0.6253739612188366,0.6241551246537396,0.6249307479224376,0.6248199445983379,0.6242659279778393,0.6253739612188366,0.6239335180055402,0.6249307479224376,0.6247091412742383,0.6247091412742383,0.6242659279778393,0.6249307479224376,0.6278116343490304,0.6284764542936289,0.626814404432133,0.6229362880886427,0.6226038781163435,0.6241551246537396,0.6231578947368421,0.6234903047091412,0.6249307479224376,0.621606648199446,0.6200554016620499,0.6224930747922438,0.6186149584487535,0.6187257617728532,0.6177285318559557,0.6171745152354571,0.616398891966759,0.6157340720221607,0.6155124653739612,0.6172853185595568,0.6172853185595568,0.6156232686980609,0.6193905817174515,0.6200554016620499,0.6219390581717451,0.6222714681440443,0.621163434903047,0.6226038781163435,0.6197229916897506,0.6193905817174515,0.619612188365651,0.6179501385041551,0.6181717451523546,0.6193905817174515,0.6192797783933518,0.619612188365651,0.6209418282548477,0.6209418282548477,0.6204986149584487,0.6202770083102493,0.6204986149584487,0.6207202216066482,0.6208310249307479,0.6210526315789474,0.6206094182825485,0.621606648199446,0.6230470914127424,0.6220498614958448,0.6222714681440443,0.6206094182825485,0.6200554016620499,0.6240443213296399,0.6204986149584487,0.6219390581717451,0.6191689750692521,0.619612188365651,0.6230470914127424,0.6252631578947369,0.6229362880886427,0.6250415512465374,0.6212742382271468,0.6201662049861496,0.6219390581717451,0.6209418282548477,0.6234903047091412,0.6226038781163435,0.6208310249307479,0.6217174515235457,0.6204986149584487,0.6234903047091412,0.6230470914127424,0.6267036011080332,0.6267036011080332,0.6273684210526316,0.6252631578947369,0.6272576177285318,0.626814404432133,0.627590027700831,0.6259279778393352,0.6274792243767313,0.626814404432133,0.6264819944598338,0.6252631578947369,0.6249307479224376,0.6253739612188366,0.6261495844875347,0.6257063711911357,0.6251523545706371,0.6254847645429363,0.626371191135734,0.6259279778393352,0.6250415512465374,0.6247091412742383,0.6250415512465374,0.6261495844875347,0.6262603878116344,0.6261495844875347,0.6258171745152354,0.6253739612188366,0.6253739612188366,0.6232686980609419,0.6244875346260388,0.6240443213296399,0.6233795013850415,0.6248199445983379,0.6247091412742383,0.6260387811634349,0.6245983379501385,0.6249307479224376,0.6253739612188366,0.6247091412742383,0.6247091412742383,0.6249307479224376,0.6242659279778393,0.6250415512465374,0.624376731301939,0.6247091412742383,0.6251523545706371,0.6247091412742383,0.6261495844875347,0.6261495844875347,0.6250415512465374,0.6247091412742383,0.6251523545706371,0.6254847645429363,0.6254847645429363,0.6254847645429363,0.6264819944598338,0.6265927977839335,0.626814404432133,0.626814404432133,0.626814404432133,0.626814404432133,0.626814404432133,0.626814404432133,0.6265927977839335,0.6265927977839335,0.6260387811634349,0.6267036011080332,0.6267036011080332,0.6239335180055402,0.6230470914127424,0.6259279778393352,0.6259279778393352,0.6233795013850415,0.6240443213296399,0.6241551246537396,0.624376731301939,0.6247091412742383,0.6253739612188366,0.6231578947368421,0.6242659279778393,0.6220498614958448,0.6231578947368421,0.6212742382271468,0.6212742382271468,0.6218282548476455,0.6209418282548477,0.6227146814404432,0.6217174515235457,0.621163434903047,0.6223822714681441,0.6221606648199446,0.6230470914127424,0.6213850415512465,0.6220498614958448,0.6223822714681441,0.6229362880886427,0.6217174515235457,0.6217174515235457,0.6217174515235457,0.6212742382271468,0.621163434903047,0.6227146814404432,0.6222714681440443,0.6232686980609419,0.6222714681440443,0.6222714681440443,0.6240443213296399,0.6238227146814405,0.6230470914127424,0.6229362880886427,0.6229362880886427,0.6222714681440443,0.6213850415512465,0.6222714681440443,0.6223822714681441,0.621163434903047,0.6219390581717451,0.6223822714681441,0.6223822714681441,0.6220498614958448,0.6220498614958448,0.6221606648199446,0.621606648199446,0.6213850415512465,0.623601108033241,0.6213850415512465,0.6222714681440443,0.6217174515235457,0.6217174515235457,0.6217174515235457,0.6210526315789474,0.6210526315789474,0.6200554016620499,0.6204986149584487,0.6214958448753463,0.6214958448753463,0.6219390581717451,0.6206094182825485,0.6219390581717451,0.6221606648199446,0.6223822714681441,0.6223822714681441,0.6223822714681441,0.6223822714681441,0.6223822714681441,0.6223822714681441,0.6223822714681441,0.6223822714681441,0.6223822714681441,0.6223822714681441,0.6221606648199446,0.6217174515235457,0.6217174515235457,0.6217174515235457,0.6217174515235457,0.6217174515235457,0.6222714681440443,0.6220498614958448,0.6220498614958448,0.6220498614958448,0.6220498614958448,0.6220498614958448,0.6220498614958448,0.6220498614958448,0.6220498614958448,0.6220498614958448,0.6228254847645429,0.6229362880886427,0.6209418282548477,0.6201662049861496,0.6201662049861496,0.621606648199446,0.6228254847645429,0.6228254847645429,0.6237119113573407,0.6228254847645429,0.6231578947368421,0.6224930747922438,0.6227146814404432,0.6214958448753463,0.6228254847645429,0.6221606648199446,0.6241551246537396,0.6247091412742383,0.6254847645429363,0.6265927977839335,0.6245983379501385,0.6254847645429363,0.6253739612188366,0.6279224376731302,0.6265927977839335,0.6252631578947369,0.6247091412742383,0.6258171745152354,0.6259279778393352,0.6260387811634349,0.6239335180055402,0.6223822714681441,0.6229362880886427,0.6219390581717451,0.6221606648199446,0.6217174515235457,0.6228254847645429,0.6220498614958448,0.6224930747922438,0.6234903047091412,0.6212742382271468,0.6261495844875347,0.6257063711911357,0.6252631578947369,0.6260387811634349,0.6271468144044321,0.6261495844875347,0.6264819944598338,0.6247091412742383,0.6277008310249308,0.6269252077562327,0.6251523545706371,0.6250415512465374,0.6271468144044321,0.6274792243767313,0.6278116343490304,0.6279224376731302,0.6280332409972299,0.6273684210526316,0.6239335180055402,0.6269252077562327,0.626371191135734,0.6231578947368421,0.6245983379501385,0.6245983379501385,0.6273684210526316,0.627590027700831,0.6269252077562327,0.6277008310249308,0.6282548476454294,0.6279224376731302,0.6290304709141274,0.6304709141274238,0.6298060941828255,0.6314681440443213,0.6319113573407202,0.6270360110803324,0.6260387811634349,0.6254847645429363,0.6242659279778393,0.6260387811634349,0.6241551246537396,0.6260387811634349,0.6249307479224376,0.6231578947368421,0.6239335180055402,0.6228254847645429,0.6231578947368421,0.6264819944598338,0.624376731301939,0.6227146814404432,0.6232686980609419,0.6232686980609419,0.6241551246537396,0.6237119113573407,0.6258171745152354,0.6258171745152354,0.6233795013850415,0.6231578947368421,0.6233795013850415,0.623601108033241,0.6234903047091412,0.6227146814404432,0.6218282548476455,0.6204986149584487,0.621606648199446,0.621606648199446,0.6202770083102493,0.6208310249307479,0.6223822714681441,0.6207202216066482,0.621606648199446,0.6253739612188366,0.6227146814404432,0.6218282548476455,0.6222714681440443,0.6230470914127424,0.6244875346260388,0.6248199445983379,0.6248199445983379,0.6242659279778393,0.6231578947368421,0.6227146814404432,0.6233795013850415,0.6250415512465374,0.6259279778393352,0.6261495844875347,0.6267036011080332,0.626371191135734,0.6245983379501385,0.6259279778393352,0.6234903047091412,0.6234903047091412,0.6232686980609419,0.624376731301939,0.6234903047091412,0.6231578947368421,0.6241551246537396,0.6233795013850415,0.6238227146814405,0.6260387811634349,0.6247091412742383,0.6265927977839335,0.626814404432133,0.6279224376731302,0.6283656509695291,0.6293628808864266,0.6265927977839335,0.6277008310249308,0.6274792243767313,0.6279224376731302,0.6279224376731302,0.6279224376731302,0.629584487534626,0.629584487534626,0.629584487534626,0.629584487534626,0.6302493074792244,0.6274792243767313,0.6300277008310249,0.6300277008310249,0.6289196675900277,0.628808864265928,0.6284764542936289,0.6278116343490304,0.627590027700831,0.6282548476454294,0.627590027700831,0.6296952908587258,0.6280332409972299,0.6280332409972299,0.6280332409972299,0.6280332409972299,0.6280332409972299,0.6282548476454294,0.6274792243767313,0.6284764542936289,0.6282548476454294,0.6278116343490304,0.6261495844875347,0.6270360110803324,0.626371191135734,0.6281440443213296,0.628808864265928,0.6279224376731302,0.6281440443213296,0.6285872576177285,0.6306925207756233,0.628808864265928,0.631578947368421,0.6310249307479224,0.630803324099723,0.6290304709141274,0.629584487534626,0.6299168975069253,0.6294736842105263,0.6298060941828255,0.6298060941828255,0.6298060941828255,0.6298060941828255,0.629584487534626,0.6289196675900277,0.6302493074792244,0.6293628808864266,0.6269252077562327,0.6278116343490304,0.6280332409972299,0.6278116343490304,0.6282548476454294,0.6282548476454294,0.6282548476454294,0.6270360110803324,0.6278116343490304,0.6273684210526316,0.6273684210526316,0.6258171745152354,0.6257063711911357,0.6273684210526316,0.6280332409972299,0.6274792243767313,0.6273684210526316,0.626371191135734,0.626371191135734,0.626371191135734,0.6282548476454294,0.6283656509695291,0.6289196675900277,0.627590027700831,0.6292520775623268,0.6267036011080332,0.6274792243767313,0.629584487534626,0.6281440443213296,0.6282548476454294,0.6265927977839335,0.6265927977839335,0.6265927977839335,0.6265927977839335,0.6265927977839335,0.6265927977839335,0.6265927977839335,0.6251523545706371,0.6262603878116344,0.626814404432133,0.6244875346260388,0.6247091412742383,0.625595567867036,0.6258171745152354,0.6258171745152354,0.6254847645429363,0.6271468144044321,0.626371191135734,0.6257063711911357,0.6262603878116344,0.6271468144044321,0.6285872576177285,0.6286980609418282,0.6292520775623268,0.6300277008310249,0.6300277008310249,0.6300277008310249,0.6294736842105263,0.6283656509695291,0.6294736842105263,0.6264819944598338,0.6277008310249308,0.628808864265928,0.6274792243767313,0.6265927977839335,0.6264819944598338,0.6260387811634349,0.6253739612188366,0.6253739612188366,0.6253739612188366,0.625595567867036,0.6270360110803324,0.6270360110803324,0.6270360110803324,0.6270360110803324,0.6272576177285318,0.6272576177285318,0.6272576177285318,0.6272576177285318,0.6272576177285318,0.6272576177285318,0.6272576177285318,0.627590027700831,0.627590027700831,0.6280332409972299,0.6280332409972299,0.6289196675900277,0.6284764542936289,0.6283656509695291,0.6291412742382272,0.6292520775623268,0.6298060941828255,0.6299168975069253,0.6293628808864266,0.6291412742382272,0.6282548476454294,0.6285872576177285,0.628808864265928,0.628808864265928,0.628808864265928,0.6285872576177285,0.628808864265928,0.6290304709141274,0.6290304709141274,0.6290304709141274,0.6290304709141274,0.6290304709141274,0.6290304709141274,0.628808864265928,0.6292520775623268,0.6292520775623268,0.628808864265928,0.6290304709141274,0.6299168975069253,0.6299168975069253,0.6296952908587258,0.6301385041551246,0.6301385041551246,0.6301385041551246,0.6301385041551246,0.6301385041551246,0.6301385041551246,0.6301385041551246,0.6296952908587258,0.6296952908587258,0.6292520775623268,0.6301385041551246,0.6296952908587258,0.6301385041551246,0.628808864265928,0.632797783933518,0.6323545706371191,0.6313573407202216,0.6309141274238227,0.627590027700831,0.629584487534626,0.6290304709141274,0.6291412742382272,0.6285872576177285,0.6282548476454294,0.6282548476454294,0.6312465373961219,0.6319113573407202,0.6282548476454294,0.6278116343490304,0.6257063711911357,0.6283656509695291,0.6281440443213296,0.6257063711911357,0.6259279778393352,0.6269252077562327,0.6254847645429363,0.6262603878116344,0.6264819944598338,0.6260387811634349,0.6262603878116344,0.6262603878116344,0.6249307479224376,0.6245983379501385,0.6264819944598338,0.6258171745152354,0.6261495844875347,0.626371191135734,0.6259279778393352,0.6254847645429363,0.6254847645429363,0.624376731301939,0.626371191135734,0.6259279778393352,0.6264819944598338,0.6258171745152354,0.6258171745152354,0.6260387811634349,0.6252631578947369,0.6260387811634349,0.6248199445983379,0.625595567867036,0.626371191135734,0.6258171745152354,0.6258171745152354,0.6251523545706371,0.6251523545706371,0.6251523545706371,0.6251523545706371,0.6244875346260388,0.6244875346260388,0.6244875346260388,0.6244875346260388,0.6244875346260388,0.6242659279778393,0.6242659279778393,0.6242659279778393,0.6244875346260388,0.6233795013850415,0.6231578947368421,0.6229362880886427,0.625595567867036,0.6254847645429363,0.6254847645429363,0.6252631578947369,0.6254847645429363,0.6257063711911357,0.6270360110803324,0.6258171745152354,0.6258171745152354,0.6258171745152354,0.6253739612188366,0.6253739612188366,0.6258171745152354,0.6252631578947369,0.625595567867036,0.6264819944598338,0.6280332409972299,0.6273684210526316,0.6277008310249308,0.6272576177285318,0.6265927977839335,0.6274792243767313,0.6270360110803324,0.6265927977839335,0.6253739612188366,0.6249307479224376,0.6257063711911357,0.6267036011080332,0.6264819944598338,0.6264819944598338,0.6257063711911357,0.6257063711911357,0.6262603878116344,0.6278116343490304,0.6264819944598338,0.6265927977839335,0.6285872576177285,0.6267036011080332,0.6267036011080332,0.6267036011080332,0.6279224376731302,0.6262603878116344,0.6260387811634349,0.627590027700831,0.6265927977839335,0.626814404432133,0.6271468144044321,0.6273684210526316,0.6273684210526316,0.6273684210526316,0.627590027700831,0.6271468144044321,0.6271468144044321,0.6271468144044321,0.6271468144044321,0.6271468144044321,0.6264819944598338,0.6264819944598338,0.6264819944598338,0.6264819944598338,0.6264819944598338,0.6264819944598338,0.6264819944598338,0.6264819944598338,0.6264819944598338,0.6264819944598338,0.6264819944598338,0.6264819944598338,0.6264819944598338,0.6264819944598338,0.6264819944598338,0.6264819944598338,0.6264819944598338,0.6254847645429363,0.6271468144044321,0.6271468144044321,0.6262603878116344,0.6262603878116344,0.626814404432133,0.6277008310249308,0.6271468144044321,0.6261495844875347,0.6264819944598338,0.6270360110803324,0.6282548476454294,0.6278116343490304,0.627590027700831,0.627590027700831,0.6277008310249308,0.6283656509695291,0.6283656509695291,0.6281440443213296,0.6270360110803324,0.6286980609418282,0.6286980609418282,0.6286980609418282,0.6286980609418282,0.6286980609418282,0.6286980609418282,0.6286980609418282,0.6286980609418282,0.6286980609418282,0.6286980609418282,0.6286980609418282,0.6284764542936289,0.6286980609418282,0.6286980609418282,0.6274792243767313,0.6278116343490304,0.6271468144044321,0.6264819944598338,0.6271468144044321,0.6253739612188366,0.6247091412742383,0.6265927977839335,0.6270360110803324,0.6262603878116344,0.6261495844875347,0.6250415512465374,0.6271468144044321,0.6262603878116344,0.6273684210526316,0.6281440443213296,0.6282548476454294,0.6274792243767313,0.6274792243767313,0.6270360110803324,0.6278116343490304,0.6262603878116344,0.6267036011080332,0.6264819944598338,0.6270360110803324,0.6261495844875347,0.6271468144044321,0.6251523545706371,0.6270360110803324,0.6262603878116344,0.6044321329639889,0.6036565096952908,0.6047645429362881,0.6053185595567867,0.6086426592797783,0.6146260387811634,0.6119667590027701,0.611191135734072,0.613628808864266,0.6127423822714682,0.6127423822714682,0.6109695290858725,0.610415512465374,0.6098614958448754,0.6060941828254848,0.6070914127423823,0.6062049861495845,0.6057617728531856,0.6067590027700831,0.6075346260387812,0.6063157894736843,0.6068698060941828,0.6068698060941828,0.6078670360110804,0.6065373961218836,0.6060941828254848,0.6064265927977839,0.6076454293628809,0.6055401662049862,0.6069806094182826,0.6065373961218836,0.6063157894736843,0.6057617728531856,0.6070914127423823,0.6069806094182826,0.6066481994459834,0.6062049861495845,0.60797783933518,0.6069806094182826,0.6069806094182826,0.6069806094182826,0.6069806094182826,0.6069806094182826,0.6069806094182826,0.6069806094182826,0.6069806094182826,0.6073130193905817,0.6074238227146814,0.6062049861495845,0.6074238227146814,0.6088642659279778,0.6100831024930748,0.6081994459833795,0.607202216066482,0.6088642659279778,0.6089750692520776,0.6086426592797783,0.6094182825484764,0.6094182825484764,0.610415512465374,0.6090858725761773,0.6078670360110804,0.6087534626038781,0.608421052631579,0.6077562326869806,0.6049861495844875,0.6028808864265928,0.6045429362880886,0.6049861495844875,0.605983379501385,0.6068698060941828,0.6037673130193906,0.6050969529085872,0.6053185595567867,0.6057617728531856,0.6057617728531856,0.6057617728531856,0.6067590027700831,0.6087534626038781,0.6109695290858725,0.6081994459833795,0.609196675900277,0.6060941828254848,0.6045429362880886,0.6088642659279778,0.6069806094182826,0.6069806094182826,0.6093074792243768,0.6078670360110804,0.6095290858725761,0.6076454293628809,0.6060941828254848,0.6060941828254848,0.6066481994459834,0.6063157894736843,0.6065373961218836,0.6065373961218836,0.6065373961218836,0.6067590027700831,0.6065373961218836,0.6075346260387812,0.6069806094182826,0.607202216066482,0.607202216066482,0.6076454293628809,0.6073130193905817,0.6080886426592798,0.6080886426592798,0.60797783933518,0.6075346260387812,0.6073130193905817,0.6068698060941828,0.607202216066482,0.607202216066482,0.6081994459833795,0.6068698060941828,0.6078670360110804,0.6077562326869806,0.6077562326869806,0.6077562326869806,0.6077562326869806,0.607202216066482,0.6089750692520776,0.6074238227146814,0.607202216066482,0.6076454293628809,0.6093074792243768,0.6093074792243768,0.6069806094182826,0.6069806094182826,0.6069806094182826,0.6069806094182826,0.6069806094182826,0.6069806094182826,0.6056509695290859,0.6056509695290859,0.6058725761772853,0.6056509695290859,0.6058725761772853,0.6056509695290859,0.6056509695290859,0.6063157894736843,0.6063157894736843,0.6073130193905817,0.6060941828254848
1.0,1.0,0.9966759002770084,0.9955678670360111,0.9955678670360111,0.9955678670360111,0.9955678670360111,0.9944598337950139,0.9949030470914128,0.9949030470914128,0.9949030470914128,0.9946814404432133,0.9935734072022161,0.9935734072022161,0.9935734072022161,0.9937950138504155,0.9879224376731301,0.9892520775623269,0.9886980609418282,0.9885872576177285,0.986814404432133,0.978393351800554,0.9770637119113573,0.9804986149584487,0.979168975069252,0.9714127423822715,0.974404432132964,0.9778393351800554,0.9778393351800554,0.9776177285318559,0.9780609418282549,0.9752908587257618,0.9680886426592797,0.9708587257617729,0.9717451523545706,0.9595567867036011,0.9591135734072023,0.9572299168975069,0.9598891966759002,0.9598891966759002,0.9623268698060942,0.9654293628808864,0.9645429362880886,0.9594459833795014,0.9552354570637119,0.9590027700831025,0.9576731301939058,0.9559002770083103,0.9559002770083103,0.9559002770083103,0.9552354570637119,0.9552354570637119,0.9552354570637119,0.9561218836565097,0.9572299168975069,0.9572299168975069,0.9573407202216067,0.958005540166205,0.9559002770083103,0.9559002770083103,0.9559002770083103,0.9559002770083103,0.958005540166205,0.9559002770083103,0.9559002770083103,0.9552354570637119,0.9552354570637119,0.954792243767313,0.9539058171745153,0.9539058171745153,0.9539058171745153,0.9563434903047091,0.9551246537396122,0.9557894736842105,0.9557894736842105,0.95601108033241,0.9552354570637119,0.9552354570637119,0.9552354570637119,0.9552354570637119,0.9553462603878117,0.9557894736842105,0.9566759002770083,0.955567867036011,0.955567867036011,0.955567867036011,0.9540166204986149,0.9564542936288088,0.9562326869806094,0.9562326869806094,0.9564542936288088,0.9562326869806094,0.9562326869806094,0.9562326869806094,0.9562326869806094,0.9562326869806094,0.9562326869806094,0.9562326869806094,0.9562326869806094,0.9562326869806094,0.9562326869806094,0.9562326869806094,0.9562326869806094,0.9562326869806094,0.9562326869806094,0.9562326869806094,0.9562326869806094,0.9562326869806094,0.9562326869806094,0.9562326869806094,0.9562326869806094,0.9562326869806094,0.9562326869806094,0.9562326869806094,0.9562326869806094,0.9562326869806094,0.9562326869806094,0.9562326869806094,0.9562326869806094,0.9562326869806094,0.9562326869806094,0.9562326869806094,0.9562326869806094,0.9562326869806094,0.9562326869806094,0.9562326869806094,0.9562326869806094,0.9562326869806094,0.95601108033241,0.95601108033241,0.95601108033241,0.9557894736842105,0.9557894736842105,0.9557894736842105,0.9565650969529086,0.9567867036011081,0.9562326869806094,0.9562326869806094,0.9562326869806094,0.9562326869806094,0.9568975069252078,0.9576731301939058,0.9566759002770083,0.939612188365651,0.9345152354570637,0.9366204986149584,0.9380609418282548,0.9355124653739613,0.9358448753462604,0.9359556786703601,0.9359556786703601,0.9368421052631579,0.9368421052631579,0.9368421052631579,0.9368421052631579,0.9368421052631579,0.9368421052631579,0.9368421052631579,0.9368421052631579,0.938393351800554,0.938393351800554,0.938393351800554,0.938393351800554,0.938393351800554,0.938393351800554,0.938393351800554,0.938393351800554,0.938393351800554,0.938393351800554,0.938393351800554,0.938393351800554,0.938393351800554,0.938393351800554,0.938393351800554,0.938393351800554,0.938393351800554,0.938393351800554,0.938393351800554,0.938393351800554,0.938393351800554,0.938393351800554,0.938393351800554,0.938393351800554,0.938393351800554,0.938393351800554,0.938393351800554,0.938393351800554,0.938393351800554,0.938393351800554,0.9368421052631579,0.9368421052631579,0.9368421052631579,0.9368421052631579,0.9368421052631579,0.9368421052631579,0.9368421052631579,0.9368421052631579,0.9368421052631579,0.9368421052631579,0.9368421052631579,0.9368421052631579,0.9368421052631579,0.9368421052631579,0.9368421052631579,0.9368421052631579,0.9368421052631579,0.9368421052631579,0.9368421052631579,0.9368421052631579,0.9368421052631579,0.9368421052631579,0.9368421052631579,0.9368421052631579,0.9368421052631579,0.9368421052631579,0.9368421052631579,0.9368421052631579,0.9368421052631579,0.9368421052631579,0.9368421052631579,0.9368421052631579,0.9368421052631579,0.9368421052631579,0.9368421052631579,0.9368421052631579,0.9368421052631579,0.9368421052631579,0.9368421052631579,0.9368421052631579,0.9368421052631579,0.9368421052631579,0.9368421052631579,0.9368421052631579,0.9368421052631579,0.9368421052631579,0.9368421052631579,0.9368421052631579,0.9368421052631579,0.9368421052631579,0.9368421052631579,0.9368421052631579,0.9368421052631579,0.9368421052631579,0.9368421052631579,0.9368421052631579,0.9368421052631579,0.9368421052631579,0.9368421052631579,0.9368421052631579,0.9368421052631579,0.9368421052631579,0.9368421052631579,0.9368421052631579,0.9368421052631579,0.9368421052631579,0.9368421052631579,0.9368421052631579,0.9368421052631579,0.9368421052631579,0.9368421052631579,0.9368421052631579,0.9368421052631579,0.9368421052631579,0.9368421052631579,0.9368421052631579,0.9368421052631579,0.9368421052631579,0.9368421052631579,0.9368421052631579,0.9368421052631579,0.9368421052631579,0.9368421052631579,0.9368421052631579,0.9368421052631579,0.9368421052631579,0.9368421052631579,0.9368421052631579,0.9368421052631579,0.9368421052631579,0.9368421052631579,0.9368421052631579,0.9368421052631579,0.9368421052631579,0.9368421052631579,0.9368421052631579,0.9368421052631579,0.9368421052631579,0.9368421052631579,0.9368421052631579,0.9368421052631579,0.9368421052631579,0.9368421052631579,0.9368421052631579,0.9368421052631579,0.9368421052631579,0.9368421052631579,0.9368421052631579,0.9368421052631579,0.9368421052631579,0.9368421052631579,0.9368421052631579,0.9368421052631579,0.9368421052631579,0.9368421052631579,0.9368421052631579,0.9368421052631579,0.9368421052631579,0.9368421052631579,0.9368421052631579,0.9368421052631579,0.9368421052631579,0.9368421052631579,0.9368421052631579,0.936398891966759,0.9380609418282548,0.9385041551246538,0.9380609418282548,0.9368421052631579,0.9368421052631579,0.9368421052631579,0.9368421052631579,0.9368421052631579,0.9372853185595568,0.9372853185595568,0.9372853185595568,0.9372853185595568,0.9372853185595568,0.9372853185595568,0.9372853185595568,0.9372853185595568,0.9372853185595568,0.9372853185595568,0.9372853185595568,0.9372853185595568,0.9375069252077562,0.9375069252077562,0.9375069252077562,0.9375069252077562,0.9375069252077562,0.9375069252077562,0.9375069252077562,0.9375069252077562,0.9375069252077562,0.9375069252077562,0.9375069252077562,0.9375069252077562,0.9372853185595568,0.9372853185595568,0.9379501385041551,0.9379501385041551,0.9379501385041551,0.9379501385041551,0.9372853185595568,0.9372853185595568,0.9372853185595568,0.9372853185595568,0.9372853185595568,0.9382825484764543,0.9385041551246538,0.9370637119113573,0.9370637119113573,0.9372853185595568,0.9372853185595568,0.9372853185595568,0.9378393351800554,0.9378393351800554,0.9378393351800554,0.9372853185595568,0.9372853185595568,0.9375069252077562,0.9375069252077562,0.9375069252077562,0.9375069252077562,0.9375069252077562,0.9375069252077562,0.9375069252077562,0.9375069252077562,0.9375069252077562,0.9375069252077562,0.9372853185595568,0.9372853185595568,0.9372853185595568,0.9372853185595568,0.9372853185595568,0.9372853185595568,0.9372853185595568,0.9372853185595568,0.9372853185595568,0.9372853185595568,0.9372853185595568,0.9372853185595568,0.9372853185595568,0.9380609418282548,0.9372853185595568,0.9372853185595568,0.9372853185595568,0.9372853185595568,0.9372853185595568,0.9372853185595568,0.9372853185595568,0.9372853185595568,0.9377285318559557,0.9360664819944599,0.9362880886426593,0.9362880886426593,0.9362880886426593,0.9362880886426593,0.9367313019390582,0.9355124653739613,0.9350692520775623,0.9335180055401662,0.9335180055401662,0.934404432132964,0.934404432132964,0.934404432132964,0.934404432132964,0.934404432132964,0.9341828254847645,0.9341828254847645,0.9341828254847645,0.9341828254847645,0.9341828254847645,0.9341828254847645,0.9341828254847645,0.9341828254847645,0.9341828254847645,0.9341828254847645,0.9341828254847645,0.9341828254847645,0.9303047091412743,0.9303047091412743,0.9321883656509695,0.9339612188365651,0.9330747922437673,0.9330747922437673,0.9330747922437673,0.9330747922437673,0.9336288088642659,0.9300831024930748,0.9340720221606649,0.9314127423822715,0.931191135734072,0.9314127423822715,0.9313019390581717,0.9315235457063712,0.9315235457063712,0.9308587257617729,0.9309695290858726,0.9322991689750693,0.9307479224376731,0.9309695290858726,0.93196675900277,0.9322991689750693,0.9330747922437673,0.9320775623268698,0.9325207756232687,0.9325207756232687,0.9325207756232687,0.9325207756232687,0.9325207756232687,0.9325207756232687,0.9325207756232687,0.9299722991689751,0.9307479224376731,0.931191135734072,0.9309695290858726,0.9307479224376731,0.9307479224376731,0.9309695290858726,0.9309695290858726,0.9298614958448753,0.9294182825484765,0.929639889196676,0.929196675900277,0.9294182825484765,0.9294182825484765,0.9294182825484765,0.9294182825484765,0.9294182825484765,0.9294182825484765,0.9294182825484765,0.9294182825484765,0.9294182825484765,0.9294182825484765,0.9294182825484765,0.9294182825484765,0.9297506925207756,0.9303047091412743,0.9300831024930748,0.9303047091412743,0.9295290858725762,0.9295290858725762,0.9288642659279779,0.9305263157894736,0.9306371191135734,0.9305263157894736,0.9305263157894736,0.9306371191135734,0.9305263157894736,0.9299722991689751,0.9294182825484765,0.9299722991689751,0.9303047091412743,0.9297506925207756,0.9294182825484765,0.9309695290858726,0.9297506925207756,0.9297506925207756,0.9297506925207756,0.9297506925207756,0.9297506925207756,0.9295290858725762,0.9288642659279779,0.9226592797783933,0.9224376731301939,0.9231024930747922,0.9217728531855955,0.9214404432132964,0.921218836565097,0.921218836565097,0.921218836565097,0.9207756232686981,0.9162326869806094,0.9188919667590028,0.9207756232686981,0.9209972299168975,0.9191135734072022,0.9188919667590028,0.9188919667590028,0.9185595567867036,0.9175623268698061,0.92,0.92,0.92,0.9203324099722991,0.9198891966759003,0.9208864265927977,0.9209972299168975,0.9209972299168975,0.9204432132963989,0.9198891966759003,0.9198891966759003,0.92,0.9197783933518006,0.9197783933518006,0.9197783933518006,0.9197783933518006,0.9197783933518006,0.9197783933518006,0.9197783933518006,0.9197783933518006,0.9197783933518006,0.9197783933518006,0.9197783933518006,0.9197783933518006,0.9197783933518006,0.9197783933518006,0.9197783933518006,0.9197783933518006,0.9197783933518006,0.9204432132963989,0.918781163434903,0.9178947368421052,0.9178947368421052,0.9178947368421052,0.9178947368421052,0.9178947368421052,0.9178947368421052,0.9178947368421052,0.9178947368421052,0.9178947368421052,0.9178947368421052,0.9178947368421052,0.9178947368421052,0.9190027700831025,0.9190027700831025,0.9190027700831025,0.9178947368421052,0.9178947368421052,0.9178947368421052,0.9178947368421052,0.9178947368421052,0.9178947368421052,0.9178947368421052,0.9178947368421052,0.9196675900277008,0.918781163434903,0.9188919667590028,0.9201108033240997,0.9201108033240997,0.921218836565097,0.9171191135734073,0.9166759002770083,0.9172299168975069,0.9168975069252078,0.9170083102493075,0.9176731301939058,0.9175623268698061,0.9168975069252078,0.9162326869806094,0.916786703601108,0.9176731301939058,0.9161218836565097,0.9155678670360111,0.9156786703601109,0.9156786703601109,0.9156786703601109,0.9156786703601109,0.9156786703601109,0.9156786703601109,0.9156786703601109,0.9165650969529086,0.9165650969529086,0.9165650969529086,0.9165650969529086,0.9165650969529086,0.9165650969529086,0.9165650969529086,0.9165650969529086,0.9165650969529086,0.9165650969529086,0.9155678670360111,0.9166759002770083,0.9166759002770083,0.9166759002770083,0.9172299168975069,0.9165650969529086,0.91601108033241,0.916786703601108,0.9152354570637119,0.9141274238227147,0.9155678670360111,0.9144598337950138,0.9149030470914128,0.9150138504155124,0.9149030470914128,0.9156786703601109,0.9157894736842105,0.9157894736842105,0.9143490304709141,0.9133518005540167,0.9133518005540167,0.9133518005540167,0.9133518005540167,0.9133518005540167,0.9133518005540167,0.9133518005540167,0.9129085872576177,0.913573407202216,0.9137950138504155,0.9153462603878116,0.913573407202216,0.9137950138504155,0.9132409972299169,0.9132409972299169,0.9132409972299169,0.9132409972299169,0.9132409972299169,0.9132409972299169,0.9132409972299169,0.9132409972299169,0.9132409972299169,0.9136842105263158,0.9141274238227147,0.9146814404432133,0.9153462603878116,0.9146814404432133,0.9139058171745152,0.9130193905817174,0.9153462603878116,0.9153462603878116,0.9149030470914128,0.9155678670360111,0.9145706371191136,0.9153462603878116,0.9165650969529086,0.9139058171745152,0.9139058171745152,0.9141274238227147,0.9130193905817174,0.9070360110803324,0.9114681440443213,0.911578947368421,0.910803324099723,0.911578947368421,0.9130193905817174,0.9120221606648199,0.9110249307479225,0.9091412742382271,0.9062603878116343,0.9059279778393352,0.9062603878116343,0.9072576177285319,0.9058171745152355,0.9050415512465374,0.906814404432133,0.8991689750692521,0.9042659279778393,0.9033795013850415,0.9029362880886427,0.9027146814404432,0.9033795013850415,0.9033795013850415,0.9031578947368422,0.903601108033241,0.9040443213296399,0.906814404432133,0.9029362880886427,0.9029362880886427,0.9037119113573407,0.9014958448753463,0.9042659279778393,0.9057063711911357,0.9039335180055401,0.9045983379501386,0.9043767313019391,0.9043767313019391,0.9019390581717451,0.9022714681440444,0.9024930747922437,0.9022714681440444,0.9018282548476454,0.9027146814404432,0.9017174515235457,0.9007202216066482,0.9022714681440444,0.9014958448753463,0.9023822714681441,0.9027146814404432,0.9023822714681441,0.9023822714681441,0.9023822714681441,0.9013850415512465,0.9017174515235457,0.9018282548476454,0.8998337950138504,0.9017174515235457,0.8998337950138504,0.9002770083102493,0.9004986149584487,0.9004986149584487,0.9004986149584487,0.9004986149584487,0.9004986149584487,0.900831024930748,0.9006094182825485,0.8997229916897507,0.9019390581717451,0.900831024930748,0.900831024930748,0.900831024930748,0.900831024930748,0.900831024930748,0.900387811634349,0.900387811634349,0.900387811634349,0.900387811634349,0.900387811634349,0.900387811634349,0.900387811634349,0.900387811634349,0.900387811634349,0.900387811634349,0.900831024930748,0.9000554016620499,0.9007202216066482,0.8997229916897507,0.9002770083102493,0.9002770083102493,0.9004986149584487,0.9004986149584487,0.9000554016620499,0.9004986149584487,0.9004986149584487,0.9004986149584487,0.9004986149584487,0.9004986149584487,0.9004986149584487,0.9004986149584487,0.9004986149584487,0.9004986149584487,0.9004986149584487,0.9004986149584487,0.9004986149584487,0.9004986149584487,0.9004986149584487,0.9004986149584487,0.9004986149584487,0.9004986149584487,0.9004986149584487,0.9004986149584487,0.9004986149584487,0.9004986149584487,0.9004986149584487,0.9004986149584487,0.9004986149584487,0.9004986149584487,0.9004986149584487,0.9004986149584487,0.9004986149584487,0.9004986149584487,0.9004986149584487,0.9004986149584487,0.9009418282548477,0.9009418282548477,0.9013850415512465,0.9009418282548477,0.9018282548476454,0.9020498614958449,0.9020498614958449,0.9007202216066482,0.9007202216066482,0.9009418282548477,0.9007202216066482,0.9019390581717451,0.9006094182825485,0.9004986149584487,0.9011634349030471,0.9011634349030471,0.8992797783933518,0.8997229916897507,0.8997229916897507,0.9001662049861496,0.8980609418282548,0.8990581717451523,0.8982825484764543,0.8988365650969529,0.8975069252077562,0.8982825484764543,0.8970637119113574,0.8975069252077562,0.8979501385041552,0.897617728531856,0.8978393351800554,0.898393351800554,0.8978393351800554,0.897617728531856,0.8978393351800554,0.8968421052631579,0.8961772853185596,0.8978393351800554,0.8971745152354571,0.8979501385041552,0.8955124653739612,0.896398891966759,0.8968421052631579,0.8968421052631579,0.8968421052631579,0.8966204986149584,0.8972853185595567,0.8967313019390581,0.8949584487534626,0.8972853185595567,0.8969529085872576,0.8950692520775623,0.8955124653739612,0.8952908587257618,0.8962880886426593,0.8957340720221607,0.8959556786703601,0.8959556786703601,0.8970637119113574,0.8998337950138504,0.8978393351800554,0.8954016620498615,0.895180055401662,0.8981717451523545,0.8982825484764543,0.8952908587257618,0.8971745152354571,0.897617728531856,0.8968421052631579,0.8957340720221607,0.8959556786703601,0.8958448753462603,0.8938504155124654,0.8938504155124654,0.8945152354570637,0.8957340720221607,0.8952908587257618,0.8952908587257618,0.8952908587257618,0.8952908587257618,0.8952908587257618,0.8955124653739612,0.8960664819944598,0.8982825484764543,0.8999445983379502,0.8990581717451523,0.8990581717451523,0.8987257617728532,0.8998337950138504,0.8997229916897507,0.9007202216066482,0.8997229916897507,0.9007202216066482,0.9000554016620499,0.8993905817174516,0.8991689750692521,0.8991689750692521,0.8991689750692521,0.8991689750692521,0.8991689750692521,0.8993905817174516,0.8996121883656509,0.8998337950138504,0.8998337950138504,0.8991689750692521,0.8985041551246538,0.8985041551246538,0.8985041551246538,0.8985041551246538,0.8987257617728532,0.8985041551246538,0.8985041551246538,0.8998337950138504,0.9012742382271468,0.9009418282548477,0.8996121883656509,0.9000554016620499,0.9007202216066482,0.8997229916897507,0.9009418282548477,0.8990581717451523,0.901606648199446,0.8996121883656509,0.9004986149584487,0.900387811634349,0.8998337950138504,0.9006094182825485,0.901606648199446,0.900831024930748,0.9027146814404432,0.9027146814404432,0.9018282548476454,0.9021606648199446,0.9014958448753463,0.9014958448753463,0.9014958448753463,0.9014958448753463,0.9017174515235457,0.900831024930748,0.901606648199446,0.901606648199446,0.901606648199446,0.9011634349030471,0.9001662049861496,0.8999445983379502,0.9001662049861496,0.9001662049861496,0.9001662049861496,0.9001662049861496,0.9001662049861496,0.8993905817174516,0.8989473684210526,0.8689196675900277,0.8683656509695291,0.868808864265928,0.8690304709141274,0.868808864265928,0.868808864265928,0.8696952908587258,0.8685872576177285,0.8686980609418282,0.8686980609418282,0.8686980609418282,0.8686980609418282,0.8686980609418282,0.8698060941828255,0.8654847645429363,0.8653739612188366,0.8630470914127424,0.864376731301939,0.8633795013850416,0.8638227146814405,0.8774515235457063,0.877229916897507,0.8766759002770083,0.877229916897507,0.877229916897507,0.877229916897507,0.877229916897507,0.877229916897507,0.8765650969529086,0.8763434903047091,0.8752354570637119,0.8737950138504155,0.874792243767313,0.8745706371191135,0.8741274238227147,0.8742382271468144,0.8741274238227147,0.872797783933518,0.8650415512465374,0.8713573407202216,0.8673684210526316,0.8690304709141274,0.8684764542936289,0.866814404432133,0.8670360110803325,0.8670360110803325,0.8661495844875347,0.8661495844875347,0.8665927977839335,0.8665927977839335,0.8658171745152354,0.8660387811634349,0.8681440443213296,0.8670360110803325,0.8716897506925207,0.8710249307479224,0.8645983379501385,0.8651523545706371,0.8640443213296399,0.8652631578947368,0.8661495844875347,0.8714681440443214,0.8679224376731302,0.869584487534626,0.8680332409972299,0.8694736842105263,0.8711357340720222,0.8706925207756233,0.869584487534626,0.870027700831025,0.8705817174515236,0.866371191135734,0.8681440443213296,0.8670360110803325,0.8694736842105263,0.8701385041551246,0.8684764542936289,0.8711357340720222,0.8710249307479224,0.8701385041551246,0.870027700831025,0.869584487534626,0.8722437673130193,0.87202216066482,0.8709141274238227,0.8694736842105263,0.8713573407202216,0.8713573407202216,0.870027700831025,0.8692520775623269,0.8696952908587258,0.8696952908587258,0.8714681440443214,0.8736842105263158,0.8736842105263158,0.8701385041551246,0.869584487534626,0.8701385041551246,0.8692520775623269,0.871578947368421,0.8694736842105263,0.8691412742382272,0.8705817174515236,0.8691412742382272,0.8694736842105263,0.8678116343490305,0.8679224376731302,0.8679224376731302,0.8679224376731302,0.8693628808864265,0.8694736842105263,0.8690304709141274,0.868808864265928,0.8692520775623269,0.8704709141274238,0.8662603878116344,0.8672576177285318,0.8682548476454294,0.8672576177285318,0.8653739612188366,0.8658171745152354,0.8652631578947368,0.8669252077562327,0.8679224376731302,0.8679224376731302,0.8678116343490305,0.8701385041551246,0.8686980609418282,0.8681440443213296,0.8681440443213296,0.8681440443213296,0.8685872576177285,0.8685872576177285,0.868808864265928,0.8678116343490305,0.8678116343490305,0.8678116343490305,0.8678116343490305,0.8678116343490305,0.8678116343490305,0.8665927977839335,0.867590027700831,0.8673684210526316,0.8678116343490305,0.8665927977839335,0.866814404432133,0.866814404432133,0.866814404432133,0.866814404432133,0.866814404432133,0.8665927977839335,0.8655955678670361,0.8655955678670361,0.8655955678670361,0.867590027700831,0.867590027700831,0.8670360110803325,0.864819944598338,0.8660387811634349,0.8672576177285318,0.8657063711911357,0.8671468144044321,0.8678116343490305,0.8680332409972299,0.8673684210526316,0.8682548476454294,0.8672576177285318,0.8670360110803325,0.8678116343490305,0.866371191135734,0.8672576177285318,0.8664819944598338,0.8667036011080332,0.8662603878116344,0.8660387811634349,0.8614958448753463,0.8623822714681441,0.8626038781163435,0.8626038781163435,0.8629362880886426,0.8603878116343491,0.8631578947368421,0.8600554016620499,0.8627146814404432,0.8638227146814405,0.8638227146814405,0.8608310249307479,0.8619390581717451,0.8611634349030471,0.8620498614958448,0.8620498614958448,0.8581717451523546,0.8595013850415513,0.8592797783933518,0.8592797783933518,0.8604986149584487,0.8540720221606648,0.848421052631579,0.8500831024930748,0.8501939058171745,0.8501939058171745,0.8538504155124653,0.8507479224376732,0.8509695290858725,0.8509695290858725,0.8505263157894737,0.8507479224376732,0.8499722991689751,0.8520775623268698,0.8493074792243768,0.8494182825484764,0.8498614958448754,0.8496398891966759,0.8515235457063712,0.8517451523545706,0.8515235457063712,0.8515235457063712,0.8515235457063712,0.8519667590027701,0.8519667590027701,0.8519667590027701,0.8532963988919667,0.854404432132964,0.8566204986149585,0.8540720221606648,0.8554016620498615,0.8530747922437674,0.8547368421052631,0.8524099722991689,0.8550692520775623,0.8542936288088643,0.8522991689750693,0.8521883656509696,0.8522991689750693,0.8518559556786703,0.8520775623268698,0.8516343490304709,0.8469806094182826,0.8496398891966759,0.8503047091412742,0.849196675900277,0.8501939058171745,0.8497506925207756,0.8490858725761773,0.8490858725761773,0.8495290858725761,0.849196675900277,0.8467590027700831,0.8481994459833795,0.8478670360110804,0.8486426592797784,0.8466481994459834,0.8472022160664819,0.8469806094182826,0.8480886426592797,0.8474238227146814,0.8494182825484764,0.8509695290858725,0.8487534626038781,0.8517451523545706,0.8516343490304709,0.8519667590027701,0.851191135734072,0.8510803324099723,0.8513019390581718,0.8506371191135734,0.8517451523545706,0.8508587257617729,0.8516343490304709,0.8520775623268698,0.8521883656509696,0.8518559556786703,0.8526315789473684,0.8526315789473684,0.8520775623268698,0.8518559556786703,0.8532963988919667,0.8526315789473684,0.8516343490304709,0.8529639889196676,0.853628808864266,0.8550692520775623,0.8546260387811634,0.8537396121883657,0.8530747922437674,0.851191135734072,0.851191135734072,0.8507479224376732,0.8507479224376732,0.8501939058171745,0.8501939058171745,0.8497506925207756,0.8495290858725761,0.8495290858725761,0.8501939058171745,0.849196675900277,0.8489750692520776,0.8497506925207756,0.8509695290858725,0.8515235457063712,0.8506371191135734,0.8505263157894737,0.8505263157894737,0.8500831024930748,0.8507479224376732,0.8507479224376732,0.8506371191135734,0.8503047091412742,0.8501939058171745,0.8507479224376732,0.8509695290858725,0.8500831024930748,0.8508587257617729,0.8519667590027701,0.8507479224376732,0.8509695290858725,0.8499722991689751,0.851191135734072,0.8517451523545706,0.8510803324099723,0.8520775623268698,0.8520775623268698,0.850415512465374,0.8530747922437674,0.8521883656509696,0.8520775623268698,0.8514127423822715,0.8524099722991689,0.8521883656509696,0.8530747922437674,0.8535180055401662,0.8507479224376732,0.8507479224376732,0.8507479224376732,0.8493074792243768,0.8493074792243768,0.8493074792243768,0.8486426592797784,0.8481994459833795,0.8481994459833795,0.8487534626038781,0.8490858725761773,0.851191135734072,0.8498614958448754,0.8503047091412742,0.851191135734072,0.8514127423822715,0.8514127423822715,0.8514127423822715,0.8514127423822715,0.851191135734072,0.8505263157894737,0.8505263157894737,0.8513019390581718,0.8499722991689751,0.8493074792243768,0.849196675900277,0.8500831024930748,0.849196675900277,0.8487534626038781,0.8489750692520776,0.851191135734072,0.8496398891966759,0.8498614958448754,0.8497506925207756,0.8495290858725761,0.8490858725761773,0.8524099722991689,0.850415512465374,0.8506371191135734,0.850415512465374,0.8503047091412742,0.8509695290858725,0.8514127423822715,0.8552908587257618,0.8496398891966759,0.8541828254847645,0.8528531855955679,0.8538504155124653,0.8527423822714681,0.8505263157894737,0.8489750692520776,0.8487534626038781,0.8480886426592797,0.8456509695290859,0.8463157894736842,0.8457617728531855,0.8493074792243768,0.8455401662049862,0.8455401662049862,0.8455401662049862,0.8454293628808864,0.8457617728531855,0.8455401662049862,0.8455401662049862,0.8455401662049862,0.8455401662049862,0.8455401662049862,0.8465373961218836,0.845983379501385,0.845983379501385,0.8455401662049862,0.8457617728531855,0.8455401662049862,0.8455401662049862,0.8458725761772853,0.8458725761772853,0.846426592797784,0.84797783933518,0.84797783933518,0.8476454293628809,0.8475346260387812,0.84797783933518,0.8468698060941828,0.8475346260387812,0.8481994459833795,0.8475346260387812,0.8477562326869806,0.8468698060941828,0.8474238227146814,0.848421052631579,0.8481994459833795,0.8486426592797784,0.8486426592797784,0.8486426592797784,0.8486426592797784,0.84797783933518,0.8465373961218836,0.851191135734072,0.8474238227146814,0.8473130193905817,0.8475346260387812,0.8474238227146814,0.8499722991689751,0.8487534626038781,0.8503047091412742,0.8507479224376732,0.8507479224376732,0.8509695290858725,0.8503047091412742,0.8535180055401662,0.8532963988919667,0.8497506925207756,0.8493074792243768,0.8493074792243768,0.8506371191135734,0.8508587257617729,0.8508587257617729,0.8508587257617729,0.8508587257617729,0.850415512465374,0.850415512465374,0.850415512465374,0.850415512465374,0.8506371191135734,0.8497506925207756,0.8496398891966759,0.8497506925207756,0.8495290858725761,0.8483102493074792,0.8480886426592797,0.8487534626038781,0.8487534626038781,0.8503047091412742,0.8496398891966759,0.8486426592797784,0.8486426592797784,0.8486426592797784,0.8486426592797784,0.848421052631579,0.8493074792243768,0.849196675900277,0.8489750692520776,0.8489750692520776,0.8497506925207756,0.8497506925207756,0.8497506925207756,0.8497506925207756,0.8497506925207756,0.8497506925207756,0.8497506925207756,0.8497506925207756,0.8497506925207756,0.8497506925207756,0.8495290858725761,0.8486426592797784,0.8489750692520776,0.8485318559556787,0.848421052631579,0.848421052631579,0.848421052631579,0.848421052631579,0.8489750692520776,0.8485318559556787,0.8470914127423823,0.8477562326869806,0.84797783933518,0.8485318559556787,0.8485318559556787,0.8485318559556787,0.8485318559556787,0.8485318559556787,0.8487534626038781,0.8487534626038781,0.8487534626038781,0.8487534626038781,0.8487534626038781,0.8480886426592797,0.8480886426592797,0.8480886426592797,0.8480886426592797,0.8480886426592797,0.8480886426592797,0.8480886426592797,0.8480886426592797,0.8480886426592797,0.8480886426592797,0.8480886426592797,0.8480886426592797,0.8480886426592797,0.8480886426592797,0.8480886426592797,0.8480886426592797,0.8480886426592797,0.8488642659279778,0.848421052631579,0.8480886426592797,0.8490858725761773,0.8487534626038781,0.8494182825484764,0.8494182825484764,0.849196675900277,0.8488642659279778,0.84797783933518,0.8486426592797784,0.8486426592797784,0.8522991689750693,0.8493074792243768,0.8488642659279778,0.8499722991689751,0.8496398891966759,0.8493074792243768,0.8494182825484764,0.8494182825484764,0.8494182825484764,0.8494182825484764,0.8481994459833795,0.8494182825484764,0.8494182825484764,0.8496398891966759,0.8500831024930748,0.8496398891966759,0.8498614958448754,0.8498614958448754,0.8501939058171745,0.8499722991689751,0.8499722991689751,0.8499722991689751,0.8499722991689751,0.8499722991689751,0.8499722991689751,0.8499722991689751,0.8499722991689751,0.8495290858725761,0.8495290858725761,0.8485318559556787,0.8489750692520776,0.8489750692520776,0.8489750692520776,0.8489750692520776,0.8489750692520776,0.8489750692520776,0.8489750692520776,0.8489750692520776,0.8489750692520776,0.8489750692520776,0.8489750692520776,0.8489750692520776,0.8499722991689751,0.8490858725761773,0.849196675900277,0.8493074792243768,0.8493074792243768,0.8488642659279778,0.8488642659279778,0.8494182825484764,0.849196675900277,0.84797783933518,0.8485318559556787,0.84797783933518,0.8481994459833795,0.84797783933518,0.8481994459833795,0.8486426592797784,0.8495290858725761,0.8483102493074792,0.848421052631579,0.8493074792243768,0.8493074792243768,0.8493074792243768,0.8493074792243768,0.8493074792243768,0.8493074792243768,0.8493074792243768,0.8493074792243768,0.8493074792243768,0.8493074792243768,0.8493074792243768,0.8493074792243768,0.8493074792243768,0.8493074792243768,0.8490858725761773,0.8490858725761773,0.8495290858725761,0.8495290858725761,0.8495290858725761,0.8495290858725761,0.8488642659279778,0.8488642659279778,0.8488642659279778,0.8488642659279778,0.8488642659279778,0.8488642659279778,0.8488642659279778,0.8488642659279778,0.8488642659279778,0.8488642659279778,0.8488642659279778,0.8490858725761773,0.848421052631579,0.848421052631579,0.848421052631579,0.8480886426592797,0.8486426592797784,0.8486426592797784,0.848421052631579,0.8500831024930748,0.8500831024930748,0.8499722991689751,0.8499722991689751,0.849196675900277,0.8498614958448754,0.8498614958448754,0.8489750692520776,0.8505263157894737,0.8508587257617729,0.850415512465374,0.8487534626038781,0.850415512465374,0.8487534626038781,0.8487534626038781,0.8487534626038781,0.8487534626038781,0.8487534626038781,0.8487534626038781,0.8487534626038781,0.8487534626038781,0.8487534626038781,0.8487534626038781,0.8487534626038781,0.8487534626038781,0.8501939058171745,0.8483102493074792,0.8478670360110804,0.8497506925207756,0.8483102493074792,0.8490858725761773,0.848421052631579,0.8506371191135734,0.8488642659279778,0.8488642659279778,0.8488642659279778,0.8488642659279778,0.8490858725761773,0.8490858725761773,0.8490858725761773,0.8490858725761773,0.8490858725761773,0.84797783933518,0.84797783933518,0.84797783933518,0.84797783933518,0.84797783933518,0.84797783933518,0.848421052631579,0.8468698060941828,0.8498614958448754,0.8498614958448754,0.8498614958448754,0.8415512465373961,0.8402216066481994,0.8397783933518006,0.8393351800554016,0.8393351800554016,0.8403324099722992,0.8403324099722992,0.8377839335180055,0.8393351800554016,0.8395567867036011,0.8388919667590028,0.838005540166205,0.838005540166205,0.838005540166205,0.838005540166205,0.838005540166205,0.838005540166205,0.838005540166205,0.838005540166205,0.838005540166205,0.8398891966759002,0.8398891966759002,0.8398891966759002,0.8409972299168975,0.8409972299168975,0.8409972299168975,0.8409972299168975,0.8409972299168975,0.8409972299168975,0.8409972299168975,0.8409972299168975,0.8409972299168975,0.8409972299168975,0.8409972299168975,0.8409972299168975,0.8409972299168975,0.8409972299168975,0.8409972299168975,0.8409972299168975,0.8409972299168975,0.8409972299168975,0.8409972299168975,0.8409972299168975,0.8409972299168975,0.8409972299168975,0.8393351800554016,0.8382271468144045,0.841218836565097,0.841218836565097,0.841218836565097,0.841218836565097,0.8378947368421052,0.8405540166204987,0.8402216066481994,0.8404432132963989,0.8404432132963989,0.8404432132963989,0.8404432132963989,0.8404432132963989,0.8395567867036011,0.84,0.8397783933518006,0.8397783933518006,0.8402216066481994,0.8411080332409973,0.8404432132963989,0.8404432132963989,0.8404432132963989,0.8404432132963989,0.8404432132963989,0.8404432132963989,0.8404432132963989,0.8404432132963989,0.8404432132963989,0.8404432132963989,0.8404432132963989,0.8404432132963989,0.8404432132963989,0.8404432132963989,0.8404432132963989,0.8404432132963989,0.8404432132963989,0.8404432132963989,0.8404432132963989,0.8404432132963989,0.8404432132963989,0.8404432132963989,0.8404432132963989,0.8404432132963989,0.8404432132963989,0.8404432132963989,0.8404432132963989,0.8404432132963989,0.8404432132963989,0.8404432132963989,0.8404432132963989,0.8404432132963989,0.8404432132963989,0.8404432132963989,0.8404432132963989,0.8404432132963989,0.8404432132963989,0.8404432132963989,0.8404432132963989,0.8404432132963989,0.8404432132963989,0.8404432132963989,0.8404432132963989,0.8404432132963989,0.8404432132963989,0.8404432132963989,0.8404432132963989,0.8404432132963989,0.8404432132963989,0.8404432132963989,0.8404432132963989,0.8404432132963989,0.8404432132963989,0.8045429362880886,0.8167313019390582,0.8097506925207756,0.805207756232687,0.8084210526315789,0.8084210526315789,0.807202216066482,0.8074238227146815,0.8060941828254847,0.8058725761772854,0.8065373961218837,0.805983379501385,0.8067590027700831,0.8067590027700831,0.8067590027700831,0.8068698060941828,0.8067590027700831,0.8067590027700831,0.8067590027700831,0.8067590027700831,0.8065373961218837,0.807202216066482,0.8070914127423823,0.8073130193905818,0.806426592797784,0.8069806094182825,0.805983379501385,0.8048753462603878,0.8048753462603878,0.805207756232687,0.8069806094182825,0.8053185595567867,0.8049861495844876,0.8034349030470914,0.8035457063711912,0.8035457063711912,0.8034349030470914,0.8033240997229917,0.8028808864265928,0.8038781163434903,0.8058725761772854,0.8068698060941828,0.8066481994459834,0.8062049861495845,0.806426592797784,0.8076454293628809,0.8046537396121883,0.8069806094182825,0.807202216066482,0.8055401662049861,0.8069806094182825,0.8069806094182825,0.8069806094182825,0.8067590027700831,0.805983379501385,0.8062049861495845,0.8058725761772854,0.8046537396121883,0.8057617728531856,0.8045429362880886,0.8056509695290859,0.8058725761772854,0.806426592797784,0.8047645429362881,0.8048753462603878,0.8048753462603878,0.8048753462603878,0.8050969529085873,0.8065373961218837,0.8101939058171745,0.8007756232686981,0.8021052631578948,0.8048753462603878,0.804432132963989,0.8106371191135734,0.8074238227146815,0.8048753462603878,0.809639889196676,0.8115235457063712,0.8086426592797784,0.8070914127423823,0.8063157894736842,0.8074238227146815,0.8074238227146815,0.8065373961218837,0.805983379501385,0.807202216066482,0.806426592797784,0.8060941828254847,0.8058725761772854,0.805983379501385,0.8049861495844876,0.8066481994459834,0.8050969529085873,0.8083102493074792,0.8069806094182825,0.8054293628808864,0.804432132963989,0.8053185595567867,0.8066481994459834,0.805983379501385,0.8078670360110803,0.8085318559556787,0.8070914127423823,0.8047645429362881,0.8070914127423823,0.8049861495844876,0.8069806094182825,0.8056509695290859,0.8053185595567867,0.8045429362880886,0.80398891966759,0.8049861495844876,0.8024376731301939,0.8063157894736842,0.8050969529085873,0.8023268698060941,0.8024376731301939,0.8037673130193905,0.7943490304709141,0.8024376731301939,0.8042105263157895,0.7964542936288088,0.7964542936288088,0.7991135734072022,0.8001108033240997,0.7975623268698061,0.7971191135734073,0.7978947368421052,0.7971191135734073,0.7988919667590028,0.8004432132963989,0.7994459833795013,0.7990027700831025,0.7984487534626039,0.7993351800554017,0.7976731301939058,0.7996675900277008,0.7986703601108033,0.7965650969529086,0.7981163434903047,0.7975623268698061,0.7986703601108033,0.7968975069252078,0.7975623268698061,0.7975623268698061,0.7976731301939058,0.7974515235457064,0.7976731301939058,0.7974515235457064,0.7966759002770083,0.7963434903047092,0.7964542936288088,0.7952354570637119,0.7965650969529086,0.7985595567867037,0.7966759002770083,0.7974515235457064,0.7976731301939058,0.7976731301939058,0.7970083102493075,0.7970083102493075,0.7964542936288088,0.7968975069252078,0.7962326869806094,0.7970083102493075,0.7970083102493075,0.7970083102493075,0.7961218836565097,0.7963434903047092,0.7974515235457064,0.7954570637119114,0.7944598337950138,0.7964542936288088,0.7977839335180056,0.7971191135734073,0.796786703601108,0.7943490304709141,0.7963434903047092,0.794016620498615,0.7936842105263158,0.792797783933518,0.7931301939058172,0.7945706371191136,0.7964542936288088,0.7968975069252078,0.7964542936288088,0.7964542936288088,0.8002216066481994,0.79601108033241,0.7975623268698061,0.7956786703601108,0.7973407202216066,0.7974515235457064,0.7956786703601108,0.7954570637119114,0.7954570637119114,0.7941274238227147,0.7941274238227147,0.7941274238227147,0.7941274238227147,0.794016620498615,0.7954570637119114,0.794016620498615,0.7954570637119114,0.7943490304709141,0.7956786703601108,0.7945706371191136,0.7945706371191136,0.7945706371191136,0.7943490304709141,0.7943490304709141,0.7943490304709141,0.7956786703601108,0.7956786703601108,0.7956786703601108,0.7936842105263158,0.7942382271468144,0.7931301939058172,0.7933518005540167,0.7924653739612189,0.7936842105263158,0.791578947368421,0.7924653739612189,0.7926869806094183,0.7922437673130194,0.7929085872576177,0.7929085872576177,0.7924653739612189,0.7924653739612189,0.7926869806094183,0.7932409972299169,0.7921329639889196,0.7921329639889196,0.7933518005540167,0.794016620498615,0.794016620498615,0.794016620498615,0.794016620498615,0.7933518005540167,0.7944598337950138,0.7944598337950138,0.7944598337950138,0.7944598337950138,0.7942382271468144,0.794016620498615,0.791578947368421,0.791578947368421,0.791578947368421,0.791578947368421,0.7910249307479225,0.7911357340720222,0.7939058171745152,0.7902493074792244,0.7903601108033241,0.7913573407202216,0.7914681440443213,0.7878116343490305,0.7884764542936288,0.7882548476454294,0.7892520775623268,0.7892520775623268,0.7894736842105263,0.7891412742382271,0.7889196675900277,0.7901385041551247,0.7913573407202216,0.7904709141274239,0.7904709141274239,0.788365650969529,0.7894736842105263,0.7885872576177285,0.7890304709141274,0.7713019390581718,0.773185595567867,0.7737396121883656,0.7741828254847646,0.7740720221606648,0.7738504155124654,0.7747368421052632,0.7746260387811634,0.773185595567867,0.7727423822714682,0.7757340720221607,0.7730747922437673,0.7729639889196676,0.7746260387811634,0.7741828254847646,0.7735180055401663,0.7745152354570637,0.7757340720221607,0.7758448753462603,0.7765096952908587,0.7752908587257618,0.7747368421052632,0.7748476454293629,0.7762880886426593,0.7748476454293629,0.7758448753462603,0.7740720221606648,0.7747368421052632,0.7734072022160665,0.775180055401662,0.7736288088642659,0.7736288088642659,0.7738504155124654,0.7732963988919668,0.7752908587257618,0.7761772853185596,0.7768421052631579,0.7770637119113574,0.7760664819944598,0.7770637119113574,0.7755124653739612,0.7747368421052632,0.7747368421052632,0.7747368421052632,0.7747368421052632,0.7747368421052632,0.7729639889196676,0.7729639889196676,0.7729639889196676,0.7729639889196676,0.7729639889196676,0.7739612188365651,0.7730747922437673,0.7730747922437673,0.7717451523545706,0.7715235457063712,0.7726315789473684,0.7726315789473684,0.7726315789473684,0.7719667590027701,0.7717451523545706,0.7729639889196676,0.771191135734072,0.7748476454293629,0.7758448753462603,0.7742936288088643,0.7755124653739612,0.7754016620498615,0.7729639889196676,0.7747368421052632,0.7739612188365651,0.7734072022160665,0.7749584487534626,0.7730747922437673,0.7730747922437673,0.7728531855955678,0.772409972299169,0.7728531855955678,0.773185595567867,0.7717451523545706,0.7720775623268699,0.7720775623268699,0.7720775623268699,0.7720775623268699,0.7718559556786704,0.7727423822714682,0.7722991689750692,0.7732963988919668,0.7732963988919668,0.7727423822714682,0.7729639889196676,0.7728531855955678,0.7747368421052632,0.7747368421052632,0.7738504155124654,0.7738504155124654,0.7750692520775623,0.776398891966759,0.775623268698061,0.7769529085872576,0.7780609418282548,0.7773961218836565,0.777617728531856,0.777617728531856,0.7767313019390581,0.7775069252077562,0.7768421052631579,0.7768421052631579,0.7768421052631579,0.7770637119113574,0.7755124653739612,0.7752908587257618,0.7734072022160665,0.7762880886426593,0.776398891966759,0.7749584487534626,0.7750692520775623,0.7740720221606648,0.7740720221606648,0.7740720221606648,0.7742936288088643,0.7737396121883656,0.7746260387811634,0.7735180055401663,0.7738504155124654,0.7707479224376731,0.7746260387811634,0.7746260387811634,0.772409972299169,0.7727423822714682,0.7706371191135734,0.7693074792243767,0.7737396121883656,0.7738504155124654,0.7742936288088643,0.773185595567867,0.7735180055401663,0.7721883656509695,0.772409972299169,0.772409972299169,0.7726315789473684,0.7728531855955678,0.7725207756232687,0.7730747922437673,0.7732963988919668,0.7729639889196676,0.7729639889196676,0.7717451523545706,0.7714127423822714,0.7715235457063712,0.7700831024930748,0.7717451523545706,0.7689750692520776,0.770415512465374,0.7694182825484764,0.7687534626038781,0.7703047091412742,0.7698614958448754,0.770415512465374,0.7708587257617728,0.7714127423822714,0.7706371191135734,0.7714127423822714,0.7716343490304709,0.7717451523545706,0.7728531855955678,0.7718559556786704,0.7718559556786704,0.7722991689750692,0.7722991689750692,0.7720775623268699,0.7729639889196676,0.7727423822714682,0.7720775623268699,0.7727423822714682,0.7729639889196676,0.7721883656509695,0.7718559556786704,0.772409972299169,0.7717451523545706,0.7730747922437673,0.7728531855955678,0.7728531855955678,0.7729639889196676,0.7737396121883656,0.772409972299169,0.7730747922437673,0.7722991689750692,0.7732963988919668,0.7730747922437673,0.7730747922437673,0.7730747922437673,0.7734072022160665,0.7736288088642659,0.7736288088642659,0.7726315789473684,0.7729639889196676,0.7737396121883656,0.7726315789473684,0.7722991689750692,0.7726315789473684,0.773185595567867,0.7732963988919668,0.7732963988919668,0.7732963988919668,0.7732963988919668,0.7727423822714682,0.7721883656509695,0.7725207756232687,0.7719667590027701,0.7719667590027701,0.7719667590027701,0.7713019390581718,0.772409972299169,0.7730747922437673,0.7725207756232687,0.7732963988919668,0.7716343490304709,0.7730747922437673,0.7727423822714682,0.7710803324099723,0.7709695290858726,0.7726315789473684,0.7717451523545706,0.7717451523545706,0.7719667590027701,0.7729639889196676,0.7726315789473684,0.772409972299169,0.7736288088642659,0.7738504155124654,0.7730747922437673,0.7726315789473684,0.7719667590027701,0.7730747922437673,0.7729639889196676,0.7720775623268699,0.7740720221606648,0.7752908587257618,0.7741828254847646,0.7721883656509695,0.7729639889196676,0.7742936288088643,0.7728531855955678,0.7742936288088643,0.7742936288088643,0.7742936288088643,0.7742936288088643,0.7730747922437673,0.7730747922437673,0.7735180055401663,0.7740720221606648,0.7737396121883656,0.7725207756232687,0.7746260387811634,0.7746260387811634,0.774404432132964,0.774404432132964,0.7738504155124654,0.7736288088642659,0.7739612188365651,0.7738504155124654,0.7732963988919668,0.7735180055401663,0.7728531855955678,0.7736288088642659,0.7736288088642659,0.7728531855955678,0.772409972299169,0.772409972299169,0.772409972299169,0.7726315789473684,0.7729639889196676,0.7706371191135734,0.771191135734072,0.7706371191135734,0.7706371191135734,0.7707479224376731,0.769972299168975,0.7709695290858726,0.7700831024930748,0.7706371191135734,0.7693074792243767,0.7685318559556786,0.7708587257617728,0.771191135734072,0.7716343490304709,0.7715235457063712,0.7725207756232687,0.772409972299169,0.7729639889196676,0.7728531855955678,0.772409972299169,0.7716343490304709,0.7726315789473684,0.7726315789473684,0.773185595567867,0.7747368421052632,0.7726315789473684,0.7681994459833795,0.7688642659279779,0.7703047091412742,0.769196675900277,0.7688642659279779,0.771191135734072,0.7705263157894737,0.7728531855955678,0.7721883656509695,0.7701939058171745,0.7710803324099723,0.7736288088642659,0.7728531855955678,0.7858171745152355,0.785595567867036,0.7858171745152355,0.7848199445983379,0.7858171745152355,0.7853739612188365,0.7850415512465374,0.7845983379501386,0.7845983379501386,0.7854847645429363,0.7847091412742382,0.7844875346260388,0.7851523545706371,0.786038781163435,0.769196675900277,0.7725207756232687,0.7720775623268699,0.7718559556786704,0.7720775623268699,0.7722991689750692,0.7725207756232687,0.7742936288088643,0.7727423822714682,0.7730747922437673,0.7732963988919668,0.7736288088642659,0.7738504155124654,0.7739612188365651,0.7747368421052632,0.7767313019390581,0.7716343490304709,0.7720775623268699,0.7736288088642659,0.7722991689750692,0.7730747922437673,0.772409972299169,0.7746260387811634,0.7730747922437673,0.772409972299169,0.7734072022160665,0.7749584487534626,0.7720775623268699,0.7720775623268699,0.7729639889196676,0.7727423822714682,0.7727423822714682,0.7727423822714682,0.773185595567867,0.7745152354570637,0.7745152354570637,0.7766204986149584,0.7740720221606648,0.7742936288088643,0.7742936288088643,0.7738504155124654,0.7759556786703601,0.7738504155124654,0.7738504155124654,0.7738504155124654,0.7738504155124654,0.7738504155124654,0.7738504155124654,0.7738504155124654,0.7738504155124654,0.7736288088642659,0.7736288088642659,0.773185595567867,0.7750692520775623,0.7750692520775623,0.7750692520775623,0.7746260387811634,0.7746260387811634,0.7746260387811634,0.7746260387811634,0.7722991689750692,0.7737396121883656,0.7732963988919668,0.7721883656509695,0.772409972299169,0.7738504155124654,0.7742936288088643,0.7741828254847646,0.7755124653739612,0.7739612188365651,0.7762880886426593,0.7750692520775623,0.7750692520775623,0.7740720221606648,0.7752908587257618,0.7736288088642659,0.773185595567867,0.7726315789473684,0.7741828254847646,0.774404432132964,0.7742936288088643,0.7741828254847646,0.7747368421052632,0.7727423822714682,0.7726315789473684,0.7742936288088643,0.7719667590027701,0.7713019390581718,0.7703047091412742,0.7717451523545706,0.7677562326869806,0.7673130193905817,0.7709695290858726,0.7674238227146815,0.769972299168975,0.7674238227146815,0.7686426592797784,0.7729639889196676,0.7678670360110803,0.7677562326869806,0.7689750692520776,0.769972299168975,0.7673130193905817,0.7710803324099723,0.7690858725761773,0.769972299168975,0.7697506925207757,0.7687534626038781,0.7689750692520776,0.7684210526315789,0.7698614958448754,0.7684210526315789,0.7700831024930748,0.7713019390581718,0.7698614958448754,0.7703047091412742,0.7730747922437673,0.7725207756232687,0.769196675900277,0.7703047091412742,0.774404432132964,0.7696398891966759,0.7696398891966759,0.7708587257617728,0.7706371191135734,0.7708587257617728,0.7700831024930748,0.7693074792243767,0.7700831024930748,0.7705263157894737,0.7713019390581718,0.7705263157894737,0.7708587257617728,0.7716343490304709,0.7725207756232687,0.771191135734072,0.7720775623268699,0.7725207756232687,0.7709695290858726,0.7693074792243767,0.7703047091412742,0.7703047091412742,0.7709695290858726,0.7709695290858726,0.7798337950138504,0.7861495844875346,0.7800554016620499,0.7714127423822714,0.7716343490304709,0.7709695290858726,0.7698614958448754,0.7698614958448754,0.7710803324099723,0.7710803324099723,0.7688642659279779,0.7720775623268699,0.7688642659279779,0.7701939058171745,0.7713019390581718,0.76,0.7594459833795014,0.7598891966759003,0.76,0.7556786703601108,0.7582271468144044,0.7437119113573407,0.752797783933518,0.7506925207756233,0.7518005540166205,0.75202216066482,0.7532409972299169,0.7566759002770083,0.7551246537396122,0.75202216066482,0.7533518005540166,0.7555678670360111,0.7526869806094183,0.7530193905817174,0.7523545706371191,0.752797783933518,0.7513573407202216,0.751578947368421,0.7513573407202216,0.750803324099723,0.750803324099723,0.7477008310249308,0.7498060941828255,0.748808864265928,0.7491412742382272,0.748808864265928,0.7494736842105263,0.7477008310249308,0.747590027700831,0.747590027700831,0.747590027700831,0.747590027700831,0.747590027700831,0.747590027700831,0.747590027700831,0.747590027700831,0.7478116343490304,0.7478116343490304,0.7478116343490304,0.7478116343490304,0.7473684210526316,0.7473684210526316,0.7489196675900277,0.7471468144044321,0.7477008310249308,0.7484764542936289,0.747590027700831,0.7483656509695291,0.7492520775623269,0.7482548476454294,0.7496952908587258,0.7504709141274238,0.7504709141274238,0.7504709141274238,0.7509141274238227,0.7505817174515236,0.7491412742382272,0.7509141274238227,0.749584487534626,0.7496952908587258,0.7491412742382272,0.7489196675900277,0.7484764542936289,0.7489196675900277,0.7489196675900277,0.7480332409972299,0.7490304709141274,0.7510249307479224,0.7474792243767313,0.7472576177285318,0.7470360110803325,0.7471468144044321,0.7472576177285318,0.7482548476454294,0.7482548476454294,0.7482548476454294,0.7482548476454294,0.7484764542936289,0.7484764542936289,0.7484764542936289,0.748808864265928,0.7491412742382272,0.7498060941828255,0.749584487534626,0.7485872576177285,0.7483656509695291,0.7510249307479224,0.7470360110803325,0.7477008310249308,0.7480332409972299,0.7473684210526316,0.7481440443213296,0.7477008310249308,0.7473684210526316,0.7470360110803325,0.7478116343490304,0.7490304709141274,0.7486980609418282,0.7478116343490304,0.7484764542936289,0.7484764542936289,0.7484764542936289,0.7484764542936289,0.7485872576177285,0.7484764542936289,0.7486980609418282,0.7486980609418282,0.7486980609418282,0.7490304709141274,0.7486980609418282,0.7479224376731302,0.7485872576177285,0.7483656509695291,0.7483656509695291,0.7483656509695291,0.7483656509695291,0.7483656509695291,0.7483656509695291,0.7482548476454294,0.7474792243767313,0.7474792243767313,0.7474792243767313,0.7474792243767313,0.7474792243767313,0.7485872576177285,0.7494736842105263,0.7490304709141274,0.748808864265928,0.7490304709141274,0.7490304709141274,0.7492520775623269,0.7492520775623269,0.7486980609418282,0.7490304709141274,0.7503601108033241,0.7503601108033241,0.7503601108033241,0.7503601108033241,0.7500277008310249,0.7490304709141274,0.7479224376731302,0.7480332409972299,0.7479224376731302,0.7481440443213296,0.748808864265928,0.7485872576177285,0.7494736842105263,0.7500277008310249,0.7500277008310249,0.7499168975069253,0.7494736842105263,0.749584487534626,0.7498060941828255,0.7492520775623269,0.7490304709141274,0.7490304709141274,0.7490304709141274,0.7490304709141274,0.7506925207756233,0.7505817174515236,0.7509141274238227,0.7509141274238227,0.7506925207756233,0.750803324099723,0.7490304709141274,0.7503601108033241,0.7504709141274238,0.7492520775623269,0.749584487534626,0.7509141274238227,0.7526869806094183,0.7499168975069253,0.747590027700831,0.7481440443213296,0.7462603878116344,0.7489196675900277,0.7472576177285318,0.7477008310249308,0.7467036011080332,0.746814404432133,0.7467036011080332,0.7473684210526316,0.7478116343490304,0.7473684210526316,0.7490304709141274,0.7492520775623269,0.7492520775623269,0.7504709141274238,0.7479224376731302,0.7484764542936289,0.7484764542936289,0.7484764542936289,0.7503601108033241,0.7510249307479224,0.7504709141274238,0.7500277008310249,0.7485872576177285,0.7483656509695291,0.7482548476454294,0.7474792243767313,0.7478116343490304,0.7478116343490304,0.7478116343490304,0.7486980609418282,0.7486980609418282,0.7489196675900277,0.7481440443213296,0.7484764542936289,0.7485872576177285,0.7485872576177285,0.7485872576177285,0.7489196675900277,0.7478116343490304,0.7478116343490304,0.7494736842105263,0.7494736842105263,0.7484764542936289,0.7489196675900277,0.7493628808864266,0.749584487534626,0.7491412742382272,0.7491412742382272,0.7491412742382272,0.7490304709141274,0.7490304709141274,0.7491412742382272,0.7483656509695291,0.7496952908587258,0.7496952908587258,0.7482548476454294,0.749584487534626,0.749584487534626,0.749584487534626,0.7498060941828255,0.7493628808864266,0.7493628808864266,0.7498060941828255,0.7498060941828255,0.7498060941828255,0.7498060941828255,0.7500277008310249,0.7492520775623269,0.7504709141274238,0.7504709141274238,0.7500277008310249,0.7494736842105263,0.748808864265928,0.748808864265928,0.7506925207756233,0.7499168975069253,0.749584487534626,0.749584487534626,0.749584487534626,0.749584487534626,0.749584487534626,0.749584487534626,0.749584487534626,0.7484764542936289,0.748808864265928,0.7490304709141274,0.7489196675900277,0.7498060941828255,0.7498060941828255,0.7502493074792244,0.7494736842105263,0.7498060941828255,0.7494736842105263,0.7489196675900277,0.7494736842105263,0.7494736842105263,0.7489196675900277,0.7498060941828255,0.7498060941828255,0.7511357340720222,0.7494736842105263,0.7502493074792244,0.7483656509695291,0.7503601108033241,0.7486980609418282,0.7486980609418282,0.7490304709141274,0.7472576177285318,0.7474792243767313,0.7467036011080332,0.7464819944598338,0.7467036011080332,0.7485872576177285,0.7485872576177285,0.7498060941828255,0.7484764542936289,0.7483656509695291,0.749584487534626,0.7483656509695291,0.7485872576177285,0.7509141274238227,0.7501385041551246,0.7486980609418282,0.7496952908587258,0.7503601108033241,0.7499168975069253,0.7494736842105263,0.7493628808864266,0.7494736842105263,0.7485872576177285,0.748808864265928,0.7492520775623269,0.7489196675900277,0.7486980609418282,0.7480332409972299,0.7490304709141274,0.7494736842105263,0.7494736842105263,0.7493628808864266,0.746814404432133,0.7479224376731302,0.7470360110803325,0.746371191135734,0.746371191135734,0.746814404432133,0.7465927977839335,0.7465927977839335,0.7465927977839335,0.7470360110803325,0.746814404432133,0.7471468144044321,0.7470360110803325,0.7474792243767313,0.7322991689750693,0.7327423822714682,0.7315235457063712,0.7315235457063712,0.7315235457063712,0.7317451523545706,0.7317451523545706,0.7319667590027701,0.7307479224376732,0.7319667590027701,0.7326315789473684,0.7332963988919667,0.7335180055401662,0.7330747922437673,0.7342936288088643,0.7324099722991689,0.7345152354570638,0.7327423822714682,0.7325207756232687,0.7300831024930748,0.7325207756232687,0.7318559556786703,0.7314127423822715,0.7314127423822715,0.7316343490304709,0.7319667590027701,0.7319667590027701,0.7327423822714682,0.7341828254847645,0.7341828254847645,0.7329639889196676,0.7334072022160665,0.730415512465374,0.7330747922437673,0.7335180055401662,0.7337396121883657,0.7340720221606648,0.7325207756232687,0.7330747922437673,0.7332963988919667,0.7322991689750693,0.7320775623268698,0.7309695290858725,0.7334072022160665,0.733185595567867,0.7338504155124653,0.7338504155124653,0.7322991689750693,0.7324099722991689,0.7339612188365651,0.7341828254847645,0.734404432132964,0.733628808864266,0.733185595567867,0.7327423822714682,0.733185595567867,0.7334072022160665,0.7318559556786703,0.7328531855955679,0.7328531855955679,0.7337396121883657,0.7337396121883657,0.7337396121883657,0.7337396121883657,0.7315235457063712,0.7315235457063712,0.7317451523545706,0.7322991689750693,0.7338504155124653,0.7338504155124653,0.7334072022160665,0.733628808864266,0.7345152354570638,0.733185595567867,0.7337396121883657,0.7346260387811634,0.7352908587257617,0.7362880886426593,0.7351800554016621,0.7354016620498615,0.7345152354570638,0.7340720221606648,0.7335180055401662,0.7318559556786703,0.7337396121883657,0.734404432132964,0.7348476454293629,0.7368421052631579,0.7367313019390582,0.7346260387811634,0.7349584487534626,0.7359556786703602,0.7358448753462604,0.7358448753462604,0.7361772853185595,0.7365096952908587,0.736398891966759,0.7346260387811634,0.7356232686980609,0.7380609418282549,0.7366204986149585,0.7370637119113573,0.7360664819944598,0.7339612188365651,0.7345152354570638,0.7334072022160665,0.7341828254847645,0.7355124653739612,0.734404432132964,0.7335180055401662,0.7340720221606648,0.733628808864266,0.7340720221606648,0.7334072022160665,0.7332963988919667,0.7351800554016621,0.7349584487534626,0.7342936288088643,0.7341828254847645,0.7341828254847645,0.7350692520775624,0.7346260387811634,0.734404432132964,0.7360664819944598,0.7348476454293629,0.7352908587257617,0.7355124653739612,0.733628808864266,0.7354016620498615,0.7351800554016621,0.7354016620498615,0.7354016620498615,0.7354016620498615,0.7341828254847645,0.7351800554016621,0.7351800554016621,0.7351800554016621,0.7359556786703602,0.7351800554016621,0.7351800554016621,0.7351800554016621,0.7351800554016621,0.7348476454293629,0.7348476454293629,0.7357340720221607,0.7341828254847645,0.7341828254847645,0.7341828254847645,0.7341828254847645,0.7341828254847645,0.7341828254847645,0.7347368421052631,0.7350692520775624,0.7350692520775624,0.7357340720221607,0.7360664819944598,0.7366204986149585,0.7361772853185595,0.7367313019390582,0.7348476454293629,0.7348476454293629,0.7327423822714682,0.7365096952908587,0.7358448753462604,0.7360664819944598,0.7381717451523546,0.7361772853185595,0.7366204986149585,0.736398891966759,0.7370637119113573,0.736398891966759,0.7359556786703602,0.7378393351800554,0.7359556786703602,0.7373961218836566,0.7361772853185595,0.7361772853185595,0.7357340720221607,0.7368421052631579,0.7368421052631579,0.7369529085872576,0.7373961218836566,0.7359556786703602,0.7371745152354571,0.7332963988919667,0.7309695290858725,0.7334072022160665,0.7321883656509696,0.7332963988919667,0.7334072022160665,0.7324099722991689,0.7334072022160665,0.7326315789473684,0.734404432132964,0.7328531855955679,0.7328531855955679,0.7328531855955679,0.7328531855955679,0.7328531855955679,0.7348476454293629,0.7348476454293629,0.7356232686980609,0.7362880886426593,0.736398891966759,0.7361772853185595,0.7357340720221607,0.7349584487534626,0.7357340720221607,0.7355124653739612,0.7347368421052631,0.7357340720221607,0.7361772853185595,0.736398891966759,0.7366204986149585,0.7366204986149585,0.7370637119113573,0.7359556786703602,0.7365096952908587,0.7371745152354571,0.7361772853185595,0.7361772853185595,0.7361772853185595,0.7361772853185595,0.7361772853185595,0.7361772853185595,0.7361772853185595,0.7361772853185595,0.7361772853185595,0.7361772853185595,0.7361772853185595,0.7361772853185595,0.7361772853185595,0.7361772853185595,0.7361772853185595,0.7361772853185595,0.7361772853185595,0.7361772853185595,0.7361772853185595,0.7361772853185595,0.7361772853185595,0.7361772853185595,0.7361772853185595,0.7361772853185595,0.7357340720221607,0.7357340720221607,0.7357340720221607,0.7357340720221607,0.7357340720221607,0.7357340720221607,0.7357340720221607,0.7357340720221607,0.7357340720221607,0.7357340720221607,0.7357340720221607,0.7357340720221607,0.7357340720221607,0.7357340720221607,0.7355124653739612,0.7354016620498615,0.7351800554016621,0.736398891966759,0.736398891966759,0.7349584487534626,0.7341828254847645,0.734404432132964,0.734404432132964,0.734404432132964,0.734404432132964,0.7348476454293629,0.7341828254847645,0.7334072022160665,0.736398891966759,0.7361772853185595,0.7346260387811634,0.7354016620498615,0.7354016620498615,0.7362880886426593,0.7346260387811634,0.734404432132964,0.7358448753462604,0.7359556786703602,0.7349584487534626,0.7357340720221607,0.7347368421052631,0.7357340720221607,0.7350692520775624,0.7354016620498615,0.7341828254847645,0.7341828254847645,0.7339612188365651,0.7339612188365651,0.7338504155124653,0.7345152354570638,0.7345152354570638,0.7345152354570638,0.7345152354570638,0.7339612188365651,0.7341828254847645,0.7357340720221607,0.7350692520775624,0.7365096952908587,0.7369529085872576,0.7369529085872576,0.7369529085872576,0.7369529085872576,0.7369529085872576,0.7371745152354571,0.7371745152354571,0.7371745152354571,0.7371745152354571,0.7371745152354571,0.7351800554016621,0.7354016620498615,0.7347368421052631,0.7348476454293629,0.734404432132964,0.7359556786703602,0.7351800554016621,0.7351800554016621,0.7351800554016621,0.7359556786703602,0.7370637119113573,0.7378393351800554,0.7368421052631579,0.7370637119113573,0.7389473684210527,0.7380609418282549,0.738836565096953,0.7371745152354571,0.7400554016620499,0.7400554016620499,0.7400554016620499,0.7400554016620499,0.7402770083102493,0.7402770083102493,0.7402770083102493,0.7399445983379501,0.7395013850415513,0.7387257617728532,0.739168975069252,0.7385041551246537,0.738393351800554,0.7389473684210527,0.7389473684210527,0.7389473684210527,0.7390581717451523,0.738836565096953,0.738836565096953,0.738836565096953,0.738836565096953,0.7398337950138504,0.7382825484764542,0.7361772853185595,0.7368421052631579,0.7369529085872576,0.7369529085872576,0.7369529085872576,0.7369529085872576,0.7369529085872576,0.7361772853185595,0.7372853185595568,0.7365096952908587,0.7365096952908587,0.7371745152354571,0.7378393351800554,0.7390581717451523,0.739612188365651,0.7398337950138504,0.739168975069252,0.7413850415512465,0.7406094182825484,0.741606648199446,0.7432686980609419,0.7420498614958448,0.7419390581717451,0.7417174515235457,0.7444875346260388,0.7457063711911357,0.7441551246537396,0.743601108033241,0.7430470914127424,0.7467036011080332,0.744376731301939,0.7449307479224376,0.7445983379501385,0.7459279778393352,0.7464819944598338,0.7453739612188366,0.7440443213296399,0.7445983379501385,0.7444875346260388,0.7442659279778393,0.744376731301939,0.7428254847645429,0.7445983379501385,0.7449307479224376,0.7457063711911357,0.7414958448753463,0.7418282548476455,0.7442659279778393,0.7438227146814405,0.7411634349030471,0.7411634349030471,0.7419390581717451,0.7439335180055402,0.7439335180055402,0.744376731301939,0.7450415512465374,0.7438227146814405,0.7428254847645429,0.7593351800554017,0.7557894736842106,0.756786703601108,0.7565650969529086,0.758005540166205,0.7570083102493075,0.7570083102493075,0.7571191135734072,0.7582271468144044,0.7578947368421053,0.7575623268698061,0.7576731301939058,0.7570083102493075,0.7563434903047092,0.7542382271468144,0.7534626038781164,0.7546814404432133,0.7552354570637119,0.7550138504155125,0.7560110803324099,0.7560110803324099,0.7536842105263157,0.7530193905817174,0.7541274238227147,0.7541274238227147,0.7537950138504155,0.7557894736842106,0.7550138504155125,0.7534626038781164,0.7551246537396122,0.7555678670360111,0.7542382271468144,0.7552354570637119,0.7533518005540166,0.7556786703601108,0.7526869806094183,0.7516897506925208,0.7525761772853186,0.7510249307479224,0.7522437673130193,0.7522437673130193,0.7505817174515236,0.7536842105263157,0.7522437673130193,0.7530193905817174,0.7530193905817174,0.7532409972299169,0.7532409972299169,0.7524653739612188,0.7524653739612188,0.7537950138504155,0.7523545706371191,0.7523545706371191,0.7523545706371191,0.7523545706371191,0.7521329639889197,0.7521329639889197,0.7521329639889197,0.7521329639889197,0.7521329639889197,0.7519113573407202,0.7519113573407202,0.7519113573407202,0.7519113573407202,0.7522437673130193,0.7545706371191135,0.7529085872576178,0.7531301939058171,0.754016620498615,0.754016620498615,0.7529085872576178,0.7535734072022161,0.7535734072022161,0.754016620498615,0.754016620498615,0.7546814404432133,0.7535734072022161,0.7545706371191135,0.7514681440443214,0.7516897506925208,0.7512465373961219,0.7514681440443214,0.7514681440443214,0.7516897506925208,0.7542382271468144,0.7526869806094183,0.75202216066482,0.7532409972299169,0.7511357340720222,0.7526869806094183,0.7511357340720222,0.7500277008310249,0.7510249307479224,0.75202216066482,0.7506925207756233,0.7513573407202216,0.75202216066482,0.7544598337950138,0.7514681440443214,0.7514681440443214,0.7458171745152354,0.7482548476454294,0.7478116343490304,0.7480332409972299,0.7445983379501385,0.7451523545706371,0.7457063711911357,0.7482548476454294,0.7470360110803325,0.7454847645429363,0.7459279778393352,0.7469252077562327,0.746814404432133,0.7451523545706371,0.7451523545706371,0.7460387811634349,0.745595567867036,0.745595567867036,0.7447091412742383,0.7449307479224376,0.7451523545706371,0.7451523545706371,0.7454847645429363,0.7457063711911357,0.7469252077562327,0.7469252077562327,0.7469252077562327,0.7467036011080332,0.7467036011080332,0.7458171745152354,0.745595567867036,0.744376731301939,0.7440443213296399,0.7441551246537396,0.7451523545706371,0.745595567867036,0.7444875346260388,0.7450415512465374,0.7462603878116344,0.7438227146814405,0.7449307479224376,0.745595567867036,0.745595567867036,0.7459279778393352,0.7461495844875347,0.7462603878116344,0.7473684210526316,0.747590027700831,0.7450415512465374,0.7454847645429363,0.7453739612188366,0.7453739612188366,0.744819944598338,0.7457063711911357,0.7451523545706371,0.7458171745152354,0.7450415512465374,0.744819944598338,0.7451523545706371,0.7447091412742383,0.7450415512465374,0.7444875346260388,0.7454847645429363,0.7454847645429363,0.7445983379501385,0.7454847645429363,0.7442659279778393,0.7457063711911357,0.7454847645429363,0.744819944598338,0.744819944598338,0.744819944598338,0.7450415512465374,0.7450415512465374,0.7450415512465374,0.744819944598338,0.7444875346260388,0.7451523545706371,0.7445983379501385,0.7445983379501385,0.7445983379501385,0.744376731301939,0.7441551246537396,0.746371191135734,0.746814404432133,0.7462603878116344,0.7458171745152354,0.7470360110803325,0.7447091412742383,0.7481440443213296,0.7469252077562327,0.7467036011080332,0.7470360110803325,0.7470360110803325,0.7477008310249308,0.7480332409972299,0.7470360110803325,0.7459279778393352,0.7459279778393352,0.7472576177285318,0.747590027700831,0.7480332409972299,0.7465927977839335,0.7473684210526316,0.7493628808864266,0.7498060941828255,0.7502493074792244,0.7496952908587258,0.7496952908587258,0.7484764542936289,0.7458171745152354,0.7454847645429363,0.7445983379501385,0.7473684210526316,0.746814404432133,0.7472576177285318,0.7470360110803325,0.7470360110803325,0.7470360110803325,0.7470360110803325,0.7471468144044321,0.7472576177285318,0.7461495844875347,0.746814404432133,0.7470360110803325,0.7482548476454294,0.7465927977839335,0.745595567867036,0.7459279778393352,0.7462603878116344,0.7469252077562327,0.7467036011080332,0.746371191135734,0.7474792243767313,0.7474792243767313,0.7482548476454294,0.7479224376731302,0.7482548476454294,0.7465927977839335,0.7465927977839335,0.7465927977839335,0.746814404432133,0.7484764542936289,0.7481440443213296,0.746371191135734,0.7453739612188366,0.7478116343490304,0.7457063711911357,0.744376731301939,0.7459279778393352,0.7444875346260388,0.745595567867036,0.7447091412742383,0.7470360110803325,0.7457063711911357,0.745595567867036,0.7469252077562327,0.7460387811634349,0.7461495844875347,0.7471468144044321,0.7444875346260388,0.7467036011080332,0.7451523545706371,0.7479224376731302,0.7465927977839335,0.7473684210526316,0.7469252077562327,0.743601108033241,0.7467036011080332,0.7470360110803325,0.7474792243767313,0.7478116343490304,0.7479224376731302,0.7481440443213296,0.7477008310249308,0.7479224376731302,0.7481440443213296,0.7481440443213296,0.7485872576177285,0.747590027700831,0.747590027700831,0.747590027700831,0.7481440443213296,0.7477008310249308,0.7471468144044321,0.7480332409972299,0.7480332409972299,0.7478116343490304,0.7483656509695291,0.7478116343490304,0.7479224376731302,0.749584487534626,0.7498060941828255,0.7490304709141274,0.7491412742382272,0.7490304709141274,0.7489196675900277,0.7486980609418282,0.7490304709141274,0.748808864265928,0.7483656509695291,0.7471468144044321,0.7471468144044321,0.747590027700831,0.7502493074792244,0.7502493074792244,0.7496952908587258,0.749584487534626,0.7486980609418282,0.7486980609418282,0.748808864265928,0.7491412742382272,0.748808864265928,0.748808864265928,0.748808864265928,0.748808864265928,0.7492520775623269,0.7483656509695291,0.7492520775623269,0.748808864265928,0.7490304709141274,0.7499168975069253,0.7499168975069253,0.7499168975069253,0.7499168975069253,0.7499168975069253,0.7503601108033241,0.7503601108033241,0.7505817174515236,0.7510249307479224,0.7510249307479224,0.7503601108033241,0.750803324099723,0.7505817174515236,0.7510249307479224,0.7519113573407202,0.7518005540166205,0.7486980609418282,0.749584487534626,0.7486980609418282,0.7494736842105263,0.7489196675900277,0.7491412742382272,0.7484764542936289,0.7505817174515236,0.750803324099723,0.7489196675900277,0.7491412742382272,0.7485872576177285,0.7485872576177285,0.7490304709141274,0.7479224376731302,0.7480332409972299,0.747590027700831,0.7482548476454294,0.7480332409972299,0.7478116343490304,0.7483656509695291,0.7489196675900277,0.749584487534626,0.7480332409972299,0.7464819944598338,0.746814404432133,0.7480332409972299,0.7477008310249308,0.7484764542936289,0.7472576177285318,0.7473684210526316,0.7469252077562327,0.7500277008310249,0.748808864265928,0.7473684210526316,0.7498060941828255,0.7500277008310249,0.7492520775623269,0.7496952908587258,0.7477008310249308,0.7474792243767313,0.7472576177285318,0.7501385041551246,0.7484764542936289,0.7480332409972299,0.7483656509695291,0.7482548476454294,0.7478116343490304,0.7478116343490304,0.7479224376731302,0.7457063711911357,0.7465927977839335,0.7465927977839335,0.7461495844875347,0.744819944598338,0.7462603878116344,0.7481440443213296,0.7473684210526316,0.7479224376731302,0.7479224376731302,0.7482548476454294,0.7474792243767313,0.7481440443213296,0.7473684210526316,0.7483656509695291,0.7483656509695291,0.747590027700831,0.7493628808864266,0.7490304709141274,0.749584487534626,0.749584487534626,0.7493628808864266,0.7493628808864266,0.7493628808864266,0.7493628808864266,0.7493628808864266,0.7498060941828255,0.7493628808864266,0.7493628808864266,0.7493628808864266,0.7492520775623269,0.7493628808864266,0.7492520775623269,0.7502493074792244,0.7500277008310249,0.7500277008310249,0.7502493074792244,0.7502493074792244,0.7502493074792244,0.7498060941828255,0.7498060941828255,0.7474792243767313,0.7498060941828255,0.7500277008310249,0.7498060941828255,0.748808864265928,0.748808864265928,0.7492520775623269,0.7471468144044321,0.7483656509695291,0.7485872576177285,0.747590027700831,0.7471468144044321,0.7473684210526316,0.7473684210526316,0.7473684210526316,0.7473684210526316,0.7473684210526316,0.7473684210526316,0.7473684210526316,0.7465927977839335,0.7472576177285318,0.7472576177285318,0.7472576177285318,0.7472576177285318,0.7472576177285318,0.7472576177285318,0.7477008310249308,0.7477008310249308,0.7477008310249308,0.7477008310249308,0.7477008310249308,0.7477008310249308,0.7481440443213296,0.7481440443213296,0.7479224376731302,0.7477008310249308,0.7491412742382272,0.7472576177285318,0.7472576177285318,0.746371191135734,0.7467036011080332,0.7467036011080332,0.7474792243767313,0.7483656509695291,0.7479224376731302,0.7479224376731302,0.7500277008310249,0.7470360110803325,0.7492520775623269,0.7478116343490304,0.7464819944598338,0.7465927977839335,0.7467036011080332,0.7460387811634349,0.7460387811634349,0.7460387811634349,0.7460387811634349,0.7460387811634349,0.7460387811634349,0.7460387811634349,0.7460387811634349,0.7460387811634349,0.7460387811634349,0.7460387811634349,0.7464819944598338,0.7464819944598338,0.7479224376731302,0.7470360110803325,0.7465927977839335,0.7470360110803325,0.7474792243767313,0.7465927977839335,0.7462603878116344,0.746814404432133,0.7469252077562327,0.746814404432133,0.7483656509695291,0.7483656509695291,0.7467036011080332,0.7470360110803325,0.7479224376731302,0.7479224376731302,0.7479224376731302,0.7479224376731302,0.7479224376731302,0.7469252077562327,0.7479224376731302,0.7467036011080332,0.7467036011080332,0.7474792243767313,0.7469252077562327,0.7469252077562327,0.7471468144044321,0.7471468144044321,0.7471468144044321,0.7477008310249308,0.7469252077562327,0.7469252077562327,0.7469252077562327,0.7469252077562327,0.7469252077562327,0.7469252077562327,0.7469252077562327,0.7469252077562327,0.7469252077562327,0.7469252077562327,0.7469252077562327,0.7469252077562327,0.7469252077562327,0.7469252077562327,0.7469252077562327,0.7469252077562327,0.7469252077562327,0.7469252077562327,0.7469252077562327,0.7469252077562327,0.7469252077562327,0.7469252077562327,0.7469252077562327,0.7469252077562327,0.7469252077562327,0.7469252077562327,0.7469252077562327,0.7469252077562327,0.7469252077562327,0.7469252077562327,0.7471468144044321,0.7471468144044321,0.7471468144044321,0.7467036011080332,0.7469252077562327,0.7471468144044321,0.7471468144044321,0.7471468144044321,0.7471468144044321,0.7471468144044321,0.7471468144044321,0.7471468144044321,0.7471468144044321,0.7471468144044321,0.7465927977839335,0.7484764542936289,0.7469252077562327,0.7480332409972299,0.7470360110803325,0.7483656509695291,0.7477008310249308,0.7494736842105263,0.7477008310249308,0.7459279778393352,0.7499168975069253,0.7478116343490304,0.7478116343490304,0.7451523545706371,0.7465927977839335,0.7481440443213296,0.7470360110803325,0.7474792243767313,0.747590027700831,0.7465927977839335,0.745595567867036,0.7447091412742383,0.744376731301939,0.7445983379501385,0.7457063711911357,0.7429362880886426,0.7452631578947368,0.7445983379501385,0.7438227146814405,0.7470360110803325,0.7431578947368421,0.7429362880886426,0.7441551246537396,0.7472576177285318,0.7457063711911357,0.7457063711911357,0.7457063711911357,0.7447091412742383,0.745595567867036,0.7452631578947368,0.7452631578947368,0.7447091412742383,0.7462603878116344,0.746814404432133,0.7478116343490304,0.7450415512465374,0.7452631578947368,0.7458171745152354,0.7451523545706371,0.745595567867036,0.746371191135734,0.7453739612188366,0.7461495844875347,0.7465927977839335,0.7460387811634349,0.7453739612188366,0.7457063711911357,0.7454847645429363,0.7453739612188366,0.7453739612188366,0.7453739612188366,0.7440443213296399,0.7449307479224376,0.7457063711911357,0.746371191135734,0.7474792243767313,0.7470360110803325,0.7481440443213296,0.7485872576177285,0.7462603878116344,0.746371191135734,0.7483656509695291,0.7484764542936289,0.7450415512465374,0.7459279778393352,0.7462603878116344,0.7460387811634349,0.7451523545706371,0.7472576177285318,0.746814404432133,0.7470360110803325,0.746814404432133,0.7465927977839335,0.7465927977839335,0.7470360110803325,0.7471468144044321,0.7471468144044321,0.7471468144044321,0.7470360110803325,0.7478116343490304,0.7462603878116344,0.7452631578947368,0.744819944598338,0.7458171745152354,0.7445983379501385,0.7441551246537396,0.7469252077562327,0.7471468144044321,0.7457063711911357,0.7458171745152354,0.7442659279778393,0.7483656509695291,0.7471468144044321,0.7454847645429363,0.7464819944598338,0.7461495844875347,0.7491412742382272,0.748808864265928,0.7498060941828255,0.7500277008310249,0.7493628808864266,0.7493628808864266,0.7484764542936289,0.7486980609418282,0.7486980609418282,0.7489196675900277,0.748808864265928,0.7481440443213296,0.7478116343490304,0.7477008310249308,0.7490304709141274,0.7492520775623269,0.7482548476454294,0.7492520775623269,0.7491412742382272,0.7474792243767313,0.7465927977839335,0.7477008310249308,0.7509141274238227,0.7503601108033241,0.7506925207756233,0.7481440443213296,0.7485872576177285,0.7471468144044321,0.7474792243767313,0.7479224376731302,0.7494736842105263,0.7485872576177285,0.7480332409972299,0.7438227146814405,0.7451523545706371,0.7460387811634349,0.7382825484764542,0.7430470914127424,0.7441551246537396,0.7430470914127424,0.7434903047091412,0.7434903047091412,0.7408310249307479,0.7411634349030471,0.7419390581717451,0.7419390581717451,0.7417174515235457,0.7414958448753463,0.7414958448753463,0.7412742382271468,0.744819944598338,0.744819944598338,0.7453739612188366,0.7453739612188366,0.7453739612188366,0.7461495844875347,0.7424930747922438,0.7423822714681441,0.7419390581717451,0.7439335180055402,0.7381717451523546,0.7387257617728532,0.7385041551246537,0.739168975069252,0.739168975069252,0.7387257617728532,0.7398337950138504,0.7408310249307479,0.7413850415512465,0.7422714681440443,0.7417174515235457,0.7381717451523546,0.7362880886426593,0.7366204986149585,0.738393351800554,0.738836565096953,0.7390581717451523,0.7390581717451523,0.7390581717451523,0.738836565096953,0.7401662049861496,0.739612188365651,0.7412742382271468,0.7406094182825484,0.7406094182825484,0.7399445983379501,0.7387257617728532,0.7401662049861496,0.7395013850415513,0.7389473684210527,0.7387257617728532,0.7387257617728532,0.7385041551246537,0.7387257617728532,0.7385041551246537,0.7385041551246537,0.7385041551246537,0.7387257617728532,0.7387257617728532,0.7387257617728532,0.7387257617728532,0.7387257617728532,0.7387257617728532,0.738836565096953,0.7389473684210527,0.7389473684210527,0.7389473684210527,0.7389473684210527,0.7395013850415513,0.739168975069252,0.739168975069252,0.7382825484764542,0.739612188365651,0.739612188365651,0.7393905817174515,0.7429362880886426,0.741606648199446,0.741606648199446,0.7408310249307479,0.7398337950138504,0.7401662049861496,0.7392797783933518,0.7409418282548477,0.7422714681440443,0.7432686980609419,0.7441551246537396,0.7424930747922438,0.7433795013850415,0.743601108033241,0.7390581717451523,0.7409418282548477,0.7414958448753463,0.7406094182825484,0.7403878116343491,0.7418282548476455,0.7408310249307479,0.7414958448753463,0.7412742382271468,0.7410526315789474,0.7422714681440443,0.741606648199446,0.7424930747922438,0.7442659279778393,0.7395013850415513,0.7403878116343491,0.7379501385041551,0.7397229916897506,0.7407202216066482,0.7409418282548477,0.7411634349030471,0.7427146814404432,0.7441551246537396,0.744376731301939,0.7437119113573407,0.7432686980609419,0.7433795013850415,0.7434903047091412,0.743601108033241,0.7432686980609419,0.7430470914127424,0.7422714681440443,0.7439335180055402,0.741606648199446,0.7408310249307479,0.7410526315789474,0.7392797783933518,0.7404986149584487,0.741606648199446,0.741606648199446,0.741606648199446,0.7419390581717451,0.7410526315789474,0.7420498614958448,0.7414958448753463,0.7438227146814405,0.7423822714681441,0.7378393351800554,0.7375069252077562,0.736398891966759,0.7376177285318559,0.7376177285318559,0.7373961218836566,0.7373961218836566,0.7390581717451523,0.7376177285318559,0.7348476454293629,0.7358448753462604,0.7375069252077562,0.7376177285318559,0.7371745152354571,0.7377285318559557,0.7377285318559557,0.7377285318559557,0.7373961218836566,0.7376177285318559,0.7349584487534626,0.7354016620498615,0.7350692520775624,0.7352908587257617,0.7351800554016621,0.733628808864266,0.7342936288088643,0.734404432132964,0.7348476454293629,0.736398891966759,0.7337396121883657,0.7341828254847645,0.7366204986149585,0.7348476454293629,0.7341828254847645,0.7368421052631579,0.7366204986149585,0.7381717451523546,0.7386149584487535,0.7386149584487535,0.7386149584487535,0.738393351800554,0.738393351800554,0.7378393351800554,0.7381717451523546,0.7350692520775624,0.7350692520775624,0.7350692520775624,0.7386149584487535,0.7370637119113573,0.736398891966759,0.7351800554016621,0.7356232686980609,0.7356232686980609,0.7358448753462604,0.7355124653739612,0.7355124653739612,0.7352908587257617,0.7356232686980609,0.734404432132964,0.734404432132964,0.7350692520775624,0.7355124653739612,0.7348476454293629,0.7370637119113573,0.7358448753462604,0.734404432132964,0.7347368421052631,0.7347368421052631,0.7347368421052631,0.7347368421052631,0.7341828254847645,0.7349584487534626,0.7330747922437673,0.7347368421052631,0.7354016620498615,0.7347368421052631,0.7347368421052631,0.7355124653739612,0.7348476454293629,0.733628808864266,0.7326315789473684,0.7321883656509696,0.7345152354570638,0.7345152354570638,0.7335180055401662,0.7335180055401662,0.7335180055401662,0.7335180055401662,0.7335180055401662,0.7335180055401662,0.7332963988919667,0.7342936288088643,0.7338504155124653,0.734404432132964,0.7348476454293629,0.7340720221606648,0.7362880886426593,0.734404432132964,0.7341828254847645,0.7362880886426593,0.736398891966759,0.736398891966759,0.734404432132964,0.7358448753462604,0.7354016620498615,0.7351800554016621,0.7351800554016621,0.7347368421052631,0.7347368421052631,0.7342936288088643,0.7342936288088643,0.7342936288088643,0.7342936288088643,0.7351800554016621,0.7362880886426593,0.736398891966759,0.7361772853185595,0.7354016620498615,0.7345152354570638,0.7366204986149585,0.7357340720221607,0.7359556786703602,0.7359556786703602,0.7359556786703602,0.7359556786703602,0.7359556786703602,0.7359556786703602,0.7359556786703602,0.7359556786703602,0.7359556786703602,0.7359556786703602,0.7359556786703602,0.7359556786703602,0.7352908587257617,0.7352908587257617,0.7367313019390582,0.736398891966759,0.7365096952908587,0.7365096952908587,0.7365096952908587,0.7365096952908587,0.7365096952908587,0.7365096952908587,0.7359556786703602,0.7359556786703602,0.7359556786703602,0.7373961218836566,0.736398891966759,0.7368421052631579,0.7368421052631579,0.7368421052631579,0.7368421052631579,0.7368421052631579,0.7368421052631579,0.7368421052631579,0.7368421052631579,0.7366204986149585,0.7366204986149585,0.7365096952908587,0.7365096952908587,0.7357340720221607,0.7361772853185595,0.7358448753462604,0.7372853185595568,0.7361772853185595,0.7370637119113573,0.7370637119113573,0.7370637119113573,0.7370637119113573,0.7365096952908587,0.7369529085872576,0.7369529085872576,0.7355124653739612,0.7367313019390582,0.7367313019390582,0.738393351800554,0.7372853185595568,0.7369529085872576,0.7369529085872576,0.7367313019390582,0.7365096952908587,0.7365096952908587,0.7357340720221607,0.7354016620498615,0.7356232686980609,0.7351800554016621,0.7361772853185595,0.7349584487534626,0.7349584487534626,0.7349584487534626,0.7359556786703602,0.7355124653739612,0.7351800554016621,0.7360664819944598,0.7356232686980609,0.7358448753462604,0.7358448753462604,0.7317451523545706,0.7329639889196676,0.7319667590027701,0.7317451523545706,0.7317451523545706,0.7321883656509696,0.7321883656509696,0.7322991689750693,0.7330747922437673,0.7328531855955679,0.7327423822714682,0.7325207756232687,0.7328531855955679,0.7327423822714682,0.733185595567867,0.7338504155124653,0.7334072022160665,0.7334072022160665,0.733628808864266,0.7341828254847645,0.7338504155124653,0.7338504155124653,0.7338504155124653,0.733628808864266,0.733628808864266,0.7334072022160665,0.7325207756232687,0.733185595567867,0.7338504155124653,0.734404432132964,0.7338504155124653,0.7335180055401662,0.7330747922437673,0.7332963988919667,0.7335180055401662,0.7332963988919667,0.7337396121883657,0.7332963988919667,0.7321883656509696,0.7329639889196676,0.7322991689750693,0.7325207756232687,0.7322991689750693,0.7320775623268698,0.7326315789473684,0.7326315789473684,0.7326315789473684,0.7326315789473684,0.7326315789473684,0.7326315789473684,0.7326315789473684,0.7326315789473684,0.7324099722991689,0.7324099722991689,0.7324099722991689,0.7324099722991689,0.7324099722991689,0.7324099722991689,0.7324099722991689,0.7324099722991689,0.7324099722991689,0.7324099722991689,0.7324099722991689,0.7324099722991689,0.7324099722991689,0.7324099722991689,0.7324099722991689,0.7324099722991689,0.7324099722991689,0.7324099722991689,0.7319667590027701,0.7318559556786703,0.7318559556786703,0.7319667590027701,0.7329639889196676,0.7327423822714682,0.7327423822714682,0.7324099722991689,0.7327423822714682,0.7326315789473684,0.7330747922437673,0.7330747922437673,0.7318559556786703,0.7318559556786703,0.7318559556786703,0.7310803324099723,0.7320775623268698,0.7329639889196676,0.7329639889196676,0.7329639889196676,0.7329639889196676,0.7329639889196676,0.7329639889196676,0.7329639889196676,0.7329639889196676,0.7337396121883657,0.733628808864266,0.7341828254847645,0.7341828254847645,0.7341828254847645,0.7341828254847645,0.7340720221606648,0.7339612188365651,0.7352908587257617,0.7329639889196676,0.7329639889196676,0.7338504155124653,0.7338504155124653,0.7338504155124653,0.7338504155124653,0.7338504155124653,0.7338504155124653,0.7334072022160665,0.7340720221606648,0.7342936288088643,0.7340720221606648,0.7355124653739612,0.7339612188365651,0.7339612188365651,0.734404432132964,0.734404432132964,0.734404432132964,0.734404432132964,0.734404432132964,0.734404432132964,0.7350692520775624,0.7350692520775624,0.7350692520775624,0.7350692520775624,0.7350692520775624,0.7352908587257617,0.7352908587257617,0.7347368421052631,0.7346260387811634,0.7341828254847645,0.7357340720221607,0.7342936288088643,0.7347368421052631,0.7345152354570638,0.7345152354570638,0.7358448753462604,0.7366204986149585,0.7359556786703602,0.7361772853185595,0.7361772853185595,0.7356232686980609,0.7361772853185595,0.7352908587257617,0.7369529085872576,0.7355124653739612,0.7356232686980609,0.7377285318559557,0.7361772853185595,0.7350692520775624,0.7356232686980609,0.7359556786703602,0.7359556786703602,0.7359556786703602,0.7359556786703602,0.7359556786703602,0.7359556786703602,0.7359556786703602,0.7359556786703602,0.7361772853185595,0.7361772853185595,0.7357340720221607,0.7352908587257617,0.7352908587257617,0.7352908587257617,0.7357340720221607,0.7357340720221607,0.7357340720221607,0.7357340720221607,0.7357340720221607,0.7357340720221607,0.7357340720221607,0.7357340720221607,0.7357340720221607,0.7354016620498615,0.7357340720221607,0.7357340720221607,0.734404432132964,0.734404432132964,0.734404432132964,0.734404432132964,0.734404432132964,0.734404432132964,0.734404432132964,0.7368421052631579,0.7325207756232687,0.7352908587257617,0.7341828254847645,0.7352908587257617,0.7352908587257617,0.7357340720221607,0.7355124653739612,0.7355124653739612,0.7352908587257617,0.7352908587257617,0.7352908587257617,0.7338504155124653,0.7352908587257617,0.7332963988919667,0.7340720221606648,0.7339612188365651,0.7339612188365651,0.7339612188365651,0.7337396121883657,0.7341828254847645,0.7330747922437673,0.7314127423822715,0.7330747922437673,0.7325207756232687,0.7314127423822715,0.7326315789473684,0.7332963988919667,0.7327423822714682,0.7322991689750693,0.7322991689750693,0.7318559556786703,0.7328531855955679,0.7320775623268698,0.7320775623268698,0.7322991689750693,0.7322991689750693,0.7316343490304709,0.7320775623268698,0.7324099722991689,0.7324099722991689,0.7328531855955679,0.7328531855955679,0.7326315789473684,0.7326315789473684,0.7326315789473684,0.7334072022160665,0.7341828254847645,0.7358448753462604,0.7358448753462604,0.7358448753462604,0.7358448753462604,0.7358448753462604,0.7341828254847645,0.7342936288088643,0.7332963988919667,0.7340720221606648,0.7338504155124653,0.7338504155124653,0.7338504155124653,0.7338504155124653,0.7338504155124653,0.7338504155124653,0.7340720221606648,0.7340720221606648,0.7332963988919667,0.7338504155124653,0.7340720221606648,0.7340720221606648,0.7340720221606648,0.7340720221606648,0.7340720221606648,0.7340720221606648,0.7340720221606648,0.7340720221606648,0.7340720221606648,0.7340720221606648,0.7340720221606648,0.7340720221606648,0.7340720221606648,0.7340720221606648,0.7340720221606648,0.7340720221606648,0.7329639889196676,0.733628808864266,0.7298614958448754,0.7322991689750693,0.7313019390581718,0.7313019390581718,0.7313019390581718,0.7314127423822715,0.7314127423822715,0.7316343490304709,0.7316343490304709,0.7317451523545706,0.7322991689750693,0.7320775623268698,0.7290858725761773,0.7296398891966759,0.7303047091412742,0.730415512465374,0.730415512465374,0.7315235457063712,0.7298614958448754,0.7308587257617728,0.7313019390581718,0.7315235457063712,0.7318559556786703,0.7313019390581718,0.7315235457063712,0.7307479224376732,0.7307479224376732,0.7307479224376732,0.7307479224376732,0.7307479224376732,0.7307479224376732,0.7307479224376732,0.7307479224376732,0.7307479224376732,0.7307479224376732,0.7307479224376732,0.7309695290858725,0.7307479224376732,0.7322991689750693,0.7308587257617728,0.7318559556786703,0.7309695290858725,0.7308587257617728,0.7306371191135734,0.7287534626038781,0.7283102493074792,0.7290858725761773,0.7293074792243768,0.728421052631579,0.7297506925207756,0.7300831024930748,0.7313019390581718,0.7309695290858725,0.7309695290858725,0.7309695290858725,0.7310803324099723,0.7310803324099723,0.7309695290858725,0.7309695290858725,0.7315235457063712,0.7309695290858725,0.7313019390581718,0.7313019390581718,0.7313019390581718,0.7313019390581718,0.7313019390581718,0.7313019390581718,0.7313019390581718,0.7313019390581718,0.7313019390581718,0.7313019390581718,0.7305263157894737,0.7308587257617728,0.7303047091412742,0.7299722991689751,0.7313019390581718,0.731191135734072,0.7309695290858725,0.7309695290858725,0.7314127423822715,0.7309695290858725,0.7309695290858725,0.730415512465374,0.731191135734072,0.7300831024930748,0.7307479224376732,0.7313019390581718,0.7316343490304709,0.7307479224376732,0.7313019390581718,0.7310803324099723,0.7310803324099723,0.7317451523545706,0.7314127423822715,0.7313019390581718,0.7307479224376732,0.7305263157894737,0.731191135734072,0.7295290858725761,0.7260941828254848,0.7260941828254848,0.7250969529085872,0.7257617728531855,0.7245429362880886,0.7243213296398892,0.7243213296398892,0.7257617728531855,0.7245429362880886,0.7253185595567867,0.725983379501385,0.7245429362880886,0.7273130193905817,0.7260941828254848,0.7265373961218836,0.7250969529085872,0.7262049861495845,0.7263157894736842,0.7242105263157895,0.7256509695290859,0.726426592797784,0.7270914127423823,0.7270914127423823,0.7248753462603879,0.7267590027700831,0.7255401662049862,0.7255401662049862,0.725207756232687,0.7256509695290859,0.7242105263157895,0.725207756232687,0.7248753462603879,0.7260941828254848,0.7250969529085872,0.7248753462603879,0.7246537396121884,0.7242105263157895,0.7250969529085872,0.7249861495844875,0.726426592797784,0.726426592797784,0.7268698060941828,0.7283102493074792,0.72398891966759,0.72398891966759,0.72398891966759,0.72398891966759,0.72398891966759,0.72398891966759,0.72398891966759,0.72398891966759,0.72398891966759,0.7237673130193906,0.7245429362880886,0.7269806094182826,0.7270914127423823,0.728421052631579,0.7277562326869806,0.7274238227146814,0.7278670360110804,0.725207756232687,0.7268698060941828,0.7269806094182826,0.7260941828254848,0.7286426592797784,0.7278670360110804,0.7297506925207756,0.7297506925207756,0.7285318559556787,0.7278670360110804,0.7287534626038781,0.7283102493074792,0.7283102493074792,0.7283102493074792,0.7283102493074792,0.7283102493074792,0.7283102493074792,0.7283102493074792,0.7283102493074792,0.7283102493074792,0.7283102493074792,0.7283102493074792,0.7283102493074792,0.7283102493074792,0.7283102493074792,0.7283102493074792,0.7283102493074792,0.7283102493074792,0.7283102493074792,0.7283102493074792,0.7283102493074792,0.7283102493074792,0.7283102493074792,0.7283102493074792,0.7283102493074792,0.7283102493074792,0.7283102493074792,0.7287534626038781,0.7287534626038781,0.7295290858725761,0.7295290858725761,0.7295290858725761,0.7295290858725761,0.7283102493074792,0.7299722991689751,0.7286426592797784,0.7287534626038781,0.7280886426592798,0.7269806094182826,0.7285318559556787,0.726426592797784,0.726426592797784,0.726426592797784,0.726426592797784,0.726426592797784,0.726426592797784,0.726426592797784,0.726426592797784,0.726426592797784,0.726426592797784,0.726426592797784,0.7266481994459834,0.7268698060941828,0.7268698060941828,0.7268698060941828,0.7268698060941828,0.7272022160664819,0.7270914127423823,0.7270914127423823,0.7270914127423823,0.7270914127423823,0.7270914127423823,0.7270914127423823,0.7270914127423823,0.7270914127423823,0.7272022160664819,0.7275346260387812,0.7275346260387812,0.7275346260387812,0.7275346260387812,0.7275346260387812,0.7275346260387812,0.7273130193905817,0.7273130193905817,0.7297506925207756,0.7297506925207756,0.7262049861495845,0.7268698060941828,0.7268698060941828,0.7268698060941828,0.7268698060941828,0.7275346260387812,0.7277562326869806,0.7277562326869806,0.7275346260387812,0.7275346260387812,0.7273130193905817,0.7262049861495845,0.7266481994459834,0.7270914127423823,0.7270914127423823,0.7270914127423823,0.7281994459833795,0.7281994459833795,0.7281994459833795,0.7281994459833795,0.7281994459833795,0.7281994459833795,0.72797783933518,0.7283102493074792,0.7293074792243768,0.7276454293628809,0.7276454293628809,0.7276454293628809,0.7276454293628809,0.7276454293628809,0.7276454293628809,0.7276454293628809,0.7276454293628809,0.7283102493074792,0.7293074792243768,0.7297506925207756,0.7281994459833795,0.7281994459833795,0.72797783933518,0.7275346260387812,0.7280886426592798,0.7265373961218836,0.729196675900277,0.7277562326869806,0.728421052631579,0.7270914127423823,0.7283102493074792,0.7277562326869806,0.7270914127423823,0.7286426592797784,0.7286426592797784,0.7287534626038781,0.7290858725761773,0.7281994459833795,0.7281994459833795,0.7278670360110804,0.7278670360110804,0.7278670360110804,0.7276454293628809,0.7276454293628809,0.7276454293628809,0.7280886426592798,0.7280886426592798,0.7283102493074792,0.7283102493074792,0.7283102493074792,0.7283102493074792,0.7283102493074792,0.7283102493074792,0.7283102493074792,0.7283102493074792,0.7283102493074792,0.7283102493074792,0.7283102493074792,0.7283102493074792,0.7275346260387812,0.7280886426592798,0.7286426592797784,0.7285318559556787,0.7285318559556787,0.7247645429362881,0.7257617728531855,0.7255401662049862,0.7268698060941828,0.7256509695290859,0.7262049861495845,0.7262049861495845,0.7249861495844875,0.7285318559556787,0.7262049861495845,0.7266481994459834,0.7265373961218836,0.7250969529085872,0.7260941828254848,0.7248753462603879,0.7248753462603879,0.7248753462603879,0.7248753462603879,0.7250969529085872,0.7250969529085872,0.7250969529085872,0.7255401662049862,0.7253185595567867,0.7255401662049862,0.7253185595567867,0.7250969529085872,0.7260941828254848,0.7253185595567867,0.7253185595567867,0.7253185595567867,0.7253185595567867,0.725207756232687,0.7250969529085872,0.7250969529085872,0.7250969529085872,0.7250969529085872,0.7250969529085872,0.7250969529085872,0.7250969529085872,0.7250969529085872,0.7250969529085872,0.7250969529085872,0.7250969529085872,0.7250969529085872,0.7250969529085872,0.7250969529085872,0.7250969529085872,0.7250969529085872,0.7250969529085872,0.7255401662049862,0.7255401662049862,0.7255401662049862,0.7255401662049862,0.7255401662049862,0.7263157894736842,0.7257617728531855,0.725207756232687,0.7253185595567867,0.7255401662049862,0.7269806094182826,0.7272022160664819,0.7257617728531855,0.7262049861495845,0.7253185595567867,0.7262049861495845,0.7262049861495845,0.7254293628808864,0.725207756232687,0.725207756232687,0.7248753462603879,0.7242105263157895,0.7242105263157895,0.7250969529085872,0.7245429362880886,0.7255401662049862,0.7249861495844875,0.72398891966759,0.7248753462603879,0.7247645429362881,0.7256509695290859,0.7249861495844875,0.7249861495844875,0.7249861495844875,0.7249861495844875,0.7248753462603879,0.725207756232687,0.7254293628808864,0.726426592797784,0.725207756232687,0.7260941828254848,0.7263157894736842,0.7268698060941828,0.7267590027700831
1.0,0.9930193905817174,0.9957894736842106,0.9930193905817174,0.9953462603878116,0.9813850415512465,0.9934626038781164,0.9925761772853186,0.9925761772853186,0.9925761772853186,0.9925761772853186,0.9925761772853186,0.9925761772853186,0.9921329639889197,0.9855955678670361,0.9910249307479224,0.9910249307479224,0.9842659279778393,0.9842659279778393,0.9842659279778393,0.9842659279778393,0.9864819944598338,0.9864819944598338,0.9864819944598338,0.9864819944598338,0.9864819944598338,0.9864819944598338,0.9864819944598338,0.9864819944598338,0.9864819944598338,0.9864819944598338,0.9864819944598338,0.9864819944598338,0.9847091412742383,0.9738504155124654,0.9738504155124654,0.9738504155124654,0.9853739612188366,0.9853739612188366,0.9853739612188366,0.9819390581717452,0.9819390581717452,0.983601108033241,0.983601108033241,0.983601108033241,0.9833795013850416,0.9819390581717452,0.9819390581717452,0.9819390581717452,0.9819390581717452,0.9847091412742383,0.9819390581717452,0.9851523545706371,0.9757340720221607,0.9792797783933518,0.9802770083102493,0.9802770083102493,0.9709695290858725,0.9751800554016621,0.9710803324099723,0.9713019390581717,0.9767313019390582,0.9762880886426593,0.9730747922437674,0.9745152354570638,0.9705263157894737,0.9695290858725761,0.9708587257617729,0.9714127423822715,0.9714127423822715,0.9714127423822715,0.9718559556786703,0.9718559556786703,0.9718559556786703,0.9706371191135734,0.9714127423822715,0.9690858725761773,0.9689750692520775,0.9706371191135734,0.9598891966759002,0.9591135734072023,0.9601108033240997,0.9624376731301939,0.9627700831024931,0.9622160664819944,0.9624376731301939,0.9615512465373961,0.9532409972299168,0.9465927977839336,0.9461495844875346,0.950360110803324,0.9518005540166204,0.9518005540166204,0.9518005540166204,0.9501385041551247,0.9570083102493074,0.9574515235457064,0.9557894736842105,0.9574515235457064,0.9574515235457064,0.9574515235457064,0.9574515235457064,0.9574515235457064,0.9562326869806094,0.9574515235457064,0.9574515235457064,0.9574515235457064,0.9574515235457064,0.9567867036011081,0.9570083102493074,0.9572299168975069,0.9557894736842105,0.9576731301939058,0.9576731301939058,0.9520221606648199,0.9520221606648199,0.9520221606648199,0.954792243767313,0.9545706371191136,0.9522437673130194,0.955567867036011,0.955567867036011,0.9546814404432133,0.9544598337950139,0.9544598337950139,0.9546814404432133,0.9542382271468144,0.950027700831025,0.950027700831025,0.949584487534626,0.9498060941828255,0.9498060941828255,0.950027700831025,0.952797783933518,0.9509141274238228,0.9509141274238228,0.9509141274238228,0.9502493074792244,0.950027700831025,0.950027700831025,0.950027700831025,0.950027700831025,0.9395013850415512,0.9290858725761773,0.9290858725761773,0.9411634349030471,0.941606648199446,0.9408310249307479,0.9409418282548476,0.9424930747922438,0.9424930747922438,0.9413850415512466,0.9413850415512466,0.9407202216066483,0.9380609418282548,0.938393351800554,0.9359556786703601,0.9281994459833796,0.9266481994459834,0.9249861495844875,0.9233240997229917,0.9232132963988919,0.9238781163434903,0.925207756232687,0.9257617728531856,0.9234349030470914,0.9236565096952909,0.9229916897506926,0.9226592797783933,0.9259833795013851,0.9255401662049861,0.9234349030470914,0.9234349030470914,0.9245429362880886,0.9245429362880886,0.9247645429362881,0.9232132963988919,0.9305263157894736,0.9304155124653739,0.9331855955678671,0.9269806094182825,0.9337396121883657,0.9266481994459834,0.9304155124653739,0.9181163434903047,0.9181163434903047,0.9177839335180056,0.9173407202216066,0.9177839335180056,0.9177839335180056,0.9164542936288088,0.9164542936288088,0.9164542936288088,0.9162326869806094,0.9162326869806094,0.9164542936288088,0.9190027700831025,0.9245429362880886,0.9216620498614958,0.9228808864265928,0.9224376731301939,0.921994459833795,0.9215512465373962,0.9229916897506926,0.9231024930747922,0.9227700831024931,0.921994459833795,0.9222160664819945,0.9213296398891967,0.9194459833795013,0.9194459833795013,0.9205540166204986,0.9201108033240997,0.9198891966759003,0.9208864265927977,0.9216620498614958,0.9214404432132964,0.921218836565097,0.9221052631578948,0.9221052631578948,0.9221052631578948,0.921218836565097,0.921218836565097,0.9209972299168975,0.9171191135734073,0.9186703601108033,0.9159002770083102,0.9171191135734073,0.9186703601108033,0.9198891966759003,0.9204432132963989,0.9195567867036011,0.9195567867036011,0.9201108033240997,0.92,0.92,0.92,0.92,0.92,0.92,0.92,0.92,0.92,0.92,0.92,0.92,0.92,0.9196675900277008,0.9211080332409972,0.9211080332409972,0.92,0.92,0.9191135734072022,0.921218836565097,0.9193351800554017,0.9196675900277008,0.9209972299168975,0.921218836565097,0.921218836565097,0.9209972299168975,0.9209972299168975,0.9136842105263158,0.9205540166204986,0.9201108033240997,0.9201108033240997,0.9207756232686981,0.921218836565097,0.9216620498614958,0.9223268698060941,0.9215512465373962,0.921994459833795,0.921994459833795,0.9217728531855955,0.9217728531855955,0.9217728531855955,0.9217728531855955,0.9217728531855955,0.9217728531855955,0.9217728531855955,0.9217728531855955,0.9217728531855955,0.9229916897506926,0.9227700831024931,0.9221052631578948,0.9183379501385042,0.9176731301939058,0.9170083102493075,0.9188919667590028,0.9177839335180056,0.9177839335180056,0.9177839335180056,0.9177839335180056,0.9177839335180056,0.9177839335180056,0.9177839335180056,0.9176731301939058,0.9170083102493075,0.9170083102493075,0.9170083102493075,0.9170083102493075,0.9170083102493075,0.9170083102493075,0.916786703601108,0.916786703601108,0.916786703601108,0.916786703601108,0.916786703601108,0.9172299168975069,0.9159002770083102,0.9161218836565097,0.9161218836565097,0.9161218836565097,0.91601108033241,0.91601108033241,0.9164542936288088,0.9162326869806094,0.9168975069252078,0.9171191135734073,0.9171191135734073,0.9162326869806094,0.9168975069252078,0.9168975069252078,0.9168975069252078,0.9165650969529086,0.9183379501385042,0.9173407202216066,0.9173407202216066,0.9173407202216066,0.9173407202216066,0.9173407202216066,0.9171191135734073,0.9171191135734073,0.9171191135734073,0.9171191135734073,0.9171191135734073,0.9171191135734073,0.9171191135734073,0.916786703601108,0.9166759002770083,0.9164542936288088,0.9162326869806094,0.9162326869806094,0.9162326869806094,0.9162326869806094,0.9162326869806094,0.9162326869806094,0.9162326869806094,0.9162326869806094,0.9162326869806094,0.9153462603878116,0.9153462603878116,0.9162326869806094,0.9162326869806094,0.9162326869806094,0.9162326869806094,0.9155678670360111,0.916786703601108,0.91601108033241,0.91601108033241,0.91601108033241,0.91601108033241,0.91601108033241,0.9157894736842105,0.9157894736842105,0.9157894736842105,0.9149030470914128,0.9149030470914128,0.9149030470914128,0.9146814404432133,0.9146814404432133,0.9146814404432133,0.9146814404432133,0.9146814404432133,0.9146814404432133,0.9153462603878116,0.9156786703601109,0.9162326869806094,0.91601108033241,0.91601108033241,0.9162326869806094,0.9168975069252078,0.9172299168975069,0.9172299168975069,0.916786703601108,0.9163434903047092,0.9163434903047092,0.9159002770083102,0.9175623268698061,0.9162326869806094,0.9164542936288088,0.9171191135734073,0.9171191135734073,0.9166759002770083,0.9164542936288088,0.9172299168975069,0.916786703601108,0.9172299168975069,0.916786703601108,0.9172299168975069,0.9172299168975069,0.916786703601108,0.9170083102493075,0.9164542936288088,0.9126869806094183,0.9126869806094183,0.9130193905817174,0.9124653739612189,0.9141274238227147,0.9124653739612189,0.9129085872576177,0.9150138504155124,0.9150138504155124,0.9143490304709141,0.9143490304709141,0.9143490304709141,0.9139058171745152,0.9137950138504155,0.9130193905817174,0.9149030470914128,0.9149030470914128,0.9149030470914128,0.9149030470914128,0.9149030470914128,0.9149030470914128,0.9149030470914128,0.9149030470914128,0.9149030470914128,0.9149030470914128,0.9149030470914128,0.9149030470914128,0.9149030470914128,0.9149030470914128,0.9149030470914128,0.9149030470914128,0.9149030470914128,0.9149030470914128,0.9149030470914128,0.9149030470914128,0.9157894736842105,0.9154570637119114,0.9154570637119114,0.9154570637119114,0.9154570637119114,0.9154570637119114,0.9154570637119114,0.9154570637119114,0.9154570637119114,0.9154570637119114,0.9150138504155124,0.9150138504155124,0.9150138504155124,0.9150138504155124,0.9150138504155124,0.9150138504155124,0.914792243767313,0.9145706371191136,0.9145706371191136,0.9145706371191136,0.9145706371191136,0.9145706371191136,0.9145706371191136,0.9141274238227147,0.9141274238227147,0.9130193905817174,0.9130193905817174,0.9130193905817174,0.9133518005540167,0.9131301939058172,0.9145706371191136,0.914792243767313,0.914792243767313,0.914792243767313,0.914792243767313,0.9150138504155124,0.9150138504155124,0.9150138504155124,0.9150138504155124,0.9150138504155124,0.9150138504155124,0.9150138504155124,0.9150138504155124,0.9150138504155124,0.9150138504155124,0.9150138504155124,0.9150138504155124,0.9150138504155124,0.9150138504155124,0.9150138504155124,0.9150138504155124,0.9150138504155124,0.9150138504155124,0.9150138504155124,0.9150138504155124,0.9152354570637119,0.9152354570637119,0.9152354570637119,0.9152354570637119,0.9145706371191136,0.9143490304709141,0.9133518005540167,0.9146814404432133,0.9157894736842105,0.9152354570637119,0.9152354570637119,0.9149030470914128,0.9149030470914128,0.912797783933518,0.9142382271468144,0.9142382271468144,0.9132409972299169,0.9131301939058172,0.9132409972299169,0.9132409972299169,0.9132409972299169,0.9132409972299169,0.9142382271468144,0.914016620498615,0.914016620498615,0.9137950138504155,0.9124653739612189,0.9125761772853186,0.9125761772853186,0.9125761772853186,0.912797783933518,0.9142382271468144,0.9142382271468144,0.9142382271468144,0.9142382271468144,0.9133518005540167,0.914016620498615,0.9134626038781164,0.9093628808864266,0.9093628808864266,0.9093628808864266,0.9093628808864266,0.9095844875346261,0.9093628808864266,0.9114681440443213,0.9118005540166205,0.9104709141274239,0.9114681440443213,0.9113573407202216,0.9113573407202216,0.9089196675900277,0.9110249307479225,0.9110249307479225,0.9110249307479225,0.9110249307479225,0.9110249307479225,0.9110249307479225,0.9110249307479225,0.910803324099723,0.9110249307479225,0.9109141274238227,0.911578947368421,0.9110249307479225,0.906814404432133,0.9069252077562326,0.9064819944598338,0.9073684210526316,0.9078116343490304,0.9078116343490304,0.9078116343490304,0.9071468144044321,0.9077008310249307,0.9079224376731302,0.906814404432133,0.9073684210526316,0.9073684210526316,0.9073684210526316,0.9073684210526316,0.9073684210526316,0.9073684210526316,0.9070360110803324,0.9096952908587258,0.9096952908587258,0.9092520775623268,0.9111357340720222,0.9111357340720222,0.9111357340720222,0.9106925207756232,0.9106925207756232,0.9124653739612189,0.9124653739612189,0.9111357340720222,0.9109141274238227,0.9102493074792244,0.9091412742382271,0.9091412742382271,0.9090304709141275,0.9089196675900277,0.9089196675900277,0.9090304709141275,0.9090304709141275,0.9100277008310249,0.9084764542936288,0.9080332409972299,0.9080332409972299,0.9080332409972299,0.9078116343490304,0.9084764542936288,0.9089196675900277,0.9103601108033241,0.9101385041551247,0.9085872576177285,0.9098060941828254,0.9098060941828254,0.9098060941828254,0.9101385041551247,0.9091412742382271,0.9091412742382271,0.9091412742382271,0.9091412742382271,0.9091412742382271,0.9091412742382271,0.9091412742382271,0.9091412742382271,0.9091412742382271,0.9091412742382271,0.9091412742382271,0.9091412742382271,0.9091412742382271,0.9091412742382271,0.9091412742382271,0.9091412742382271,0.9091412742382271,0.9091412742382271,0.9091412742382271,0.9091412742382271,0.9091412742382271,0.9091412742382271,0.9092520775623268,0.9090304709141275,0.9090304709141275,0.9090304709141275,0.9090304709141275,0.9090304709141275,0.9090304709141275,0.9074792243767313,0.9074792243767313,0.9072576177285319,0.9072576177285319,0.9072576177285319,0.9072576177285319,0.9063711911357341,0.9082548476454294,0.9082548476454294,0.9082548476454294,0.9077008310249307,0.9074792243767313,0.9077008310249307,0.9077008310249307,0.906814404432133,0.9072576177285319,0.9084764542936288,0.9084764542936288,0.9084764542936288,0.9084764542936288,0.9084764542936288,0.9084764542936288,0.9084764542936288,0.9084764542936288,0.9084764542936288,0.9084764542936288,0.9084764542936288,0.9082548476454294,0.9082548476454294,0.9079224376731302,0.9079224376731302,0.9079224376731302,0.9079224376731302,0.9081440443213297,0.9081440443213297,0.9081440443213297,0.9081440443213297,0.9081440443213297,0.9081440443213297,0.9081440443213297,0.9081440443213297,0.9081440443213297,0.9081440443213297,0.9081440443213297,0.9081440443213297,0.9081440443213297,0.9072576177285319,0.9072576177285319,0.9069252077562326,0.9079224376731302,0.9074792243767313,0.9074792243767313,0.9074792243767313,0.9074792243767313,0.9074792243767313,0.907590027700831,0.907590027700831,0.907590027700831,0.907590027700831,0.907590027700831,0.907590027700831,0.907590027700831,0.907590027700831,0.907590027700831,0.907590027700831,0.907590027700831,0.907590027700831,0.907590027700831,0.907590027700831,0.907590027700831,0.907590027700831,0.907590027700831,0.907590027700831,0.907590027700831,0.907590027700831,0.907590027700831,0.907590027700831,0.907590027700831,0.907590027700831,0.907590027700831,0.907590027700831,0.907590027700831,0.907590027700831,0.907590027700831,0.907590027700831,0.907590027700831,0.907590027700831,0.907590027700831,0.907590027700831,0.907590027700831,0.907590027700831,0.907590027700831,0.907590027700831,0.907590027700831,0.907590027700831,0.907590027700831,0.907590027700831,0.907590027700831,0.907590027700831,0.907590027700831,0.907590027700831,0.907590027700831,0.907590027700831,0.907590027700831,0.907590027700831,0.907590027700831,0.907590027700831,0.907590027700831,0.907590027700831,0.907590027700831,0.907590027700831,0.907590027700831,0.907590027700831,0.907590027700831,0.907590027700831,0.907590027700831,0.907590027700831,0.907590027700831,0.907590027700831,0.907590027700831,0.907590027700831,0.907590027700831,0.907590027700831,0.907590027700831,0.907590027700831,0.907590027700831,0.907590027700831,0.907590027700831,0.907590027700831,0.907590027700831,0.907590027700831,0.907590027700831,0.907590027700831,0.907590027700831,0.907590027700831,0.907590027700831,0.907590027700831,0.907590027700831,0.907590027700831,0.907590027700831,0.907590027700831,0.907590027700831,0.907590027700831,0.907590027700831,0.907590027700831,0.907590027700831,0.907590027700831,0.907590027700831,0.907590027700831,0.907590027700831,0.907590027700831,0.907590027700831,0.907590027700831,0.907590027700831,0.907590027700831,0.907590027700831,0.907590027700831,0.907590027700831,0.907590027700831,0.907590027700831,0.907590027700831,0.907590027700831,0.907590027700831,0.907590027700831,0.907590027700831,0.907590027700831,0.907590027700831,0.907590027700831,0.907590027700831,0.907590027700831,0.907590027700831,0.907590027700831,0.907590027700831,0.907590027700831,0.907590027700831,0.907590027700831,0.907590027700831,0.907590027700831,0.907590027700831,0.907590027700831,0.907590027700831,0.907590027700831,0.907590027700831,0.907590027700831,0.907590027700831,0.907590027700831,0.907590027700831,0.907590027700831,0.907590027700831,0.907590027700831,0.907590027700831,0.907590027700831,0.907590027700831,0.907590027700831,0.907590027700831,0.9073684210526316,0.9073684210526316,0.9073684210526316,0.908365650969529,0.9071468144044321,0.9071468144044321,0.9071468144044321,0.9071468144044321,0.9071468144044321,0.9071468144044321,0.9071468144044321,0.9071468144044321,0.9071468144044321,0.9073684210526316,0.9073684210526316,0.9073684210526316,0.9073684210526316,0.9073684210526316,0.9073684210526316,0.9073684210526316,0.9073684210526316,0.9073684210526316,0.9073684210526316,0.9073684210526316,0.9073684210526316,0.9074792243767313,0.9080332409972299,0.9080332409972299,0.907590027700831,0.907590027700831,0.9081440443213297,0.9080332409972299,0.9079224376731302,0.9080332409972299,0.9080332409972299,0.9077008310249307,0.9074792243767313,0.9074792243767313,0.9014958448753463,0.9086980609418283,0.9084764542936288,0.9082548476454294,0.9082548476454294,0.9080332409972299,0.9079224376731302,0.9079224376731302,0.9079224376731302,0.9079224376731302,0.9079224376731302,0.9089196675900277,0.9086980609418283,0.9082548476454294,0.9080332409972299,0.9092520775623268,0.9092520775623268,0.9092520775623268,0.9092520775623268,0.9092520775623268,0.9092520775623268,0.9092520775623268,0.9092520775623268,0.9092520775623268,0.9092520775623268,0.9085872576177285,0.9085872576177285,0.9085872576177285,0.9085872576177285,0.9085872576177285,0.9085872576177285,0.9085872576177285,0.9085872576177285,0.9085872576177285,0.9085872576177285,0.9085872576177285,0.9085872576177285,0.9085872576177285,0.9085872576177285,0.9085872576177285,0.9085872576177285,0.9085872576177285,0.9085872576177285,0.9085872576177285,0.9085872576177285,0.9085872576177285,0.9085872576177285,0.9085872576177285,0.9085872576177285,0.9085872576177285,0.9085872576177285,0.9085872576177285,0.9085872576177285,0.9085872576177285,0.9085872576177285,0.9085872576177285,0.9085872576177285,0.9085872576177285,0.9085872576177285,0.9085872576177285,0.9085872576177285,0.9085872576177285,0.9085872576177285,0.9085872576177285,0.9085872576177285,0.9085872576177285,0.9112465373961219,0.9110249307479225,0.9118005540166205,0.9112465373961219,0.9112465373961219,0.9092520775623268,0.908808864265928,0.9070360110803324,0.9078116343490304,0.9078116343490304,0.9078116343490304,0.9071468144044321,0.9071468144044321,0.9067036011080333,0.9067036011080333,0.9067036011080333,0.9067036011080333,0.9067036011080333,0.9067036011080333,0.9067036011080333,0.9067036011080333,0.9067036011080333,0.9067036011080333,0.9067036011080333,0.9067036011080333,0.9067036011080333,0.9067036011080333,0.9067036011080333,0.9067036011080333,0.9067036011080333,0.9067036011080333,0.9067036011080333,0.907590027700831,0.9073684210526316,0.9073684210526316,0.9073684210526316,0.9073684210526316,0.9073684210526316,0.9073684210526316,0.9073684210526316,0.9073684210526316,0.9073684210526316,0.9073684210526316,0.9073684210526316,0.9073684210526316,0.9073684210526316,0.9073684210526316,0.9073684210526316,0.9073684210526316,0.9073684210526316,0.9073684210526316,0.9073684210526316,0.9073684210526316,0.9073684210526316,0.9073684210526316,0.9080332409972299,0.9078116343490304,0.9078116343490304,0.9077008310249307,0.9084764542936288,0.9090304709141275,0.9090304709141275,0.9090304709141275,0.9080332409972299,0.9079224376731302,0.9084764542936288,0.9080332409972299,0.9079224376731302,0.9078116343490304,0.9072576177285319,0.9070360110803324,0.9077008310249307,0.9079224376731302,0.9072576177285319,0.9079224376731302,0.9069252077562326,0.906814404432133,0.9065927977839335,0.9065927977839335,0.9065927977839335,0.9080332409972299,0.9084764542936288,0.9084764542936288,0.9084764542936288,0.9084764542936288,0.9090304709141275,0.9102493074792244,0.9102493074792244,0.9102493074792244,0.9102493074792244,0.9102493074792244,0.9102493074792244,0.9102493074792244,0.9102493074792244,0.9090304709141275,0.9104709141274239,0.9104709141274239,0.9104709141274239,0.9092520775623268,0.9092520775623268,0.9079224376731302,0.9079224376731302,0.9061495844875346,0.9077008310249307,0.9079224376731302,0.9081440443213297,0.908808864265928,0.9058171745152355,0.9065927977839335,0.9048199445983379,0.905595567867036,0.9063711911357341,0.9086980609418283,0.9081440443213297,0.9081440443213297,0.9085872576177285,0.9092520775623268,0.9092520775623268,0.9092520775623268,0.908808864265928,0.9096952908587258,0.9091412742382271,0.9100277008310249,0.9089196675900277,0.9089196675900277,0.9089196675900277,0.9089196675900277,0.9089196675900277,0.9089196675900277,0.9089196675900277,0.9089196675900277,0.9089196675900277,0.9089196675900277,0.9089196675900277,0.9078116343490304,0.9069252077562326,0.9050415512465374,0.9048199445983379,0.9034903047091413,0.9034903047091413,0.9067036011080333,0.9063711911357341,0.9059279778393352,0.9059279778393352,0.9074792243767313,0.9077008310249307,0.9078116343490304,0.9072576177285319,0.9072576177285319,0.9072576177285319,0.9072576177285319,0.9080332409972299,0.9072576177285319,0.9080332409972299,0.9074792243767313,0.9095844875346261,0.9079224376731302,0.9089196675900277,0.9079224376731302,0.9051523545706371,0.9051523545706371,0.9072576177285319,0.906814404432133,0.906814404432133,0.906814404432133,0.906814404432133,0.906814404432133,0.8981717451523545,0.898393351800554,0.8982825484764543,0.8972853185595567,0.9067036011080333,0.9064819944598338,0.9079224376731302,0.907590027700831,0.9093628808864266,0.9091412742382271,0.9091412742382271,0.9092520775623268,0.9074792243767313,0.9080332409972299,0.907590027700831,0.9078116343490304,0.9078116343490304,0.9078116343490304,0.9071468144044321,0.9069252077562326,0.9085872576177285,0.9078116343490304,0.9078116343490304,0.908808864265928,0.9090304709141275,0.9090304709141275,0.9081440443213297,0.9081440443213297,0.9069252077562326,0.9062603878116343,0.9062603878116343,0.9057063711911357,0.9051523545706371,0.9058171745152355,0.905595567867036,0.9067036011080333,0.9067036011080333,0.9073684210526316,0.9069252077562326,0.9069252077562326,0.9069252077562326,0.9069252077562326,0.9069252077562326,0.9069252077562326,0.9069252077562326,0.9069252077562326,0.9073684210526316,0.9071468144044321,0.8985041551246538,0.8950692520775623,0.8980609418282548,0.8980609418282548,0.8980609418282548,0.8980609418282548,0.8980609418282548,0.8980609418282548,0.8980609418282548,0.8980609418282548,0.8980609418282548,0.8980609418282548,0.8980609418282548,0.8980609418282548,0.8986149584487535,0.8966204986149584,0.8968421052631579,0.8968421052631579,0.8968421052631579,0.8966204986149584,0.8965096952908588,0.8965096952908588,0.8969529085872576,0.8961772853185596,0.8961772853185596,0.8961772853185596,0.8961772853185596,0.8961772853185596,0.8961772853185596,0.8970637119113574,0.8970637119113574,0.8975069252077562,0.8968421052631579,0.8995013850415512,0.8985041551246538,0.8938504155124654,0.8986149584487535,0.8988365650969529,0.8988365650969529,0.8978393351800554,0.8975069252077562,0.8982825484764543,0.8982825484764543,0.8982825484764543,0.8982825484764543,0.8982825484764543,0.8987257617728532,0.8992797783933518,0.8977285318559557,0.8971745152354571,0.8975069252077562,0.8970637119113574,0.8991689750692521,0.8982825484764543,0.8982825484764543,0.8982825484764543,0.8982825484764543,0.8982825484764543,0.8982825484764543,0.8993905817174516,0.8993905817174516,0.9002770083102493,0.8998337950138504,0.8981717451523545,0.8987257617728532,0.8987257617728532,0.8982825484764543,0.8982825484764543,0.8982825484764543,0.8982825484764543,0.8982825484764543,0.8982825484764543,0.8982825484764543,0.8982825484764543,0.8982825484764543,0.8982825484764543,0.8982825484764543,0.8985041551246538,0.8985041551246538,0.8985041551246538,0.8985041551246538,0.8979501385041552,0.8975069252077562,0.8975069252077562,0.8975069252077562,0.8975069252077562,0.8975069252077562,0.8975069252077562,0.8975069252077562,0.8975069252077562,0.8972853185595567,0.8975069252077562,0.8975069252077562,0.8975069252077562,0.8975069252077562,0.8975069252077562,0.8975069252077562,0.8975069252077562,0.8975069252077562,0.8975069252077562,0.8975069252077562,0.8975069252077562,0.8975069252077562,0.8975069252077562,0.8975069252077562,0.8978393351800554,0.8977285318559557,0.8980609418282548,0.898393351800554,0.8968421052631579,0.8970637119113574,0.8970637119113574,0.8970637119113574,0.8970637119113574,0.8972853185595567,0.8972853185595567,0.8972853185595567,0.8977285318559557,0.8977285318559557,0.8977285318559557,0.8988365650969529,0.898393351800554,0.8996121883656509,0.8982825484764543,0.8969529085872576,0.8967313019390581,0.8967313019390581,0.897617728531856,0.897617728531856,0.8968421052631579,0.8960664819944598,0.8970637119113574,0.8969529085872576,0.8970637119113574,0.8970637119113574,0.8967313019390581,0.896398891966759,0.896398891966759,0.896398891966759,0.896398891966759,0.896398891966759,0.896398891966759,0.8966204986149584,0.8961772853185596,0.8968421052631579,0.8968421052631579,0.8972853185595567,0.8965096952908588,0.8968421052631579,0.8968421052631579,0.8967313019390581,0.8965096952908588,0.8965096952908588,0.8965096952908588,0.8965096952908588,0.8968421052631579,0.8962880886426593,0.8962880886426593,0.8962880886426593,0.8962880886426593,0.8962880886426593,0.8962880886426593,0.8971745152354571,0.8969529085872576,0.8969529085872576,0.8971745152354571,0.8975069252077562,0.8969529085872576,0.8969529085872576,0.8969529085872576,0.8969529085872576,0.8969529085872576,0.8969529085872576,0.8969529085872576,0.8969529085872576,0.8969529085872576,0.8969529085872576,0.8969529085872576,0.8969529085872576,0.8987257617728532,0.8987257617728532,0.8987257617728532,0.8987257617728532,0.8987257617728532,0.8987257617728532,0.8987257617728532,0.8987257617728532,0.8987257617728532,0.8987257617728532,0.8989473684210526,0.8989473684210526,0.898393351800554,0.8955124653739612,0.8955124653739612,0.8949584487534626,0.8949584487534626,0.8949584487534626,0.8949584487534626,0.8949584487534626,0.8972853185595567,0.8965096952908588,0.8965096952908588,0.8965096952908588,0.8965096952908588,0.8965096952908588,0.8965096952908588,0.8969529085872576,0.8973961218836565,0.8996121883656509,0.8977285318559557,0.8991689750692521,0.8993905817174516,0.8993905817174516,0.8988365650969529,0.8941828254847646,0.8934072022160665,0.8952908587257618,0.8962880886426593,0.895623268698061,0.8954016620498615,0.8910803324099723,0.889972299168975,0.8907479224376731,0.8896398891966759,0.8898614958448754,0.8898614958448754,0.8898614958448754,0.8898614958448754,0.889972299168975,0.889972299168975,0.889972299168975,0.8895290858725762,0.889972299168975,0.889972299168975,0.889972299168975,0.889972299168975,0.889972299168975,0.889972299168975,0.889972299168975,0.889972299168975,0.889972299168975,0.8901939058171745,0.8901939058171745,0.8901939058171745,0.8901939058171745,0.8901939058171745,0.8901939058171745,0.8901939058171745,0.8901939058171745,0.8901939058171745,0.8901939058171745,0.8901939058171745,0.8901939058171745,0.8901939058171745,0.8901939058171745,0.8901939058171745,0.8901939058171745,0.8901939058171745,0.8901939058171745,0.8901939058171745,0.8901939058171745,0.8901939058171745,0.8901939058171745,0.8901939058171745,0.8901939058171745,0.8901939058171745,0.889972299168975,0.889972299168975,0.890415512465374,0.890415512465374,0.890415512465374,0.890415512465374,0.890415512465374,0.890415512465374,0.890415512465374,0.890415512465374,0.890415512465374,0.890415512465374,0.890415512465374,0.890415512465374,0.890415512465374,0.890415512465374,0.890415512465374,0.890415512465374,0.890415512465374,0.890415512465374,0.889972299168975,0.889972299168975,0.8894182825484764,0.8896398891966759,0.8893074792243767,0.8903047091412742,0.8905263157894737,0.8896398891966759,0.8896398891966759,0.8896398891966759,0.8874238227146815,0.8883102493074793,0.8883102493074793,0.8883102493074793,0.889196675900277,0.8887534626038781,0.8905263157894737,0.8905263157894737,0.8896398891966759,0.8896398891966759,0.8896398891966759,0.8896398891966759,0.8896398891966759,0.8896398891966759,0.8894182825484764,0.8896398891966759,0.8894182825484764,0.889196675900277,0.889196675900277,0.889196675900277,0.889196675900277,0.889196675900277,0.889196675900277,0.889196675900277,0.889196675900277,0.889196675900277,0.889196675900277,0.889196675900277,0.889196675900277,0.889196675900277,0.889196675900277,0.889196675900277,0.8893074792243767,0.8895290858725762,0.8886426592797784,0.8894182825484764,0.8895290858725762,0.8860941828254848,0.8865373961218836,0.8856509695290858,0.8577285318559557,0.8577285318559557,0.8577285318559557,0.8638227146814405,0.8522991689750693,0.8454293628808864,0.8463157894736842,0.8478670360110804,0.8480886426592797,0.850415512465374,0.850415512465374,0.850415512465374,0.850415512465374,0.850415512465374,0.8506371191135734,0.8510803324099723,0.8524099722991689,0.851191135734072,0.8508587257617729,0.8521883656509696,0.8521883656509696,0.8524099722991689,0.8500831024930748,0.8509695290858725,0.8528531855955679,0.8509695290858725,0.851191135734072,0.850415512465374,0.850415512465374,0.8499722991689751,0.8506371191135734,0.8514127423822715,0.8514127423822715,0.8516343490304709,0.8516343490304709,0.8516343490304709,0.8516343490304709,0.8516343490304709,0.8516343490304709,0.8516343490304709,0.8516343490304709,0.8516343490304709,0.8516343490304709,0.8516343490304709,0.8516343490304709,0.8516343490304709,0.8516343490304709,0.851191135734072,0.8514127423822715,0.8514127423822715,0.851191135734072,0.8519667590027701,0.8524099722991689,0.8520775623268698,0.8520775623268698,0.8520775623268698,0.8520775623268698,0.8520775623268698,0.8520775623268698,0.8520775623268698,0.8520775623268698,0.8520775623268698,0.8520775623268698,0.8520775623268698,0.8520775623268698,0.8520775623268698,0.8520775623268698,0.8520775623268698,0.8520775623268698,0.8519667590027701,0.8525207756232687,0.8525207756232687,0.8527423822714681,0.8527423822714681,0.8527423822714681,0.8525207756232687,0.8509695290858725,0.8521883656509696,0.8519667590027701,0.8526315789473684,0.8540720221606648,0.8540720221606648,0.8540720221606648,0.8540720221606648,0.8538504155124653,0.8524099722991689,0.8529639889196676,0.853628808864266,0.853628808864266,0.853628808864266,0.853628808864266,0.853628808864266,0.853628808864266,0.853628808864266,0.8530747922437674,0.8529639889196676,0.853185595567867,0.8522991689750693,0.8530747922437674,0.8528531855955679,0.8534072022160665,0.8516343490304709,0.8526315789473684,0.8526315789473684,0.8525207756232687,0.8518559556786703,0.8516343490304709,0.8516343490304709,0.8516343490304709,0.8516343490304709,0.8518559556786703,0.8520775623268698,0.8525207756232687,0.8520775623268698,0.853185595567867,0.853185595567867,0.8525207756232687,0.8528531855955679,0.8530747922437674,0.8528531855955679,0.8530747922437674,0.853185595567867,0.8528531855955679,0.8528531855955679,0.8530747922437674,0.8530747922437674,0.8530747922437674,0.8530747922437674,0.8530747922437674,0.8530747922437674,0.8530747922437674,0.8530747922437674,0.8530747922437674,0.8530747922437674,0.8530747922437674,0.8530747922437674,0.8528531855955679,0.8526315789473684,0.8526315789473684,0.8526315789473684,0.8526315789473684,0.8530747922437674,0.8530747922437674,0.8530747922437674,0.8530747922437674,0.8530747922437674,0.8530747922437674,0.8530747922437674,0.8530747922437674,0.8530747922437674,0.8530747922437674,0.8530747922437674,0.8530747922437674,0.8530747922437674,0.8530747922437674,0.8534072022160665,0.8534072022160665,0.8534072022160665,0.8534072022160665,0.8534072022160665,0.8534072022160665,0.8534072022160665,0.8534072022160665,0.8534072022160665,0.8534072022160665,0.8534072022160665,0.8534072022160665,0.8534072022160665,0.8534072022160665,0.8534072022160665,0.8534072022160665,0.8534072022160665,0.8534072022160665,0.8534072022160665,0.8534072022160665,0.853628808864266,0.853628808864266,0.853628808864266,0.853628808864266,0.853628808864266,0.853628808864266,0.853628808864266,0.853628808864266,0.8529639889196676,0.8529639889196676,0.8529639889196676,0.8529639889196676,0.8529639889196676,0.8529639889196676,0.8529639889196676,0.8529639889196676,0.8529639889196676,0.8529639889196676,0.8529639889196676,0.8529639889196676,0.8529639889196676,0.8529639889196676,0.8529639889196676,0.8529639889196676,0.8529639889196676,0.8529639889196676,0.8529639889196676,0.8529639889196676,0.8529639889196676,0.8529639889196676,0.8529639889196676,0.8529639889196676,0.8529639889196676,0.8529639889196676,0.8529639889196676,0.8529639889196676,0.8529639889196676,0.8529639889196676,0.8529639889196676,0.8529639889196676,0.8529639889196676,0.8534072022160665,0.8534072022160665,0.8534072022160665,0.8534072022160665,0.8534072022160665,0.8534072022160665,0.8534072022160665,0.8534072022160665,0.8534072022160665,0.8534072022160665,0.8534072022160665,0.8534072022160665,0.8534072022160665,0.8534072022160665,0.8534072022160665,0.8534072022160665,0.8534072022160665,0.8534072022160665,0.8534072022160665,0.8534072022160665,0.8534072022160665,0.8534072022160665,0.8534072022160665,0.8534072022160665,0.8534072022160665,0.8534072022160665,0.8534072022160665,0.8534072022160665,0.8534072022160665,0.8534072022160665,0.8534072022160665,0.8534072022160665,0.8534072022160665,0.8534072022160665,0.8534072022160665,0.8534072022160665,0.8534072022160665,0.8534072022160665,0.8534072022160665,0.8534072022160665,0.8534072022160665,0.8534072022160665,0.8534072022160665,0.8534072022160665,0.8534072022160665,0.8534072022160665,0.8534072022160665,0.8534072022160665,0.8534072022160665,0.8534072022160665,0.8534072022160665,0.8534072022160665,0.8534072022160665,0.8534072022160665,0.8534072022160665,0.8534072022160665,0.8534072022160665,0.8534072022160665,0.8534072022160665,0.8534072022160665,0.8534072022160665,0.8534072022160665,0.8534072022160665,0.8534072022160665,0.8534072022160665,0.8534072022160665,0.8534072022160665,0.8534072022160665,0.8534072022160665,0.8534072022160665,0.8534072022160665,0.8534072022160665,0.8534072022160665,0.8534072022160665,0.8534072022160665,0.8534072022160665,0.8534072022160665,0.8534072022160665,0.8534072022160665,0.8534072022160665,0.8534072022160665,0.8534072022160665,0.8534072022160665,0.8534072022160665,0.8534072022160665,0.8534072022160665,0.8534072022160665,0.8534072022160665,0.8534072022160665,0.8534072022160665,0.8534072022160665,0.8534072022160665,0.8534072022160665,0.8534072022160665,0.8534072022160665,0.8534072022160665,0.8534072022160665,0.8534072022160665,0.8534072022160665,0.8534072022160665,0.8534072022160665,0.8534072022160665,0.8534072022160665,0.8534072022160665,0.8534072022160665,0.8534072022160665,0.8534072022160665,0.8534072022160665,0.8534072022160665,0.8534072022160665,0.8534072022160665,0.8534072022160665,0.8534072022160665,0.8534072022160665,0.8534072022160665,0.8534072022160665,0.8534072022160665,0.8534072022160665,0.8534072022160665,0.8534072022160665,0.8534072022160665,0.8534072022160665,0.8534072022160665,0.8534072022160665,0.8520775623268698,0.8520775623268698,0.8520775623268698,0.8520775623268698,0.8520775623268698,0.8497506925207756,0.8522991689750693,0.8522991689750693,0.8522991689750693,0.8522991689750693,0.8522991689750693,0.8522991689750693,0.8522991689750693,0.8522991689750693,0.8522991689750693,0.8522991689750693,0.8522991689750693,0.8522991689750693,0.8522991689750693,0.8522991689750693,0.8522991689750693,0.8522991689750693,0.8522991689750693,0.8522991689750693,0.8522991689750693,0.8522991689750693,0.8522991689750693,0.8522991689750693,0.8522991689750693,0.8522991689750693,0.8522991689750693,0.8522991689750693,0.8522991689750693,0.8522991689750693,0.8522991689750693,0.8522991689750693,0.8522991689750693,0.8522991689750693,0.8522991689750693,0.8522991689750693,0.8522991689750693,0.8522991689750693,0.8522991689750693,0.8522991689750693,0.8522991689750693,0.8522991689750693,0.8522991689750693,0.8522991689750693,0.8522991689750693,0.8522991689750693,0.8522991689750693,0.8522991689750693,0.8522991689750693,0.8522991689750693,0.8522991689750693,0.8522991689750693,0.8522991689750693,0.8522991689750693,0.8522991689750693,0.8522991689750693,0.8522991689750693,0.8522991689750693,0.8522991689750693,0.8522991689750693,0.8522991689750693,0.8522991689750693,0.8522991689750693,0.8522991689750693,0.8522991689750693,0.8522991689750693,0.8522991689750693,0.8522991689750693,0.8522991689750693,0.8522991689750693,0.8522991689750693,0.8522991689750693,0.8522991689750693,0.8522991689750693,0.8522991689750693,0.8522991689750693,0.8522991689750693,0.8522991689750693,0.8522991689750693,0.8522991689750693,0.8522991689750693,0.8522991689750693,0.8522991689750693,0.8522991689750693,0.8522991689750693,0.8522991689750693,0.8522991689750693,0.8522991689750693,0.8522991689750693,0.8522991689750693,0.8522991689750693,0.8522991689750693,0.8522991689750693,0.8522991689750693,0.8522991689750693,0.8522991689750693,0.8522991689750693,0.8522991689750693,0.8522991689750693,0.8522991689750693,0.8522991689750693,0.8522991689750693,0.8522991689750693,0.8522991689750693,0.8522991689750693,0.8522991689750693,0.8522991689750693,0.8522991689750693,0.8522991689750693,0.8522991689750693,0.8522991689750693,0.8522991689750693,0.8522991689750693,0.8522991689750693,0.8522991689750693,0.8522991689750693,0.8522991689750693,0.8522991689750693,0.8522991689750693,0.8522991689750693,0.8522991689750693,0.8522991689750693,0.8522991689750693,0.8522991689750693,0.8522991689750693,0.8522991689750693,0.8522991689750693,0.8522991689750693,0.8522991689750693,0.8522991689750693,0.8522991689750693,0.8522991689750693,0.8522991689750693,0.8522991689750693,0.8522991689750693,0.8522991689750693,0.8522991689750693,0.8522991689750693,0.8522991689750693,0.8522991689750693,0.8522991689750693,0.8522991689750693,0.8522991689750693,0.8522991689750693,0.8522991689750693,0.8522991689750693,0.8522991689750693,0.8522991689750693,0.8522991689750693,0.8522991689750693,0.8522991689750693,0.8522991689750693,0.8522991689750693,0.8522991689750693,0.8522991689750693,0.8522991689750693,0.8522991689750693,0.8522991689750693,0.8522991689750693,0.8522991689750693,0.8522991689750693,0.8522991689750693,0.8522991689750693,0.8522991689750693,0.8522991689750693,0.8522991689750693,0.8522991689750693,0.8522991689750693,0.8522991689750693,0.8522991689750693,0.8522991689750693,0.8522991689750693,0.8522991689750693,0.8522991689750693,0.8522991689750693,0.8522991689750693,0.8522991689750693,0.8522991689750693,0.8522991689750693,0.8522991689750693,0.8522991689750693,0.8522991689750693,0.8522991689750693,0.8522991689750693,0.8522991689750693,0.8522991689750693,0.8522991689750693,0.8522991689750693,0.8522991689750693,0.8522991689750693,0.851191135734072,0.851191135734072,0.851191135734072,0.851191135734072,0.851191135734072,0.851191135734072,0.851191135734072,0.851191135734072,0.851191135734072,0.8503047091412742,0.8483102493074792,0.8483102493074792,0.8483102493074792,0.8483102493074792,0.8483102493074792,0.8483102493074792,0.8495290858725761,0.8495290858725761,0.8495290858725761,0.8486426592797784,0.8486426592797784,0.8486426592797784,0.8486426592797784,0.8486426592797784,0.8488642659279778,0.8488642659279778,0.8488642659279778,0.8488642659279778,0.8488642659279778,0.8488642659279778,0.8488642659279778,0.8475346260387812,0.8468698060941828,0.84797783933518,0.8478670360110804,0.8476454293628809,0.8469806094182826,0.8472022160664819,0.8472022160664819,0.8472022160664819,0.8472022160664819,0.8472022160664819,0.8472022160664819,0.8472022160664819,0.8472022160664819,0.8472022160664819,0.8472022160664819,0.8472022160664819,0.8472022160664819,0.8472022160664819,0.8481994459833795,0.8472022160664819,0.8472022160664819,0.8481994459833795,0.8481994459833795,0.8481994459833795,0.8481994459833795,0.8481994459833795,0.8481994459833795,0.8481994459833795,0.8481994459833795,0.8481994459833795,0.8481994459833795,0.8481994459833795,0.8481994459833795,0.84797783933518,0.8481994459833795,0.8481994459833795,0.8481994459833795,0.8481994459833795,0.8481994459833795,0.8481994459833795,0.8481994459833795,0.8481994459833795,0.8481994459833795,0.8481994459833795,0.8481994459833795,0.8481994459833795,0.8481994459833795,0.8481994459833795,0.8481994459833795,0.8474238227146814,0.8478670360110804,0.8486426592797784,0.8478670360110804,0.8478670360110804,0.8480886426592797,0.8478670360110804,0.8480886426592797,0.8475346260387812,0.8472022160664819,0.8476454293628809,0.8472022160664819,0.84797783933518,0.8481994459833795,0.8475346260387812,0.8475346260387812,0.8475346260387812,0.8475346260387812,0.8475346260387812,0.8475346260387812,0.8475346260387812,0.8487534626038781,0.8480886426592797,0.8480886426592797,0.84797783933518,0.8485318559556787,0.8477562326869806,0.8472022160664819,0.8477562326869806,0.8477562326869806,0.8475346260387812,0.8475346260387812,0.8475346260387812,0.8475346260387812,0.8475346260387812,0.848421052631579,0.8474238227146814,0.8467590027700831,0.8493074792243768,0.8493074792243768,0.8493074792243768,0.8493074792243768,0.8493074792243768,0.8493074792243768,0.8493074792243768,0.8493074792243768,0.8493074792243768,0.8493074792243768,0.8493074792243768,0.8493074792243768,0.8493074792243768,0.8493074792243768,0.8493074792243768,0.8493074792243768,0.8493074792243768,0.8493074792243768,0.8493074792243768,0.8493074792243768,0.8493074792243768,0.8493074792243768,0.8493074792243768,0.8493074792243768,0.8493074792243768,0.8493074792243768,0.8493074792243768,0.8493074792243768,0.8493074792243768,0.8497506925207756,0.8488642659279778,0.8490858725761773,0.8490858725761773,0.8490858725761773,0.8490858725761773,0.8490858725761773,0.8490858725761773,0.8490858725761773,0.8490858725761773,0.8486426592797784,0.8486426592797784,0.8486426592797784,0.8486426592797784,0.8486426592797784,0.8486426592797784,0.8486426592797784,0.8490858725761773,0.8477562326869806,0.8475346260387812,0.8475346260387812,0.8475346260387812,0.8475346260387812,0.8475346260387812,0.8475346260387812,0.8477562326869806,0.8477562326869806,0.8478670360110804,0.8477562326869806,0.8475346260387812,0.8478670360110804,0.8481994459833795,0.8481994459833795,0.8481994459833795,0.8481994459833795,0.8481994459833795,0.8481994459833795,0.8481994459833795,0.8481994459833795,0.8481994459833795,0.8481994459833795,0.8481994459833795,0.84797783933518,0.8473130193905817,0.8472022160664819,0.8472022160664819,0.8478670360110804,0.8478670360110804,0.8478670360110804,0.8478670360110804,0.8478670360110804,0.8478670360110804,0.8483102493074792,0.84797783933518,0.8476454293628809,0.8480886426592797,0.8483102493074792,0.8483102493074792,0.8485318559556787,0.8478670360110804,0.8478670360110804,0.8480886426592797,0.8485318559556787,0.8481994459833795,0.84797783933518,0.84797783933518,0.84797783933518,0.8483102493074792,0.8481994459833795,0.8490858725761773,0.8490858725761773,0.8490858725761773,0.8490858725761773,0.8490858725761773,0.8490858725761773,0.8490858725761773,0.848421052631579,0.8475346260387812,0.8488642659279778,0.8488642659279778,0.8488642659279778,0.8488642659279778,0.8486426592797784,0.8486426592797784,0.8486426592797784,0.8486426592797784,0.8486426592797784,0.8486426592797784,0.8486426592797784,0.8486426592797784,0.8486426592797784,0.8486426592797784,0.8486426592797784,0.8486426592797784,0.8486426592797784,0.8486426592797784,0.8486426592797784,0.8486426592797784,0.8486426592797784,0.8486426592797784,0.8486426592797784,0.8486426592797784,0.8486426592797784,0.8486426592797784,0.8486426592797784,0.8486426592797784,0.8486426592797784,0.8486426592797784,0.8486426592797784,0.8486426592797784,0.8486426592797784,0.8486426592797784,0.8486426592797784,0.8486426592797784,0.8486426592797784,0.8486426592797784,0.8486426592797784,0.8490858725761773,0.8490858725761773,0.8486426592797784,0.8467590027700831,0.8470914127423823,0.84797783933518,0.8465373961218836,0.8465373961218836,0.8465373961218836,0.8465373961218836,0.8465373961218836,0.8465373961218836,0.8463157894736842,0.8463157894736842,0.8463157894736842,0.8463157894736842,0.8467590027700831,0.8465373961218836,0.8465373961218836,0.8465373961218836,0.8465373961218836,0.8465373961218836,0.8465373961218836,0.8453185595567867,0.8456509695290859,0.8450969529085872,0.8450969529085872,0.8450969529085872,0.8455401662049862,0.8457617728531855,0.8457617728531855,0.8457617728531855,0.8457617728531855,0.8457617728531855,0.8457617728531855,0.8457617728531855,0.8457617728531855,0.8450969529085872,0.8458725761772853,0.8442105263157895,0.8442105263157895,0.8442105263157895,0.8442105263157895,0.8442105263157895,0.8442105263157895,0.8442105263157895,0.8442105263157895,0.8442105263157895,0.8442105263157895,0.8442105263157895,0.8442105263157895,0.8442105263157895,0.8442105263157895,0.8442105263157895,0.8442105263157895,0.8442105263157895,0.8442105263157895,0.8442105263157895,0.8442105263157895,0.8442105263157895,0.8442105263157895,0.8436565096952908,0.84398891966759,0.84398891966759,0.8448753462603878,0.8450969529085872,0.8448753462603878,0.8448753462603878,0.8448753462603878,0.8448753462603878,0.8448753462603878,0.8445429362880886,0.8450969529085872,0.8450969529085872,0.8450969529085872,0.8450969529085872,0.8450969529085872,0.8450969529085872,0.8450969529085872,0.8450969529085872,0.8450969529085872,0.8450969529085872,0.8468698060941828,0.8468698060941828,0.8468698060941828,0.8456509695290859,0.8458725761772853,0.8465373961218836,0.8465373961218836,0.8465373961218836,0.8460941828254848,0.8460941828254848,0.8460941828254848,0.8460941828254848,0.8460941828254848,0.8460941828254848,0.8460941828254848,0.8463157894736842,0.8463157894736842,0.8463157894736842,0.8463157894736842,0.8463157894736842,0.8463157894736842,0.8463157894736842,0.8463157894736842,0.8463157894736842,0.8463157894736842,0.8463157894736842,0.8463157894736842,0.8463157894736842,0.8463157894736842,0.8463157894736842,0.8469806094182826,0.8474238227146814,0.8474238227146814,0.8467590027700831,0.8467590027700831,0.8467590027700831,0.8455401662049862,0.8463157894736842,0.8474238227146814,0.8467590027700831,0.846426592797784,0.846426592797784,0.8474238227146814,0.8472022160664819,0.8472022160664819,0.8472022160664819,0.8472022160664819,0.8472022160664819,0.8472022160664819,0.8472022160664819,0.8472022160664819,0.8472022160664819,0.8472022160664819,0.8462049861495845,0.8474238227146814,0.8474238227146814,0.8474238227146814,0.8474238227146814,0.8476454293628809,0.8474238227146814,0.8474238227146814,0.8474238227146814,0.8474238227146814,0.8474238227146814,0.8474238227146814,0.8465373961218836,0.8465373961218836,0.845983379501385,0.8457617728531855,0.8467590027700831,0.8467590027700831,0.8467590027700831,0.8467590027700831,0.8462049861495845,0.8467590027700831,0.8467590027700831,0.8467590027700831,0.8467590027700831,0.8474238227146814,0.8474238227146814,0.845983379501385,0.8468698060941828,0.8457617728531855,0.8457617728531855,0.8465373961218836,0.8460941828254848,0.8460941828254848,0.8460941828254848,0.8460941828254848,0.8474238227146814,0.845983379501385,0.845983379501385,0.845983379501385,0.845983379501385,0.845983379501385,0.8462049861495845,0.845983379501385,0.845983379501385,0.8472022160664819,0.8457617728531855,0.8456509695290859,0.8449861495844876,0.8469806094182826,0.8469806094182826,0.8469806094182826,0.8469806094182826,0.8472022160664819,0.8474238227146814,0.8468698060941828,0.8468698060941828,0.8468698060941828,0.8468698060941828,0.8468698060941828,0.8468698060941828,0.8468698060941828,0.846426592797784,0.8466481994459834,0.8466481994459834,0.8466481994459834,0.8466481994459834,0.8466481994459834,0.8466481994459834,0.8466481994459834,0.8466481994459834,0.8466481994459834,0.8466481994459834,0.8466481994459834,0.8466481994459834,0.8466481994459834,0.8466481994459834,0.8466481994459834,0.8466481994459834,0.8466481994459834,0.8466481994459834,0.8466481994459834,0.8466481994459834,0.8466481994459834,0.8466481994459834,0.8466481994459834,0.8466481994459834,0.8466481994459834,0.8466481994459834,0.8466481994459834,0.8466481994459834,0.8466481994459834,0.8466481994459834,0.8466481994459834,0.8466481994459834,0.8466481994459834,0.8466481994459834,0.8466481994459834,0.8466481994459834,0.8466481994459834,0.8466481994459834,0.8466481994459834,0.8466481994459834,0.8466481994459834,0.8466481994459834,0.8466481994459834,0.8466481994459834,0.8466481994459834,0.8466481994459834,0.8466481994459834,0.8466481994459834,0.8466481994459834,0.8466481994459834,0.8466481994459834,0.8466481994459834,0.8466481994459834,0.8466481994459834,0.8466481994459834,0.8466481994459834,0.8466481994459834,0.8466481994459834,0.8466481994459834,0.8468698060941828,0.8468698060941828,0.8468698060941828,0.8468698060941828,0.8468698060941828,0.8468698060941828,0.8468698060941828,0.8468698060941828,0.8468698060941828,0.8468698060941828,0.8468698060941828,0.8468698060941828,0.8468698060941828,0.8468698060941828,0.8470914127423823,0.8470914127423823,0.8470914127423823,0.8470914127423823,0.8470914127423823,0.8470914127423823,0.8470914127423823,0.8468698060941828,0.8466481994459834,0.8466481994459834,0.8466481994459834,0.8466481994459834,0.8466481994459834,0.8466481994459834,0.8460941828254848,0.8466481994459834,0.8460941828254848,0.8462049861495845,0.8462049861495845,0.846426592797784,0.846426592797784,0.846426592797784,0.8456509695290859,0.8466481994459834,0.8466481994459834,0.8466481994459834,0.8450969529085872,0.8466481994459834,0.8466481994459834,0.8466481994459834,0.8466481994459834,0.8466481994459834,0.8466481994459834,0.8466481994459834,0.8466481994459834,0.8455401662049862,0.8455401662049862,0.8455401662049862,0.8455401662049862,0.8453185595567867,0.8444321329639889,0.8460941828254848,0.845983379501385,0.8445429362880886,0.8460941828254848,0.8469806094182826,0.8457617728531855,0.8457617728531855,0.8457617728531855,0.8457617728531855,0.8457617728531855,0.8457617728531855,0.8457617728531855,0.8457617728531855,0.8457617728531855,0.8457617728531855,0.8457617728531855,0.8457617728531855,0.8457617728531855,0.8457617728531855,0.8457617728531855,0.8457617728531855,0.8457617728531855,0.8457617728531855,0.8457617728531855,0.8457617728531855,0.8457617728531855,0.8457617728531855,0.8457617728531855,0.8457617728531855,0.8457617728531855,0.8457617728531855,0.8457617728531855,0.8455401662049862,0.8466481994459834,0.8470914127423823,0.8440997229916898,0.8462049861495845,0.845983379501385,0.845983379501385,0.8458725761772853,0.8458725761772853,0.8458725761772853,0.8458725761772853,0.8458725761772853,0.8449861495844876,0.8436565096952908,0.8443213296398892,0.8443213296398892,0.8443213296398892,0.8443213296398892,0.8443213296398892,0.8443213296398892,0.8443213296398892,0.8443213296398892,0.8443213296398892,0.8443213296398892,0.8443213296398892,0.8443213296398892,0.8443213296398892,0.8443213296398892,0.8443213296398892,0.8443213296398892,0.8443213296398892,0.8443213296398892,0.8443213296398892,0.8443213296398892,0.8443213296398892,0.8443213296398892,0.8443213296398892,0.8443213296398892,0.8443213296398892,0.8443213296398892,0.8443213296398892,0.8443213296398892,0.8443213296398892,0.8443213296398892,0.8443213296398892,0.8446537396121884,0.8447645429362881,0.8447645429362881,0.8447645429362881,0.8447645429362881,0.8447645429362881,0.8447645429362881,0.8447645429362881,0.8447645429362881,0.8447645429362881,0.8447645429362881,0.8447645429362881,0.8447645429362881,0.8447645429362881,0.8447645429362881,0.8447645429362881,0.8447645429362881,0.8447645429362881,0.8447645429362881,0.8447645429362881,0.8447645429362881,0.8447645429362881,0.8447645429362881,0.8447645429362881,0.8447645429362881,0.8447645429362881,0.8447645429362881,0.8447645429362881,0.8447645429362881,0.8447645429362881,0.8447645429362881,0.8447645429362881,0.8447645429362881,0.8447645429362881,0.8447645429362881,0.8447645429362881,0.8447645429362881,0.845207756232687,0.845207756232687,0.845207756232687,0.845207756232687,0.845207756232687,0.845207756232687,0.845207756232687,0.845207756232687,0.845207756232687,0.845207756232687,0.845207756232687,0.845207756232687,0.845207756232687,0.845207756232687,0.845207756232687,0.845207756232687,0.845207756232687,0.845207756232687,0.845207756232687,0.845207756232687,0.845207756232687,0.845207756232687,0.845207756232687,0.845207756232687,0.845207756232687,0.845207756232687,0.845207756232687,0.845207756232687,0.845207756232687,0.845207756232687,0.8447645429362881,0.8447645429362881,0.8447645429362881,0.8447645429362881,0.8447645429362881,0.8447645429362881,0.8447645429362881,0.8447645429362881,0.8443213296398892,0.8454293628808864,0.8450969529085872,0.8453185595567867,0.8466481994459834,0.8456509695290859,0.8458725761772853,0.8458725761772853,0.845983379501385,0.8455401662049862,0.8466481994459834,0.8469806094182826,0.8445429362880886,0.8445429362880886,0.8445429362880886,0.8450969529085872,0.8450969529085872,0.8450969529085872,0.8450969529085872,0.8450969529085872,0.8450969529085872,0.8450969529085872,0.8450969529085872,0.8450969529085872,0.8455401662049862,0.845207756232687,0.8448753462603878,0.8454293628808864,0.8454293628808864,0.8454293628808864,0.8454293628808864,0.8446537396121884,0.8448753462603878,0.8448753462603878,0.8456509695290859,0.8449861495844876,0.845207756232687,0.845207756232687,0.845207756232687,0.845207756232687,0.845207756232687,0.845207756232687,0.845207756232687,0.845207756232687,0.845207756232687,0.845207756232687,0.8454293628808864,0.8454293628808864,0.8454293628808864,0.8454293628808864,0.8454293628808864,0.8454293628808864,0.8454293628808864,0.8454293628808864,0.8454293628808864,0.8454293628808864,0.8454293628808864,0.8454293628808864,0.8454293628808864,0.8454293628808864,0.8454293628808864,0.8454293628808864,0.8454293628808864,0.8454293628808864,0.8454293628808864,0.8454293628808864,0.8454293628808864,0.8454293628808864,0.8454293628808864,0.8454293628808864,0.8454293628808864,0.8454293628808864,0.8454293628808864,0.8454293628808864,0.8454293628808864,0.8454293628808864,0.8454293628808864,0.8454293628808864,0.8454293628808864,0.8454293628808864,0.8449861495844876,0.845207756232687,0.845207756232687,0.845207756232687,0.845207756232687,0.8454293628808864,0.8454293628808864,0.8454293628808864,0.8454293628808864,0.8454293628808864,0.8454293628808864,0.8454293628808864,0.8454293628808864,0.8454293628808864,0.8454293628808864,0.8454293628808864,0.8454293628808864,0.8454293628808864,0.8454293628808864,0.8454293628808864,0.8454293628808864,0.8454293628808864,0.8454293628808864,0.8454293628808864,0.8454293628808864,0.8454293628808864,0.8454293628808864,0.8454293628808864,0.8454293628808864,0.8454293628808864,0.8454293628808864,0.8454293628808864,0.8454293628808864,0.8454293628808864,0.8454293628808864,0.8454293628808864,0.8455401662049862,0.8453185595567867,0.8453185595567867,0.8453185595567867,0.8455401662049862,0.8433240997229917,0.8438781163434903,0.84398891966759,0.8419944598337951,0.8422160664819944,0.8422160664819944,0.8426592797783934,0.8424376731301939,0.8419944598337951,0.8436565096952908,0.8428808864265928,0.8434349030470915,0.8433240997229917,0.8424376731301939,0.8428808864265928,0.843213296398892,0.8429916897506925,0.8423268698060942,0.8424376731301939,0.8427700831024931,0.8423268698060942,0.8427700831024931,0.843213296398892,0.843213296398892,0.8436565096952908,0.8433240997229917,0.8433240997229917,0.8433240997229917,0.8433240997229917,0.8433240997229917,0.8433240997229917,0.8433240997229917,0.8426592797783934,0.8426592797783934,0.8426592797783934,0.8426592797783934,0.8426592797783934,0.8426592797783934,0.8426592797783934,0.8426592797783934,0.8426592797783934,0.8426592797783934,0.8426592797783934,0.8426592797783934,0.8424376731301939,0.8424376731301939,0.8424376731301939,0.8424376731301939,0.8424376731301939,0.8424376731301939,0.8424376731301939,0.8426592797783934,0.8426592797783934,0.8426592797783934,0.8426592797783934,0.8426592797783934,0.8426592797783934,0.8426592797783934,0.8426592797783934,0.8426592797783934,0.8422160664819944,0.8424376731301939,0.8422160664819944,0.8422160664819944,0.8422160664819944,0.8422160664819944,0.8424376731301939,0.8424376731301939,0.8424376731301939,0.8424376731301939,0.8434349030470915,0.8434349030470915,0.8421052631578947,0.8433240997229917,0.8435457063711911,0.8437673130193906,0.8435457063711911,0.8433240997229917,0.8414404432132964,0.8416620498614958,0.8421052631578947,0.8427700831024931,0.8425484764542936,0.8425484764542936,0.8427700831024931,0.8427700831024931,0.8427700831024931,0.8427700831024931,0.8427700831024931,0.8423268698060942,0.8423268698060942,0.8423268698060942,0.8423268698060942,0.8423268698060942,0.8423268698060942,0.8423268698060942,0.8435457063711911,0.8418836565096953,0.8423268698060942,0.8435457063711911,0.8435457063711911,0.8435457063711911,0.8435457063711911,0.8435457063711911,0.8435457063711911,0.8435457063711911,0.8435457063711911,0.8435457063711911,0.8435457063711911,0.8435457063711911,0.8435457063711911,0.8435457063711911,0.8435457063711911,0.8435457063711911,0.8435457063711911,0.8435457063711911,0.8435457063711911,0.8435457063711911,0.8435457063711911,0.8435457063711911,0.8435457063711911,0.8435457063711911,0.8435457063711911,0.8435457063711911,0.8435457063711911,0.8435457063711911,0.8435457063711911,0.8423268698060942,0.84398891966759,0.84398891966759,0.8423268698060942,0.8437673130193906,0.8437673130193906,0.84398891966759,0.84398891966759,0.84398891966759,0.84398891966759,0.8427700831024931,0.8427700831024931,0.8425484764542936,0.8429916897506925,0.8426592797783934,0.8429916897506925,0.8428808864265928,0.8424376731301939,0.8418836565096953,0.8435457063711911,0.8435457063711911,0.8435457063711911,0.8435457063711911,0.8435457063711911,0.8435457063711911,0.8435457063711911,0.8435457063711911,0.8435457063711911,0.8435457063711911,0.8435457063711911,0.8435457063711911,0.8435457063711911,0.8435457063711911,0.8435457063711911,0.8435457063711911,0.8435457063711911,0.8431024930747922,0.8428808864265928,0.8425484764542936,0.8421052631578947,0.8421052631578947,0.8421052631578947,0.8421052631578947,0.8421052631578947,0.8421052631578947,0.8421052631578947,0.8421052631578947,0.8421052631578947,0.8421052631578947,0.8423268698060942,0.8423268698060942,0.8428808864265928,0.8426592797783934,0.8426592797783934,0.8418836565096953,0.8418836565096953,0.8423268698060942,0.8423268698060942,0.8423268698060942,0.8423268698060942,0.8429916897506925,0.8429916897506925,0.8429916897506925,0.8429916897506925,0.8429916897506925,0.8456509695290859,0.8465373961218836,0.8460941828254848,0.8463157894736842,0.8455401662049862,0.8455401662049862,0.8455401662049862,0.8463157894736842,0.8469806094182826,0.8469806094182826,0.8465373961218836,0.8465373961218836,0.8454293628808864,0.846426592797784,0.845983379501385,0.845983379501385,0.845983379501385,0.845983379501385,0.8466481994459834,0.8466481994459834,0.8466481994459834,0.8466481994459834,0.8466481994459834,0.8466481994459834,0.8468698060941828,0.8468698060941828,0.8468698060941828,0.8450969529085872,0.8450969529085872,0.8450969529085872,0.8450969529085872,0.8448753462603878,0.8448753462603878,0.8448753462603878,0.8446537396121884,0.8446537396121884,0.8446537396121884,0.8444321329639889,0.8444321329639889,0.8434349030470915,0.8442105263157895,0.8444321329639889,0.8427700831024931,0.8444321329639889,0.8444321329639889,0.8444321329639889,0.8444321329639889,0.8444321329639889,0.8433240997229917,0.8433240997229917,0.8425484764542936,0.8435457063711911,0.8435457063711911,0.8435457063711911,0.8435457063711911,0.845983379501385,0.8448753462603878,0.8448753462603878,0.8448753462603878,0.8448753462603878,0.8448753462603878,0.8448753462603878,0.8444321329639889,0.8454293628808864,0.8456509695290859,0.8456509695290859,0.8456509695290859,0.8456509695290859,0.8456509695290859,0.8456509695290859,0.8456509695290859,0.8447645429362881,0.8446537396121884,0.8455401662049862,0.845983379501385,0.845983379501385,0.845983379501385,0.8445429362880886,0.8445429362880886,0.8438781163434903,0.845983379501385,0.8456509695290859,0.8456509695290859,0.8454293628808864,0.8454293628808864,0.8460941828254848,0.8460941828254848,0.8460941828254848,0.8460941828254848,0.8460941828254848,0.8460941828254848,0.8460941828254848,0.8460941828254848,0.8456509695290859,0.8454293628808864,0.8448753462603878,0.8458725761772853,0.8458725761772853,0.8458725761772853,0.8447645429362881,0.8449861495844876,0.8456509695290859,0.8456509695290859,0.8456509695290859,0.8446537396121884,0.8463157894736842,0.8463157894736842,0.8450969529085872,0.8450969529085872,0.8449861495844876,0.845207756232687,0.8448753462603878,0.8446537396121884,0.8454293628808864,0.8446537396121884,0.8446537396121884,0.8444321329639889,0.8444321329639889,0.8444321329639889,0.8444321329639889,0.8444321329639889,0.8444321329639889,0.8444321329639889,0.8444321329639889,0.8444321329639889,0.8444321329639889,0.8444321329639889,0.8444321329639889,0.8444321329639889,0.8444321329639889,0.8444321329639889,0.8460941828254848,0.8446537396121884,0.8446537396121884,0.8446537396121884,0.8446537396121884,0.8446537396121884,0.8446537396121884,0.845207756232687,0.8455401662049862,0.8455401662049862,0.8455401662049862,0.8457617728531855,0.8457617728531855,0.8457617728531855,0.8457617728531855,0.8457617728531855,0.8457617728531855,0.8457617728531855,0.8457617728531855,0.8457617728531855,0.8457617728531855,0.8457617728531855,0.8457617728531855,0.8457617728531855,0.8457617728531855,0.8457617728531855,0.8457617728531855,0.8457617728531855,0.8457617728531855,0.8457617728531855,0.8457617728531855,0.8457617728531855,0.8457617728531855,0.8457617728531855,0.8457617728531855,0.8457617728531855,0.8457617728531855,0.8457617728531855,0.8457617728531855,0.8457617728531855,0.8457617728531855,0.8457617728531855,0.8457617728531855,0.8457617728531855,0.8457617728531855,0.8457617728531855,0.8457617728531855,0.8457617728531855,0.8457617728531855,0.8457617728531855,0.8457617728531855,0.8457617728531855,0.8457617728531855,0.8457617728531855,0.8457617728531855,0.8457617728531855,0.8457617728531855,0.8457617728531855,0.8457617728531855,0.8457617728531855,0.8457617728531855,0.8457617728531855,0.8457617728531855,0.8457617728531855,0.8457617728531855,0.8457617728531855,0.8457617728531855,0.8457617728531855,0.8457617728531855,0.8457617728531855,0.8457617728531855,0.8457617728531855,0.8457617728531855,0.8457617728531855,0.8457617728531855,0.8457617728531855,0.8457617728531855,0.8457617728531855,0.8457617728531855,0.8457617728531855,0.8457617728531855,0.8457617728531855,0.8457617728531855,0.8457617728531855,0.8457617728531855,0.8457617728531855,0.8457617728531855,0.8457617728531855,0.8457617728531855,0.8457617728531855,0.8457617728531855,0.8457617728531855,0.8457617728531855,0.8457617728531855,0.8457617728531855,0.8457617728531855,0.8457617728531855,0.8457617728531855,0.8457617728531855,0.8457617728531855,0.8457617728531855,0.8457617728531855,0.8457617728531855,0.8457617728531855,0.8457617728531855,0.8457617728531855,0.8457617728531855,0.8457617728531855,0.8457617728531855,0.8457617728531855,0.8457617728531855,0.8457617728531855,0.8457617728531855,0.8457617728531855,0.8457617728531855,0.8457617728531855,0.8457617728531855,0.8457617728531855,0.8457617728531855,0.8457617728531855,0.8457617728531855,0.8457617728531855,0.8457617728531855,0.8457617728531855,0.8457617728531855,0.8457617728531855,0.8457617728531855,0.8457617728531855,0.8457617728531855,0.8457617728531855,0.8457617728531855,0.8457617728531855,0.8457617728531855,0.8457617728531855,0.8457617728531855,0.8457617728531855,0.8457617728531855,0.8457617728531855,0.8457617728531855,0.8457617728531855,0.8457617728531855,0.8457617728531855,0.8457617728531855,0.8457617728531855,0.8457617728531855,0.8457617728531855,0.8457617728531855,0.8457617728531855,0.8457617728531855,0.8457617728531855,0.8457617728531855,0.8457617728531855,0.8457617728531855,0.8457617728531855,0.8457617728531855,0.8457617728531855,0.8457617728531855,0.8457617728531855,0.8457617728531855,0.8457617728531855,0.8457617728531855,0.8457617728531855,0.8457617728531855,0.8457617728531855,0.8457617728531855,0.8457617728531855,0.8457617728531855,0.8457617728531855,0.8457617728531855,0.8457617728531855,0.8457617728531855,0.8457617728531855,0.8457617728531855,0.8457617728531855,0.8457617728531855,0.8457617728531855,0.8457617728531855,0.8457617728531855,0.84398891966759,0.84398891966759,0.84398891966759,0.84398891966759,0.84398891966759,0.84398891966759,0.84398891966759,0.84398891966759,0.84398891966759,0.84398891966759,0.84398891966759,0.84398891966759,0.84398891966759,0.84398891966759,0.84398891966759,0.84398891966759,0.84398891966759,0.84398891966759,0.84398891966759,0.84398891966759,0.84398891966759,0.84398891966759,0.84398891966759,0.84398891966759,0.84398891966759,0.8438781163434903,0.8433240997229917,0.8433240997229917,0.8437673130193906,0.84398891966759,0.84398891966759,0.84398891966759,0.84398891966759,0.8442105263157895,0.8442105263157895,0.8442105263157895,0.8442105263157895,0.8442105263157895,0.8442105263157895,0.8442105263157895,0.8442105263157895,0.8442105263157895,0.8442105263157895,0.8442105263157895,0.8442105263157895,0.8442105263157895,0.8442105263157895,0.8442105263157895,0.8442105263157895,0.8442105263157895,0.8442105263157895,0.8442105263157895,0.8442105263157895,0.8442105263157895,0.8442105263157895,0.8442105263157895,0.8442105263157895,0.8442105263157895,0.8442105263157895,0.8442105263157895,0.8442105263157895,0.8442105263157895,0.8442105263157895,0.8442105263157895,0.8442105263157895,0.8442105263157895,0.8442105263157895,0.8442105263157895,0.8442105263157895,0.8442105263157895,0.8442105263157895,0.8442105263157895,0.8442105263157895,0.8442105263157895,0.8442105263157895,0.8442105263157895,0.8442105263157895,0.8435457063711911,0.8440997229916898,0.8440997229916898,0.8438781163434903,0.8438781163434903,0.8438781163434903,0.8438781163434903,0.8438781163434903,0.8438781163434903,0.8438781163434903,0.8438781163434903,0.8438781163434903,0.8438781163434903,0.8438781163434903,0.8438781163434903,0.8438781163434903,0.8438781163434903,0.8438781163434903,0.8438781163434903,0.8440997229916898,0.8438781163434903,0.8438781163434903,0.8438781163434903,0.8438781163434903,0.8438781163434903,0.8438781163434903,0.8438781163434903,0.8438781163434903,0.8438781163434903,0.8438781163434903,0.8440997229916898,0.8436565096952908,0.8436565096952908,0.8436565096952908,0.8436565096952908,0.8438781163434903,0.8438781163434903,0.8440997229916898,0.8440997229916898,0.8440997229916898,0.8440997229916898,0.8440997229916898,0.8440997229916898,0.8440997229916898,0.8440997229916898,0.8440997229916898,0.8440997229916898,0.8447645429362881,0.8447645429362881,0.8447645429362881,0.8440997229916898,0.8447645429362881,0.8443213296398892,0.8444321329639889,0.8443213296398892,0.8440997229916898,0.8438781163434903,0.84398891966759,0.841218836565097,0.8403324099722992,0.8401108033240997,0.8398891966759002,0.8396675900277009,0.8396675900277009,0.8404432132963989,0.8411080332409973,0.840775623268698,0.8424376731301939,0.8428808864265928,0.8422160664819944,0.8413296398891966,0.8418836565096953,0.8415512465373961,0.8414404432132964,0.8413296398891966,0.841218836565097,0.841218836565097,0.841218836565097,0.841218836565097,0.8405540166204987,0.8386703601108033,0.8402216066481994,0.8392243767313019,0.838781163434903,0.8392243767313019,0.8394459833795014,0.8394459833795014,0.8390027700831025,0.8406648199445983,0.8403324099722992,0.8403324099722992,0.8409972299168975,0.841218836565097,0.841218836565097,0.8418836565096953,0.8416620498614958,0.8409972299168975,0.8396675900277009,0.8413296398891966,0.8408864265927978,0.8404432132963989,0.8405540166204987,0.8422160664819944,0.840775623268698,0.840775623268698,0.840775623268698,0.840775623268698,0.840775623268698,0.840775623268698,0.8409972299168975,0.8409972299168975,0.8409972299168975,0.8409972299168975,0.841218836565097,0.841218836565097,0.841218836565097,0.841218836565097,0.8419944598337951,0.840775623268698,0.8419944598337951,0.8424376731301939,0.8414404432132964,0.8402216066481994,0.841218836565097,0.841218836565097,0.8421052631578947,0.8421052631578947,0.8421052631578947,0.841218836565097,0.8409972299168975,0.8409972299168975,0.8409972299168975,0.8403324099722992,0.8413296398891966,0.8413296398891966,0.8413296398891966,0.8413296398891966,0.8413296398891966,0.8422160664819944,0.8418836565096953,0.841218836565097,0.8418836565096953,0.8429916897506925,0.8418836565096953,0.8418836565096953,0.8418836565096953,0.8421052631578947,0.8421052631578947,0.8421052631578947,0.8421052631578947,0.8421052631578947,0.8421052631578947,0.8421052631578947,0.8421052631578947,0.8421052631578947,0.8421052631578947,0.8421052631578947,0.8421052631578947,0.8421052631578947,0.8421052631578947,0.8421052631578947,0.8415512465373961,0.8413296398891966,0.8415512465373961,0.8415512465373961,0.8408864265927978,0.8421052631578947,0.8419944598337951,0.8413296398891966,0.8417728531855956,0.8415512465373961,0.8401108033240997,0.8419944598337951,0.8405540166204987,0.8419944598337951,0.8416620498614958,0.8433240997229917,0.8434349030470915,0.8431024930747922,0.8418836565096953,0.8416620498614958,0.8413296398891966,0.8413296398891966,0.8413296398891966,0.8413296398891966,0.8405540166204987,0.8413296398891966,0.8413296398891966,0.8415512465373961,0.8415512465373961,0.8415512465373961,0.8422160664819944,0.8422160664819944,0.8422160664819944,0.8422160664819944,0.8419944598337951,0.8422160664819944,0.843213296398892,0.8416620498614958,0.8418836565096953,0.8433240997229917,0.8421052631578947,0.8428808864265928,0.8437673130193906,0.8437673130193906,0.8429916897506925,0.843213296398892,0.8421052631578947,0.843213296398892,0.8406648199445983,0.8433240997229917,0.8436565096952908,0.8427700831024931,0.8433240997229917,0.8423268698060942,0.8423268698060942,0.8423268698060942,0.8423268698060942,0.8423268698060942,0.8423268698060942,0.8423268698060942,0.8423268698060942,0.8423268698060942,0.8423268698060942,0.8423268698060942,0.8423268698060942,0.8423268698060942,0.8423268698060942,0.8423268698060942,0.8423268698060942,0.8423268698060942,0.8423268698060942,0.8423268698060942,0.8423268698060942,0.8423268698060942,0.8423268698060942,0.8423268698060942,0.8423268698060942,0.8423268698060942,0.8423268698060942,0.8423268698060942,0.8423268698060942,0.8423268698060942,0.8423268698060942,0.8423268698060942,0.8423268698060942,0.8423268698060942,0.8423268698060942,0.8423268698060942,0.8423268698060942,0.8423268698060942,0.8423268698060942,0.8423268698060942,0.8423268698060942,0.8423268698060942,0.8423268698060942,0.8423268698060942,0.8423268698060942,0.8423268698060942,0.8423268698060942,0.8423268698060942,0.8423268698060942,0.8423268698060942,0.8423268698060942,0.8423268698060942,0.8423268698060942,0.8423268698060942,0.8423268698060942,0.8423268698060942,0.8423268698060942,0.8423268698060942,0.8423268698060942,0.8423268698060942,0.8423268698060942,0.8423268698060942,0.8423268698060942,0.8423268698060942,0.8423268698060942,0.8423268698060942,0.8423268698060942,0.8423268698060942,0.8423268698060942,0.8411080332409973,0.841218836565097,0.8408864265927978,0.840775623268698,0.840775623268698,0.840775623268698,0.840775623268698,0.8413296398891966,0.8418836565096953,0.8418836565096953,0.8418836565096953,0.8418836565096953,0.8418836565096953,0.8421052631578947,0.8415512465373961,0.8425484764542936,0.8433240997229917,0.8409972299168975,0.8413296398891966,0.8414404432132964,0.8414404432132964,0.8414404432132964,0.8409972299168975,0.8423268698060942,0.8423268698060942,0.8408864265927978,0.841218836565097,0.8425484764542936,0.8425484764542936,0.8427700831024931,0.8427700831024931,0.8427700831024931,0.8427700831024931,0.8427700831024931,0.8427700831024931,0.8427700831024931,0.8427700831024931,0.8427700831024931,0.8427700831024931,0.843213296398892,0.8423268698060942,0.8424376731301939,0.8434349030470915,0.8429916897506925,0.8429916897506925,0.8429916897506925,0.8429916897506925,0.8429916897506925,0.8429916897506925,0.8429916897506925,0.8436565096952908,0.8436565096952908,0.8436565096952908,0.8436565096952908,0.8436565096952908,0.8436565096952908,0.8429916897506925,0.8429916897506925,0.84398891966759,0.8423268698060942,0.8431024930747922,0.8427700831024931,0.8427700831024931,0.8427700831024931,0.8427700831024931,0.8427700831024931,0.8427700831024931,0.8427700831024931,0.8427700831024931,0.8427700831024931,0.8427700831024931,0.8427700831024931,0.8427700831024931,0.8425484764542936,0.843213296398892,0.8427700831024931,0.8427700831024931,0.8427700831024931,0.8435457063711911,0.8433240997229917,0.8428808864265928,0.8419944598337951,0.8428808864265928,0.8428808864265928,0.8438781163434903,0.8436565096952908,0.8438781163434903,0.8440997229916898,0.8437673130193906,0.8438781163434903,0.8428808864265928,0.843213296398892,0.8433240997229917,0.8449861495844876,0.8449861495844876,0.8449861495844876,0.8450969529085872,0.8447645429362881,0.8442105263157895,0.843213296398892,0.8444321329639889,0.8442105263157895,0.8438781163434903,0.8438781163434903,0.8438781163434903,0.8438781163434903,0.8445429362880886,0.8445429362880886,0.8438781163434903,0.8438781163434903,0.8438781163434903,0.8446537396121884,0.8434349030470915,0.8457617728531855,0.845983379501385,0.8448753462603878,0.8455401662049862,0.845983379501385,0.845983379501385,0.8455401662049862,0.8455401662049862,0.8455401662049862,0.8455401662049862,0.8455401662049862,0.8455401662049862,0.8455401662049862,0.8455401662049862,0.8455401662049862,0.8455401662049862,0.8455401662049862,0.8455401662049862,0.8453185595567867,0.8453185595567867,0.8448753462603878,0.8449861495844876,0.845207756232687,0.845207756232687,0.8445429362880886,0.8449861495844876,0.8449861495844876,0.8444321329639889,0.8443213296398892,0.8443213296398892,0.8442105263157895,0.8442105263157895,0.8442105263157895,0.8442105263157895,0.8442105263157895,0.8442105263157895,0.8442105263157895,0.8442105263157895,0.8442105263157895,0.8442105263157895,0.8442105263157895,0.8442105263157895,0.8442105263157895,0.8442105263157895,0.8442105263157895,0.8442105263157895,0.8442105263157895,0.8444321329639889,0.8437673130193906,0.8437673130193906,0.8435457063711911,0.8435457063711911,0.8435457063711911,0.8437673130193906,0.8437673130193906,0.8436565096952908,0.84398891966759,0.8442105263157895,0.8442105263157895,0.8442105263157895,0.8442105263157895,0.8442105263157895,0.84398891966759,0.84398891966759,0.84398891966759,0.84398891966759,0.8435457063711911,0.8435457063711911,0.8433240997229917,0.8435457063711911,0.8435457063711911,0.8435457063711911,0.8431024930747922,0.8444321329639889,0.8444321329639889,0.8444321329639889,0.8444321329639889,0.8444321329639889,0.8444321329639889,0.8444321329639889,0.8444321329639889,0.8444321329639889,0.8444321329639889,0.8444321329639889,0.8444321329639889,0.8444321329639889,0.8444321329639889,0.8444321329639889,0.8444321329639889,0.8444321329639889,0.8444321329639889,0.8444321329639889,0.8444321329639889,0.8444321329639889,0.8444321329639889,0.8444321329639889,0.8444321329639889,0.8444321329639889,0.8444321329639889,0.8444321329639889,0.8444321329639889,0.84398891966759,0.8444321329639889,0.8444321329639889,0.8438781163434903,0.8453185595567867,0.8445429362880886,0.8428808864265928,0.8428808864265928,0.8428808864265928,0.8428808864265928,0.8428808864265928,0.8428808864265928,0.8436565096952908,0.8436565096952908,0.8453185595567867,0.8444321329639889,0.8436565096952908,0.8444321329639889,0.8444321329639889,0.8444321329639889,0.8444321329639889,0.8442105263157895,0.8442105263157895,0.8442105263157895,0.8442105263157895,0.8442105263157895,0.8442105263157895,0.8448753462603878,0.8448753462603878,0.8448753462603878,0.8448753462603878,0.8448753462603878,0.8448753462603878,0.8448753462603878,0.8448753462603878,0.8448753462603878,0.8448753462603878,0.8448753462603878,0.8448753462603878,0.8446537396121884,0.8435457063711911,0.8438781163434903,0.8419944598337951,0.8419944598337951,0.8419944598337951,0.8419944598337951,0.8419944598337951,0.8419944598337951,0.8413296398891966,0.8413296398891966,0.8413296398891966,0.8413296398891966,0.8406648199445983,0.8403324099722992,0.8406648199445983,0.8406648199445983,0.8406648199445983,0.8406648199445983,0.8406648199445983,0.8406648199445983,0.8406648199445983,0.8413296398891966,0.8406648199445983,0.841218836565097,0.8408864265927978,0.8406648199445983,0.841218836565097,0.8402216066481994,0.8418836565096953,0.8421052631578947,0.8425484764542936,0.8425484764542936,0.8425484764542936,0.8425484764542936,0.8425484764542936,0.8425484764542936,0.8425484764542936,0.8425484764542936,0.8425484764542936,0.8425484764542936,0.8433240997229917,0.8428808864265928,0.8434349030470915,0.8417728531855956,0.8429916897506925,0.8419944598337951,0.8428808864265928,0.8428808864265928,0.8428808864265928,0.8428808864265928,0.8428808864265928,0.8431024930747922,0.8431024930747922,0.8419944598337951,0.8419944598337951,0.8419944598337951,0.8419944598337951,0.8424376731301939,0.8428808864265928,0.8424376731301939,0.8424376731301939,0.8424376731301939,0.8424376731301939,0.8424376731301939,0.8424376731301939,0.8424376731301939,0.8424376731301939,0.8426592797783934,0.8422160664819944,0.8422160664819944,0.8434349030470915,0.8436565096952908,0.843213296398892,0.8436565096952908,0.8442105263157895,0.8442105263157895,0.8442105263157895,0.8442105263157895,0.8444321329639889,0.8444321329639889,0.8444321329639889,0.8444321329639889,0.8444321329639889,0.8444321329639889,0.8444321329639889,0.8444321329639889,0.8448753462603878,0.8442105263157895,0.8442105263157895,0.8442105263157895,0.8442105263157895,0.8442105263157895,0.8442105263157895,0.8435457063711911,0.8435457063711911,0.8435457063711911,0.8435457063711911,0.8435457063711911,0.8435457063711911,0.8435457063711911,0.8435457063711911,0.8435457063711911,0.8435457063711911,0.8435457063711911,0.8435457063711911,0.8435457063711911,0.8435457063711911,0.8435457063711911,0.8435457063711911,0.8435457063711911,0.8435457063711911,0.8428808864265928,0.8431024930747922,0.8426592797783934,0.843213296398892,0.843213296398892,0.8421052631578947,0.8431024930747922,0.8431024930747922,0.8431024930747922,0.8431024930747922,0.8431024930747922,0.8431024930747922,0.8431024930747922,0.8431024930747922,0.8431024930747922,0.8431024930747922,0.8431024930747922,0.8431024930747922,0.8419944598337951,0.8427700831024931,0.8431024930747922,0.8435457063711911,0.8435457063711911,0.8435457063711911,0.8435457063711911,0.8435457063711911,0.8435457063711911,0.8435457063711911,0.8435457063711911,0.8435457063711911,0.8435457063711911,0.8435457063711911,0.8435457063711911,0.8435457063711911,0.8435457063711911,0.8435457063711911,0.8435457063711911,0.8433240997229917,0.8429916897506925,0.8429916897506925,0.8429916897506925,0.8429916897506925,0.8427700831024931,0.843213296398892,0.84398891966759,0.8442105263157895,0.8442105263157895,0.8435457063711911,0.8435457063711911,0.8435457063711911,0.8435457063711911,0.8425484764542936,0.8423268698060942,0.8421052631578947,0.8423268698060942,0.8421052631578947,0.8413296398891966,0.8415512465373961,0.8415512465373961,0.8426592797783934,0.8419944598337951,0.8435457063711911,0.8435457063711911,0.8442105263157895,0.84398891966759,0.8447645429362881,0.8442105263157895,0.8433240997229917,0.8434349030470915,0.8437673130193906,0.8436565096952908,0.8442105263157895,0.8438781163434903,0.8433240997229917,0.8426592797783934,0.8426592797783934,0.8426592797783934,0.8426592797783934,0.8426592797783934,0.8431024930747922,0.8431024930747922,0.8431024930747922,0.8431024930747922,0.8431024930747922,0.8431024930747922,0.8431024930747922,0.8431024930747922,0.8431024930747922,0.8431024930747922,0.8431024930747922,0.8431024930747922,0.84398891966759,0.8429916897506925,0.8438781163434903,0.8438781163434903,0.8438781163434903,0.8438781163434903,0.8438781163434903,0.8440997229916898,0.8449861495844876,0.8446537396121884,0.8446537396121884,0.8454293628808864,0.8442105263157895,0.8446537396121884,0.84398891966759,0.8442105263157895,0.8437673130193906,0.8433240997229917,0.8436565096952908,0.8437673130193906,0.8437673130193906,0.8437673130193906,0.8436565096952908,0.8437673130193906,0.8436565096952908,0.8428808864265928,0.8428808864265928,0.8442105263157895,0.8442105263157895,0.8442105263157895,0.8438781163434903,0.8438781163434903,0.843213296398892,0.8445429362880886,0.8445429362880886,0.8445429362880886,0.8433240997229917,0.8428808864265928,0.8428808864265928,0.8428808864265928,0.843213296398892,0.8417728531855956,0.8426592797783934,0.8424376731301939,0.8429916897506925,0.8443213296398892,0.843213296398892,0.8436565096952908,0.8422160664819944,0.8422160664819944,0.8426592797783934,0.8429916897506925,0.8429916897506925,0.8427700831024931,0.8429916897506925,0.8429916897506925,0.8429916897506925,0.8429916897506925,0.8429916897506925,0.8429916897506925,0.8429916897506925,0.8429916897506925,0.8429916897506925,0.8429916897506925,0.8436565096952908,0.8425484764542936,0.8433240997229917,0.8434349030470915,0.8438781163434903,0.8438781163434903,0.8437673130193906,0.8443213296398892,0.8434349030470915,0.8434349030470915,0.8426592797783934,0.8434349030470915,0.8434349030470915,0.8419944598337951,0.8427700831024931,0.8425484764542936,0.8425484764542936,0.8427700831024931,0.8427700831024931,0.8427700831024931,0.8427700831024931,0.8427700831024931,0.8433240997229917,0.8429916897506925,0.843213296398892,0.843213296398892,0.843213296398892,0.843213296398892,0.843213296398892,0.8437673130193906,0.8437673130193906,0.8435457063711911,0.8450969529085872,0.8450969529085872,0.8450969529085872,0.8428808864265928,0.8428808864265928,0.8428808864265928,0.8428808864265928,0.8428808864265928,0.8428808864265928,0.8428808864265928,0.8428808864265928,0.8433240997229917,0.8433240997229917,0.8424376731301939,0.8424376731301939,0.8424376731301939,0.8424376731301939,0.8424376731301939,0.8424376731301939,0.8424376731301939,0.8424376731301939,0.8424376731301939,0.8424376731301939,0.8424376731301939,0.8424376731301939,0.8424376731301939,0.8424376731301939,0.8424376731301939,0.8424376731301939,0.8424376731301939,0.8424376731301939,0.8424376731301939,0.8424376731301939,0.8424376731301939,0.8424376731301939,0.8433240997229917,0.8433240997229917,0.8433240997229917,0.8433240997229917,0.8433240997229917,0.8428808864265928,0.8433240997229917,0.8433240997229917,0.8433240997229917,0.8433240997229917,0.8428808864265928,0.8428808864265928,0.8428808864265928,0.8428808864265928,0.8433240997229917,0.8433240997229917,0.8433240997229917,0.8433240997229917,0.8433240997229917,0.8428808864265928,0.8453185595567867,0.8431024930747922,0.8431024930747922,0.8431024930747922,0.8431024930747922,0.8431024930747922,0.8431024930747922,0.8431024930747922,0.8446537396121884,0.8446537396121884,0.8446537396121884,0.8446537396121884,0.8446537396121884,0.8446537396121884,0.8447645429362881,0.8446537396121884,0.8446537396121884,0.8446537396121884,0.8446537396121884,0.8446537396121884,0.8446537396121884,0.8446537396121884,0.8446537396121884,0.8446537396121884,0.8446537396121884,0.8446537396121884,0.8446537396121884,0.8446537396121884,0.8446537396121884,0.8446537396121884,0.8446537396121884,0.8446537396121884,0.8446537396121884,0.8446537396121884,0.8446537396121884,0.8444321329639889,0.8444321329639889,0.8444321329639889,0.8444321329639889,0.8444321329639889,0.8446537396121884,0.8445429362880886,0.845983379501385,0.8454293628808864,0.8440997229916898,0.8440997229916898,0.8444321329639889,0.8450969529085872,0.8450969529085872,0.8450969529085872,0.8450969529085872,0.8450969529085872,0.8450969529085872,0.8450969529085872,0.8450969529085872,0.8450969529085872,0.8450969529085872,0.8450969529085872,0.8450969529085872,0.8450969529085872,0.8450969529085872,0.8450969529085872,0.8450969529085872,0.8450969529085872,0.8450969529085872,0.8450969529085872,0.8450969529085872,0.8450969529085872,0.8450969529085872,0.8450969529085872,0.8450969529085872,0.8450969529085872,0.8450969529085872,0.8450969529085872,0.8450969529085872,0.8450969529085872,0.8450969529085872,0.8450969529085872,0.8442105263157895,0.8448753462603878,0.8447645429362881,0.8449861495844876,0.8449861495844876,0.8449861495844876,0.8449861495844876,0.8449861495844876,0.8449861495844876,0.8449861495844876,0.8449861495844876,0.8449861495844876,0.8449861495844876,0.8449861495844876,0.845207756232687,0.845207756232687,0.845207756232687,0.845207756232687,0.845207756232687,0.845207756232687,0.845207756232687,0.845207756232687,0.845207756232687,0.845207756232687,0.845207756232687,0.8454293628808864,0.8454293628808864,0.8454293628808864,0.8454293628808864,0.8454293628808864,0.8454293628808864,0.8454293628808864,0.8454293628808864,0.8454293628808864,0.8454293628808864,0.8454293628808864,0.8454293628808864,0.8454293628808864,0.8454293628808864,0.8447645429362881,0.8447645429362881,0.8447645429362881,0.8449861495844876,0.8449861495844876,0.8449861495844876,0.8449861495844876,0.8447645429362881,0.8445429362880886,0.8444321329639889,0.8448753462603878,0.845207756232687,0.8457617728531855,0.8457617728531855,0.8450969529085872,0.8443213296398892,0.8437673130193906,0.8437673130193906,0.8437673130193906,0.8437673130193906,0.8446537396121884,0.8443213296398892,0.8442105263157895,0.8445429362880886,0.8434349030470915,0.8429916897506925,0.8444321329639889,0.8443213296398892,0.8436565096952908,0.8440997229916898,0.8447645429362881,0.8447645429362881,0.8447645429362881,0.8447645429362881,0.8447645429362881,0.8447645429362881,0.8447645429362881,0.8447645429362881,0.8448753462603878,0.8436565096952908,0.8440997229916898,0.8448753462603878,0.8462049861495845,0.8448753462603878,0.846426592797784,0.846426592797784,0.8462049861495845,0.8462049861495845,0.8462049861495845,0.8462049861495845,0.8462049861495845,0.8462049861495845,0.8462049861495845,0.8462049861495845,0.8462049861495845,0.8462049861495845,0.8456509695290859,0.8440997229916898,0.8447645429362881,0.8457617728531855,0.8449861495844876,0.8455401662049862,0.8453185595567867,0.8425484764542936,0.8438781163434903,0.8435457063711911,0.8450969529085872,0.8450969529085872,0.8437673130193906,0.8444321329639889,0.8448753462603878,0.8443213296398892,0.8433240997229917,0.8443213296398892,0.8429916897506925,0.8435457063711911,0.8449861495844876,0.8449861495844876,0.8448753462603878,0.8448753462603878,0.8438781163434903,0.8431024930747922,0.8444321329639889,0.8447645429362881,0.8440997229916898,0.8440997229916898,0.8440997229916898,0.8440997229916898,0.8440997229916898,0.8443213296398892,0.8440997229916898,0.8444321329639889,0.8434349030470915,0.8448753462603878,0.8448753462603878,0.8438781163434903,0.8438781163434903,0.8436565096952908,0.8450969529085872,0.8446537396121884,0.8448753462603878,0.8450969529085872,0.8438781163434903,0.8440997229916898,0.8448753462603878,0.8446537396121884,0.8448753462603878,0.8448753462603878,0.8438781163434903,0.8448753462603878,0.84398891966759,0.8437673130193906,0.84398891966759,0.84398891966759,0.84398891966759,0.84398891966759,0.84398891966759,0.84398891966759,0.84398891966759,0.84398891966759,0.84398891966759,0.84398891966759,0.84398891966759,0.84398891966759,0.84398891966759,0.84398891966759,0.84398891966759,0.84398891966759,0.84398891966759,0.8442105263157895,0.8442105263157895,0.8440997229916898,0.8442105263157895,0.8442105263157895,0.8436565096952908,0.8442105263157895,0.8442105263157895,0.8442105263157895,0.84398891966759,0.84398891966759,0.84398891966759,0.84398891966759,0.84398891966759,0.84398891966759,0.84398891966759,0.84398891966759,0.84398891966759,0.84398891966759,0.84398891966759,0.84398891966759,0.84398891966759,0.84398891966759,0.84398891966759,0.84398891966759,0.84398891966759,0.84398891966759,0.84398891966759,0.84398891966759,0.84398891966759,0.84398891966759,0.84398891966759,0.84398891966759,0.84398891966759,0.84398891966759,0.84398891966759,0.84398891966759,0.84398891966759,0.84398891966759,0.84398891966759,0.84398891966759,0.84398891966759,0.84398891966759,0.84398891966759,0.84398891966759,0.84398891966759,0.84398891966759,0.84398891966759,0.84398891966759,0.84398891966759,0.84398891966759,0.84398891966759,0.84398891966759,0.84398891966759,0.84398891966759,0.8444321329639889,0.8444321329639889,0.8444321329639889,0.8444321329639889,0.8444321329639889,0.84398891966759,0.84398891966759,0.8435457063711911,0.8435457063711911,0.8435457063711911,0.8437673130193906,0.8444321329639889,0.8434349030470915,0.8443213296398892,0.8443213296398892,0.8443213296398892,0.8446537396121884,0.8440997229916898,0.8440997229916898,0.8440997229916898,0.8440997229916898,0.8440997229916898,0.8440997229916898,0.8440997229916898,0.8440997229916898,0.8448753462603878,0.8443213296398892,0.8443213296398892,0.8440997229916898,0.8440997229916898,0.8440997229916898,0.8440997229916898,0.8440997229916898,0.8440997229916898,0.8440997229916898,0.8440997229916898,0.8440997229916898,0.8440997229916898,0.8440997229916898,0.8440997229916898,0.8440997229916898,0.8440997229916898,0.8440997229916898,0.8440997229916898,0.8440997229916898,0.8440997229916898,0.8440997229916898,0.8440997229916898,0.8440997229916898,0.8440997229916898,0.8440997229916898,0.8440997229916898,0.8440997229916898,0.8440997229916898,0.8440997229916898,0.8440997229916898,0.8440997229916898,0.8440997229916898,0.8440997229916898,0.8440997229916898,0.8440997229916898,0.8440997229916898,0.8440997229916898,0.8440997229916898,0.8437673130193906,0.8438781163434903,0.8433240997229917,0.8431024930747922,0.8431024930747922,0.843213296398892,0.843213296398892,0.8436565096952908,0.8436565096952908,0.845207756232687,0.8447645429362881,0.8434349030470915,0.8436565096952908,0.8436565096952908,0.8436565096952908,0.843213296398892,0.8436565096952908,0.8427700831024931,0.8438781163434903,0.8415512465373961,0.8426592797783934,0.8437673130193906,0.8435457063711911,0.8444321329639889,0.8442105263157895,0.8435457063711911,0.8435457063711911,0.8435457063711911,0.8435457063711911,0.8435457063711911,0.84398891966759,0.8437673130193906,0.8437673130193906,0.8437673130193906,0.8437673130193906,0.8437673130193906,0.8437673130193906,0.8437673130193906,0.8433240997229917,0.8437673130193906,0.8437673130193906,0.8437673130193906,0.8433240997229917,0.8431024930747922,0.8431024930747922,0.8431024930747922,0.8431024930747922,0.8431024930747922,0.843213296398892,0.8435457063711911,0.8435457063711911,0.8435457063711911,0.8435457063711911,0.8428808864265928,0.8433240997229917,0.8423268698060942,0.8423268698060942,0.84398891966759,0.8435457063711911,0.8427700831024931,0.8425484764542936,0.8425484764542936,0.8425484764542936,0.8425484764542936,0.8425484764542936,0.8427700831024931,0.8427700831024931,0.8427700831024931,0.8437673130193906,0.8437673130193906,0.8427700831024931,0.8427700831024931,0.8427700831024931,0.8427700831024931,0.8427700831024931,0.8433240997229917,0.8435457063711911,0.8448753462603878,0.8435457063711911,0.8435457063711911,0.8435457063711911,0.8435457063711911,0.8435457063711911,0.8443213296398892,0.8437673130193906,0.8437673130193906,0.8437673130193906,0.8437673130193906,0.8437673130193906,0.8437673130193906,0.8437673130193906,0.8437673130193906,0.8437673130193906,0.8437673130193906,0.8437673130193906,0.84398891966759,0.84398891966759,0.84398891966759,0.84398891966759,0.84398891966759,0.8435457063711911,0.8435457063711911,0.8435457063711911,0.8435457063711911,0.8435457063711911,0.8435457063711911,0.8435457063711911,0.8435457063711911,0.8428808864265928,0.8428808864265928,0.8433240997229917,0.8433240997229917,0.8433240997229917,0.8433240997229917,0.8433240997229917,0.8433240997229917,0.8433240997229917,0.8433240997229917,0.8433240997229917,0.8433240997229917,0.8433240997229917,0.8433240997229917,0.8433240997229917,0.8435457063711911,0.8435457063711911,0.8435457063711911,0.8435457063711911,0.8435457063711911,0.8435457063711911,0.8435457063711911,0.8435457063711911,0.8435457063711911,0.8435457063711911,0.8435457063711911,0.8435457063711911,0.8433240997229917,0.8433240997229917,0.8433240997229917,0.8436565096952908,0.8453185595567867,0.8440997229916898,0.8438781163434903,0.8436565096952908,0.8455401662049862,0.8445429362880886,0.8456509695290859,0.8435457063711911,0.8435457063711911,0.8435457063711911,0.8445429362880886,0.8438781163434903,0.8438781163434903,0.8438781163434903,0.8438781163434903,0.8438781163434903,0.8438781163434903,0.8438781163434903,0.8438781163434903,0.8435457063711911,0.8434349030470915,0.8434349030470915,0.8438781163434903,0.8437673130193906,0.8437673130193906,0.8437673130193906,0.8437673130193906,0.8437673130193906,0.8437673130193906,0.8437673130193906,0.8437673130193906,0.8437673130193906,0.8437673130193906,0.8437673130193906,0.8437673130193906,0.8437673130193906,0.8437673130193906,0.8437673130193906,0.8437673130193906,0.8437673130193906,0.8437673130193906,0.8437673130193906,0.8437673130193906,0.8456509695290859,0.84398891966759,0.84398891966759,0.84398891966759,0.8438781163434903,0.8438781163434903,0.8438781163434903,0.8435457063711911,0.84398891966759,0.84398891966759,0.8436565096952908,0.8437673130193906,0.8437673130193906,0.8437673130193906,0.8429916897506925,0.843213296398892,0.8436565096952908,0.8440997229916898,0.8440997229916898,0.8440997229916898,0.8436565096952908,0.8436565096952908,0.8436565096952908,0.8434349030470915,0.8434349030470915,0.8434349030470915,0.8434349030470915,0.8434349030470915,0.8434349030470915,0.8434349030470915,0.8434349030470915,0.8434349030470915,0.8434349030470915,0.8434349030470915,0.8434349030470915,0.843213296398892,0.8436565096952908,0.84398891966759,0.84398891966759,0.84398891966759,0.84398891966759,0.84398891966759,0.84398891966759,0.84398891966759,0.84398891966759,0.84398891966759,0.84398891966759,0.84398891966759,0.84398891966759,0.84398891966759,0.84398891966759,0.84398891966759,0.84398891966759,0.8442105263157895,0.8442105263157895,0.8442105263157895,0.8442105263157895,0.8442105263157895,0.8434349030470915,0.8434349030470915,0.8434349030470915,0.8434349030470915,0.8434349030470915,0.8434349030470915,0.8434349030470915,0.8434349030470915,0.8434349030470915,0.8434349030470915,0.8434349030470915,0.8434349030470915,0.8434349030470915,0.8444321329639889,0.8444321329639889,0.8435457063711911,0.8417728531855956,0.8425484764542936,0.8421052631578947,0.8435457063711911,0.8435457063711911,0.8449861495844876,0.8433240997229917,0.8433240997229917,0.8433240997229917,0.8435457063711911,0.8435457063711911,0.8435457063711911,0.8435457063711911,0.8435457063711911,0.8435457063711911,0.8435457063711911,0.8435457063711911,0.8435457063711911,0.8435457063711911,0.8435457063711911,0.8435457063711911,0.8435457063711911,0.8435457063711911,0.8435457063711911,0.8435457063711911,0.8433240997229917,0.8437673130193906,0.8429916897506925,0.8455401662049862,0.843213296398892,0.8437673130193906,0.8435457063711911,0.8413296398891966,0.8433240997229917,0.8433240997229917,0.8433240997229917,0.8421052631578947,0.8421052631578947,0.8431024930747922,0.8427700831024931
1.0,0.9997783933518005,0.9930193905817174,0.9930193905817174,0.9930193905817174,0.9997783933518005,0.9995567867036012,0.9995567867036012,0.9977839335180055,0.9908033240997229,0.9977839335180055,0.9977839335180055,0.9977839335180055,0.9977839335180055,0.9977839335180055,0.9977839335180055,0.9977839335180055,0.9975623268698061,0.9795013850415513,0.9864819944598338,0.9864819944598338,0.9864819944598338,0.9877008310249308,0.9906925207756233,0.9902493074792243,0.9865927977839335,0.9904709141274238,0.9904709141274238,0.9865927977839335,0.9837119113573407,0.9841551246537397,0.981606648199446,0.9834903047091412,0.9882548476454294,0.9837119113573407,0.9847091412742383,0.9853739612188366,0.9841551246537397,0.9773961218836565,0.9757340720221607,0.9766204986149585,0.9769529085872576,0.9795013850415513,0.9801662049861496,0.9762880886426593,0.9762880886426593,0.9768421052631578,0.9769529085872576,0.9769529085872576,0.9675346260387812,0.9707479224376732,0.9721883656509696,0.9717451523545706,0.9714127423822715,0.9677562326869806,0.9720775623268698,0.9713019390581717,0.9713019390581717,0.9722991689750693,0.9706371191135734,0.9734072022160665,0.9704155124653739,0.9718559556786703,0.9718559556786703,0.9562326869806094,0.9594459833795014,0.9593351800554016,0.9594459833795014,0.9563434903047091,0.9582271468144045,0.9585595567867036,0.9586703601108033,0.9592243767313019,0.9598891966759002,0.9594459833795014,0.9596675900277009,0.9596675900277009,0.9592243767313019,0.9584487534626038,0.958005540166205,0.9577839335180055,0.9581163434903047,0.9584487534626038,0.9573407202216067,0.9573407202216067,0.9588919667590028,0.9592243767313019,0.9592243767313019,0.9592243767313019,0.9592243767313019,0.9592243767313019,0.9592243767313019,0.9585595567867036,0.9585595567867036,0.9585595567867036,0.9583379501385042,0.9571191135734072,0.9581163434903047,0.9581163434903047,0.9585595567867036,0.9571191135734072,0.9577839335180055,0.9577839335180055,0.958005540166205,0.9577839335180055,0.9577839335180055,0.9545706371191136,0.9546814404432133,0.9544598337950139,0.952797783933518,0.9509141274238228,0.9486980609418283,0.9486980609418283,0.9514681440443213,0.9514681440443213,0.9519113573407202,0.9523545706371191,0.9523545706371191,0.9499168975069252,0.9499168975069252,0.9499168975069252,0.9521329639889197,0.952797783933518,0.9525761772853185,0.9523545706371191,0.9521329639889197,0.9537950138504155,0.9530193905817175,0.9530193905817175,0.9530193905817175,0.9525761772853185,0.9532409972299168,0.9532409972299168,0.9561218836565097,0.9596675900277009,0.9596675900277009,0.9594459833795014,0.9594459833795014,0.9602216066481994,0.9595567867036011,0.9594459833795014,0.9556786703601108,0.9557894736842105,0.9581163434903047,0.9581163434903047,0.9588919667590028,0.9581163434903047,0.9581163434903047,0.9566759002770083,0.9564542936288088,0.9556786703601108,0.9556786703601108,0.9554570637119113,0.9554570637119113,0.9537950138504155,0.9535734072022161,0.9526869806094183,0.9537950138504155,0.9543490304709141,0.9522437673130194,0.9504709141274238,0.950360110803324,0.9506925207756233,0.9484764542936288,0.9484764542936288,0.9510249307479225,0.9518005540166204,0.9518005540166204,0.9533518005540166,0.9533518005540166,0.9531301939058172,0.9522437673130194,0.9522437673130194,0.9522437673130194,0.9522437673130194,0.9522437673130194,0.9522437673130194,0.9522437673130194,0.9522437673130194,0.9522437673130194,0.9522437673130194,0.9526869806094183,0.9525761772853185,0.9516897506925208,0.9515789473684211,0.9519113573407202,0.950803324099723,0.9516897506925208,0.9519113573407202,0.9519113573407202,0.9516897506925208,0.9512465373961219,0.9509141274238228,0.9511357340720221,0.950360110803324,0.9504709141274238,0.9504709141274238,0.9509141274238228,0.9506925207756233,0.9506925207756233,0.9481440443213296,0.9504709141274238,0.9504709141274238,0.9524653739612189,0.9513573407202216,0.9513573407202216,0.9511357340720221,0.9511357340720221,0.9509141274238228,0.9483656509695291,0.9509141274238228,0.9509141274238228,0.9509141274238228,0.9509141274238228,0.9509141274238228,0.9509141274238228,0.9509141274238228,0.9502493074792244,0.9506925207756233,0.9506925207756233,0.9506925207756233,0.9506925207756233,0.9506925207756233,0.9506925207756233,0.9506925207756233,0.9506925207756233,0.9512465373961219,0.9518005540166204,0.9518005540166204,0.9518005540166204,0.9518005540166204,0.9518005540166204,0.9518005540166204,0.9518005540166204,0.9518005540166204,0.9518005540166204,0.9518005540166204,0.9518005540166204,0.9512465373961219,0.9512465373961219,0.9516897506925208,0.9533518005540166,0.9512465373961219,0.9512465373961219,0.9512465373961219,0.9512465373961219,0.9512465373961219,0.9512465373961219,0.9512465373961219,0.9512465373961219,0.9512465373961219,0.9512465373961219,0.9512465373961219,0.9512465373961219,0.9512465373961219,0.9512465373961219,0.9512465373961219,0.9512465373961219,0.9512465373961219,0.9512465373961219,0.9512465373961219,0.9303047091412743,0.9461495844875346,0.9465927977839336,0.9472576177285319,0.9472576177285319,0.9470360110803324,0.9470360110803324,0.9470360110803324,0.944819944598338,0.9434903047091413,0.9391689750692521,0.9414958448753462,0.9430470914127423,0.9426038781163435,0.9426038781163435,0.9426038781163435,0.9426038781163435,0.9444875346260387,0.9441551246537396,0.9440443213296399,0.9440443213296399,0.9440443213296399,0.9440443213296399,0.9431578947368421,0.9431578947368421,0.9431578947368421,0.9431578947368421,0.9431578947368421,0.9424930747922438,0.9433795013850416,0.9433795013850416,0.9429362880886426,0.9429362880886426,0.9431578947368421,0.9431578947368421,0.9427146814404432,0.9427146814404432,0.9427146814404432,0.9433795013850416,0.9431578947368421,0.9431578947368421,0.9431578947368421,0.9431578947368421,0.9431578947368421,0.9431578947368421,0.9431578947368421,0.9431578947368421,0.9427146814404432,0.9431578947368421,0.9431578947368421,0.9431578947368421,0.9427146814404432,0.9429362880886426,0.9429362880886426,0.9429362880886426,0.9429362880886426,0.9424930747922438,0.9424930747922438,0.9432686980609418,0.9430470914127423,0.9430470914127423,0.9430470914127423,0.9430470914127423,0.9432686980609418,0.9430470914127423,0.9430470914127423,0.9432686980609418,0.9432686980609418,0.9418282548476454,0.9420498614958449,0.942382271468144,0.9422714681440443,0.9368421052631579,0.937174515235457,0.9373961218836565,0.9362880886426593,0.9362880886426593,0.9358448753462604,0.9362880886426593,0.9362880886426593,0.9366204986149584,0.9368421052631579,0.9366204986149584,0.9357340720221606,0.9356232686980609,0.9366204986149584,0.9365096952908587,0.934404432132964,0.9349584487534626,0.9375069252077562,0.9368421052631579,0.9372853185595568,0.9370637119113573,0.9349584487534626,0.9350692520775623,0.9349584487534626,0.9352908587257618,0.9303047091412743,0.9361772853185596,0.9356232686980609,0.936398891966759,0.9352908587257618,0.9360664819944599,0.9359556786703601,0.9361772853185596,0.9362880886426593,0.9368421052631579,0.9360664819944599,0.9367313019390582,0.9365096952908587,0.9370637119113573,0.9370637119113573,0.9352908587257618,0.9358448753462604,0.9386149584487534,0.9365096952908587,0.9362880886426593,0.937617728531856,0.937617728531856,0.937617728531856,0.9373961218836565,0.9373961218836565,0.9373961218836565,0.937174515235457,0.9375069252077562,0.937617728531856,0.9380609418282548,0.9380609418282548,0.9380609418282548,0.9380609418282548,0.9380609418282548,0.9380609418282548,0.9380609418282548,0.9380609418282548,0.9380609418282548,0.9380609418282548,0.9386149584487534,0.9381717451523546,0.9373961218836565,0.937617728531856,0.937617728531856,0.937617728531856,0.937617728531856,0.937617728531856,0.937617728531856,0.937617728531856,0.937617728531856,0.937617728531856,0.937617728531856,0.937617728531856,0.937617728531856,0.937617728531856,0.9373961218836565,0.9373961218836565,0.9373961218836565,0.937174515235457,0.9369529085872577,0.9369529085872577,0.9369529085872577,0.9369529085872577,0.9369529085872577,0.9369529085872577,0.9369529085872577,0.9369529085872577,0.9369529085872577,0.9369529085872577,0.9360664819944599,0.9337396121883657,0.9337396121883657,0.9358448753462604,0.9358448753462604,0.9325207756232687,0.9352908587257618,0.93196675900277,0.9334072022160664,0.9321883656509695,0.931191135734072,0.9329639889196676,0.9348476454293628,0.934404432132964,0.9314127423822715,0.9316343490304709,0.9339612188365651,0.9328531855955678,0.9339612188365651,0.9342936288088642,0.9340720221606649,0.9318559556786704,0.9329639889196676,0.9316343490304709,0.9327423822714681,0.9322991689750693,0.9322991689750693,0.9317451523545707,0.9318559556786704,0.9320775623268698,0.9320775623268698,0.9320775623268698,0.9320775623268698,0.9320775623268698,0.9325207756232687,0.9295290858725762,0.9301939058171745,0.9309695290858726,0.9309695290858726,0.9309695290858726,0.9309695290858726,0.931191135734072,0.9335180055401662,0.9335180055401662,0.9337396121883657,0.9314127423822715,0.9314127423822715,0.9314127423822715,0.9314127423822715,0.9314127423822715,0.9314127423822715,0.9314127423822715,0.9314127423822715,0.9314127423822715,0.9314127423822715,0.9314127423822715,0.9314127423822715,0.9316343490304709,0.931191135734072,0.931191135734072,0.931191135734072,0.931191135734072,0.931191135734072,0.931191135734072,0.931191135734072,0.931191135734072,0.931191135734072,0.9316343490304709,0.9314127423822715,0.9320775623268698,0.9320775623268698,0.9313019390581717,0.9306371191135734,0.9310803324099723,0.9309695290858726,0.9315235457063712,0.9317451523545707,0.9317451523545707,0.9317451523545707,0.9317451523545707,0.9317451523545707,0.9317451523545707,0.9317451523545707,0.9327423822714681,0.9331855955678671,0.9331855955678671,0.9326315789473684,0.9334072022160664,0.9334072022160664,0.93196675900277,0.9327423822714681,0.9322991689750693,0.9336288088642659,0.9326315789473684,0.9327423822714681,0.9327423822714681,0.93196675900277,0.9315235457063712,0.9313019390581717,0.9300831024930748,0.9300831024930748,0.9304155124653739,0.9309695290858726,0.9316343490304709,0.9316343490304709,0.9309695290858726,0.9309695290858726,0.9307479224376731,0.9341828254847645,0.9299722991689751,0.9317451523545707,0.9287534626038781,0.9286426592797784,0.9280886426592798,0.9278670360110803,0.9280886426592798,0.9277562326869806,0.9280886426592798,0.9288642659279779,0.9275346260387811,0.9276454293628809,0.9224376731301939,0.9202216066481994,0.9197783933518006,0.9213296398891967,0.9198891966759003,0.9184487534626039,0.9184487534626039,0.9184487534626039,0.9184487534626039,0.9184487534626039,0.9184487534626039,0.9201108033240997,0.9206648199445984,0.9209972299168975,0.9209972299168975,0.9216620498614958,0.9222160664819945,0.9209972299168975,0.921218836565097,0.9207756232686981,0.9207756232686981,0.9203324099722991,0.92,0.9197783933518006,0.9211080332409972,0.9222160664819945,0.9201108033240997,0.9202216066481994,0.9202216066481994,0.9196675900277008,0.9201108033240997,0.9204432132963989,0.9206648199445984,0.9202216066481994,0.9202216066481994,0.92,0.9202216066481994,0.9207756232686981,0.9216620498614958,0.9198891966759003,0.9196675900277008,0.92,0.92,0.92,0.9197783933518006,0.9197783933518006,0.9197783933518006,0.9221052631578948,0.9221052631578948,0.9221052631578948,0.9221052631578948,0.9223268698060941,0.921994459833795,0.9221052631578948,0.9223268698060941,0.9206648199445984,0.9204432132963989,0.9198891966759003,0.9204432132963989,0.9198891966759003,0.92,0.92,0.9172299168975069,0.9186703601108033,0.9161218836565097,0.916786703601108,0.916786703601108,0.9165650969529086,0.9152354570637119,0.916786703601108,0.916786703601108,0.916786703601108,0.916786703601108,0.916786703601108,0.9165650969529086,0.9165650969529086,0.9165650969529086,0.9165650969529086,0.9165650969529086,0.9165650969529086,0.916786703601108,0.916786703601108,0.9159002770083102,0.9159002770083102,0.9159002770083102,0.9159002770083102,0.9152354570637119,0.9168975069252078,0.9156786703601109,0.9149030470914128,0.9149030470914128,0.9149030470914128,0.9149030470914128,0.9149030470914128,0.9154570637119114,0.9144598337950138,0.9149030470914128,0.9149030470914128,0.9149030470914128,0.9149030470914128,0.9149030470914128,0.9149030470914128,0.9149030470914128,0.9149030470914128,0.9149030470914128,0.9149030470914128,0.9149030470914128,0.9149030470914128,0.9149030470914128,0.9146814404432133,0.9146814404432133,0.9146814404432133,0.9143490304709141,0.9150138504155124,0.9150138504155124,0.9150138504155124,0.9150138504155124,0.9143490304709141,0.9145706371191136,0.914792243767313,0.9139058171745152,0.9136842105263158,0.9136842105263158,0.9139058171745152,0.9139058171745152,0.9136842105263158,0.9133518005540167,0.9142382271468144,0.9136842105263158,0.913573407202216,0.9132409972299169,0.9132409972299169,0.9132409972299169,0.9123545706371191,0.9131301939058172,0.9137950138504155,0.914016620498615,0.9113573407202216,0.9150138504155124,0.9126869806094183,0.9114681440443213,0.9136842105263158,0.9136842105263158,0.9118005540166205,0.912797783933518,0.9123545706371191,0.9125761772853186,0.9116897506925208,0.9124653739612189,0.9124653739612189,0.9124653739612189,0.9124653739612189,0.9124653739612189,0.9124653739612189,0.9126869806094183,0.9126869806094183,0.9134626038781164,0.9134626038781164,0.9136842105263158,0.9122437673130194,0.9106925207756232,0.9123545706371191,0.9125761772853186,0.9149030470914128,0.9146814404432133,0.9139058171745152,0.9143490304709141,0.9129085872576177,0.9136842105263158,0.9132409972299169,0.9154570637119114,0.9131301939058172,0.9144598337950138,0.9137950138504155,0.9146814404432133,0.9144598337950138,0.9152354570637119,0.9152354570637119,0.9146814404432133,0.9144598337950138,0.9144598337950138,0.9144598337950138,0.9144598337950138,0.9144598337950138,0.9144598337950138,0.9144598337950138,0.914016620498615,0.9132409972299169,0.9136842105263158,0.9142382271468144,0.9130193905817174,0.9139058171745152,0.9125761772853186,0.911578947368421,0.910803324099723,0.910803324099723,0.910803324099723,0.910803324099723,0.910803324099723,0.910803324099723,0.910803324099723,0.910803324099723,0.910803324099723,0.910803324099723,0.910803324099723,0.910803324099723,0.910803324099723,0.910803324099723,0.910803324099723,0.9105817174515235,0.9105817174515235,0.9105817174515235,0.9105817174515235,0.9105817174515235,0.9105817174515235,0.9105817174515235,0.9105817174515235,0.9105817174515235,0.9105817174515235,0.9105817174515235,0.9105817174515235,0.910803324099723,0.9110249307479225,0.9110249307479225,0.9110249307479225,0.9110249307479225,0.9110249307479225,0.9110249307479225,0.9110249307479225,0.9110249307479225,0.9110249307479225,0.9110249307479225,0.9110249307479225,0.9110249307479225,0.9110249307479225,0.9110249307479225,0.9110249307479225,0.910803324099723,0.9110249307479225,0.9111357340720222,0.9116897506925208,0.906814404432133,0.9072576177285319,0.9072576177285319,0.9072576177285319,0.9072576177285319,0.9077008310249307,0.908365650969529,0.9091412742382271,0.9090304709141275,0.9089196675900277,0.9086980609418283,0.9077008310249307,0.9077008310249307,0.908365650969529,0.908365650969529,0.9094736842105263,0.9094736842105263,0.9094736842105263,0.9094736842105263,0.908365650969529,0.908808864265928,0.9079224376731302,0.9099168975069252,0.907590027700831,0.908808864265928,0.9090304709141275,0.9078116343490304,0.9092520775623268,0.906814404432133,0.9067036011080333,0.9065927977839335,0.905595567867036,0.906038781163435,0.9067036011080333,0.9079224376731302,0.9078116343490304,0.907590027700831,0.907590027700831,0.907590027700831,0.907590027700831,0.907590027700831,0.907590027700831,0.907590027700831,0.907590027700831,0.907590027700831,0.907590027700831,0.907590027700831,0.907590027700831,0.907590027700831,0.907590027700831,0.907590027700831,0.907590027700831,0.907590027700831,0.907590027700831,0.907590027700831,0.907590027700831,0.907590027700831,0.9078116343490304,0.9078116343490304,0.9078116343490304,0.9078116343490304,0.9078116343490304,0.9078116343490304,0.9078116343490304,0.9078116343490304,0.9078116343490304,0.9078116343490304,0.9078116343490304,0.9070360110803324,0.9074792243767313,0.908365650969529,0.9078116343490304,0.9080332409972299,0.9080332409972299,0.9080332409972299,0.9080332409972299,0.9078116343490304,0.908808864265928,0.9086980609418283,0.9086980609418283,0.9086980609418283,0.9093628808864266,0.9085872576177285,0.908365650969529,0.9093628808864266,0.9085872576177285,0.9085872576177285,0.9085872576177285,0.9085872576177285,0.9085872576177285,0.9090304709141275,0.9094736842105263,0.9094736842105263,0.9098060941828254,0.9111357340720222,0.9090304709141275,0.9111357340720222,0.9111357340720222,0.9111357340720222,0.9111357340720222,0.9095844875346261,0.9095844875346261,0.9112465373961219,0.9110249307479225,0.9110249307479225,0.9105817174515235,0.9092520775623268,0.9092520775623268,0.9092520775623268,0.9092520775623268,0.9092520775623268,0.9096952908587258,0.9101385041551247,0.9101385041551247,0.9080332409972299,0.9079224376731302,0.9089196675900277,0.9074792243767313,0.9074792243767313,0.9082548476454294,0.9059279778393352,0.9081440443213297,0.9070360110803324,0.9073684210526316,0.9082548476454294,0.9063711911357341,0.9063711911357341,0.9073684210526316,0.9073684210526316,0.9073684210526316,0.9073684210526316,0.907590027700831,0.9080332409972299,0.9080332409972299,0.9086980609418283,0.9084764542936288,0.9094736842105263,0.9094736842105263,0.9104709141274239,0.9102493074792244,0.9096952908587258,0.9100277008310249,0.9100277008310249,0.9100277008310249,0.9095844875346261,0.9095844875346261,0.9095844875346261,0.9095844875346261,0.9095844875346261,0.9096952908587258,0.9093628808864266,0.9102493074792244,0.9100277008310249,0.9100277008310249,0.9100277008310249,0.9100277008310249,0.9100277008310249,0.9100277008310249,0.9100277008310249,0.9100277008310249,0.9086980609418283,0.9085872576177285,0.9082548476454294,0.908365650969529,0.908365650969529,0.908365650969529,0.908365650969529,0.9081440443213297,0.9081440443213297,0.9081440443213297,0.9081440443213297,0.9077008310249307,0.9077008310249307,0.9077008310249307,0.9077008310249307,0.9086980609418283,0.9078116343490304,0.9067036011080333,0.9067036011080333,0.9072576177285319,0.9072576177285319,0.9072576177285319,0.906814404432133,0.9078116343490304,0.9078116343490304,0.9078116343490304,0.9071468144044321,0.9071468144044321,0.9074792243767313,0.9069252077562326,0.9069252077562326,0.906814404432133,0.906814404432133,0.9069252077562326,0.9069252077562326,0.9069252077562326,0.9069252077562326,0.9050415512465374,0.8863157894736842,0.8860941828254848,0.8960664819944598,0.8955124653739612,0.8890858725761773,0.8894182825484764,0.8889750692520776,0.8916343490304709,0.891191135734072,0.8907479224376731,0.8907479224376731,0.8907479224376731,0.8907479224376731,0.8897506925207757,0.8909695290858726,0.8900831024930748,0.8906371191135735,0.8906371191135735,0.8910803324099723,0.8909695290858726,0.8909695290858726,0.8907479224376731,0.8907479224376731,0.8903047091412742,0.8900831024930748,0.8900831024930748,0.888421052631579,0.8900831024930748,0.8901939058171745,0.8901939058171745,0.8901939058171745,0.8901939058171745,0.890415512465374,0.890415512465374,0.8895290858725762,0.8900831024930748,0.8897506925207757,0.8897506925207757,0.8897506925207757,0.8897506925207757,0.8897506925207757,0.8897506925207757,0.8897506925207757,0.8897506925207757,0.8897506925207757,0.8897506925207757,0.8897506925207757,0.8897506925207757,0.8886426592797784,0.8888642659279778,0.8888642659279778,0.8890858725761773,0.8895290858725762,0.8895290858725762,0.8895290858725762,0.8895290858725762,0.8895290858725762,0.8890858725761773,0.8890858725761773,0.8890858725761773,0.8897506925207757,0.8890858725761773,0.8890858725761773,0.8890858725761773,0.8890858725761773,0.8890858725761773,0.8890858725761773,0.8890858725761773,0.8893074792243767,0.8893074792243767,0.8893074792243767,0.8896398891966759,0.8896398891966759,0.8897506925207757,0.8890858725761773,0.8893074792243767,0.889196675900277,0.8898614958448754,0.889196675900277,0.8898614958448754,0.8903047091412742,0.8903047091412742,0.8903047091412742,0.8896398891966759,0.8901939058171745,0.890415512465374,0.889972299168975,0.889972299168975,0.889972299168975,0.889972299168975,0.889972299168975,0.8901939058171745,0.8916343490304709,0.8888642659279778,0.8903047091412742,0.8895290858725762,0.88797783933518,0.8873130193905817,0.8887534626038781,0.8881994459833795,0.8886426592797784,0.8894182825484764,0.8881994459833795,0.8881994459833795,0.8881994459833795,0.8873130193905817,0.8881994459833795,0.8881994459833795,0.8875346260387812,0.8887534626038781,0.8869806094182825,0.8737950138504155,0.8739058171745152,0.8736842105263158,0.8724653739612188,0.8724653739612188,0.872797783933518,0.8716897506925207,0.8721329639889197,0.8721329639889197,0.8723545706371191,0.8723545706371191,0.8723545706371191,0.8718005540166205,0.8718005540166205,0.8710249307479224,0.8712465373961219,0.8714681440443214,0.8722437673130193,0.8714681440443214,0.8723545706371191,0.8744598337950138,0.8737950138504155,0.872797783933518,0.8723545706371191,0.8749030470914128,0.8744598337950138,0.8730193905817174,0.8730193905817174,0.8725761772853186,0.8743490304709142,0.8729085872576178,0.8726869806094183,0.8702493074792244,0.8724653739612188,0.8726869806094183,0.8726869806094183,0.8726869806094183,0.8726869806094183,0.8726869806094183,0.8726869806094183,0.8706925207756233,0.8708033240997229,0.868808864265928,0.868808864265928,0.8690304709141274,0.8685872576177285,0.8683656509695291,0.8684764542936289,0.8689196675900277,0.8702493074792244,0.8705817174515236,0.8699168975069252,0.8693628808864265,0.8683656509695291,0.8665927977839335,0.8665927977839335,0.866371191135734,0.8683656509695291,0.8685872576177285,0.8682548476454294,0.8683656509695291,0.8683656509695291,0.8683656509695291,0.8683656509695291,0.8683656509695291,0.8683656509695291,0.8679224376731302,0.8679224376731302,0.8680332409972299,0.8703601108033241,0.8704709141274238,0.8706925207756233,0.8710249307479224,0.8696952908587258,0.8682548476454294,0.8702493074792244,0.8702493074792244,0.8702493074792244,0.8702493074792244,0.8702493074792244,0.8702493074792244,0.8702493074792244,0.8711357340720222,0.8711357340720222,0.8711357340720222,0.8718005540166205,0.870027700831025,0.870027700831025,0.870027700831025,0.870027700831025,0.8698060941828255,0.8704709141274238,0.870027700831025,0.8706925207756233,0.8698060941828255,0.869584487534626,0.869584487534626,0.8692520775623269,0.8699168975069252,0.8711357340720222,0.8690304709141274,0.869584487534626,0.8692520775623269,0.8692520775623269,0.8692520775623269,0.8698060941828255,0.8699168975069252,0.8684764542936289,0.8719113573407202,0.8730193905817174,0.8709141274238227,0.8709141274238227,0.8706925207756233,0.8706925207756233,0.8706925207756233,0.8705817174515236,0.869584487534626,0.8694736842105263,0.8713573407202216,0.8713573407202216,0.8713573407202216,0.8681440443213296,0.8706925207756233,0.8709141274238227,0.8709141274238227,0.8709141274238227,0.8693628808864265,0.8691412742382272,0.8691412742382272,0.869584487534626,0.8689196675900277,0.8681440443213296,0.8681440443213296,0.868808864265928,0.8704709141274238,0.8704709141274238,0.8709141274238227,0.8713573407202216,0.8711357340720222,0.8711357340720222,0.8725761772853186,0.8718005540166205,0.8719113573407202,0.8722437673130193,0.8708033240997229,0.8729085872576178,0.8709141274238227,0.8701385041551246,0.8722437673130193,0.8718005540166205,0.8716897506925207,0.8725761772853186,0.872797783933518,0.872797783933518,0.87202216066482,0.8706925207756233,0.8706925207756233,0.8706925207756233,0.8723545706371191,0.8710249307479224,0.8712465373961219,0.8703601108033241,0.8710249307479224,0.8710249307479224,0.8709141274238227,0.8709141274238227,0.8694736842105263,0.8712465373961219,0.8682548476454294,0.8679224376731302,0.8677008310249308,0.8696952908587258,0.8699168975069252,0.8684764542936289,0.8686980609418282,0.8682548476454294,0.8699168975069252,0.8710249307479224,0.8708033240997229,0.8678116343490305,0.8705817174515236,0.8709141274238227,0.870027700831025,0.869584487534626,0.8691412742382272,0.8699168975069252,0.8694736842105263,0.8689196675900277,0.8691412742382272,0.8680332409972299,0.8680332409972299,0.8684764542936289,0.8682548476454294,0.8693628808864265,0.8684764542936289,0.8694736842105263,0.867590027700831,0.8677008310249308,0.8684764542936289,0.8684764542936289,0.8684764542936289,0.867590027700831,0.867590027700831,0.8679224376731302,0.8683656509695291,0.8683656509695291,0.867590027700831,0.8680332409972299,0.8683656509695291,0.8680332409972299,0.8681440443213296,0.8681440443213296,0.8681440443213296,0.8682548476454294,0.8686980609418282,0.8686980609418282,0.8686980609418282,0.8682548476454294,0.8683656509695291,0.8683656509695291,0.8680332409972299,0.8680332409972299,0.8680332409972299,0.8680332409972299,0.8680332409972299,0.8680332409972299,0.8680332409972299,0.8680332409972299,0.8680332409972299,0.8680332409972299,0.8680332409972299,0.8680332409972299,0.8680332409972299,0.8680332409972299,0.8680332409972299,0.8680332409972299,0.8680332409972299,0.8680332409972299,0.8680332409972299,0.8680332409972299,0.8680332409972299,0.8680332409972299,0.8680332409972299,0.8680332409972299,0.8680332409972299,0.8680332409972299,0.8680332409972299,0.8680332409972299,0.8680332409972299,0.8680332409972299,0.8680332409972299,0.8680332409972299,0.8680332409972299,0.8680332409972299,0.8680332409972299,0.8680332409972299,0.8680332409972299,0.8680332409972299,0.8680332409972299,0.8680332409972299,0.8680332409972299,0.8680332409972299,0.8680332409972299,0.8680332409972299,0.8680332409972299,0.8680332409972299,0.8680332409972299,0.8680332409972299,0.8680332409972299,0.8680332409972299,0.8680332409972299,0.8680332409972299,0.8680332409972299,0.8680332409972299,0.8680332409972299,0.8680332409972299,0.8680332409972299,0.8680332409972299,0.8680332409972299,0.8680332409972299,0.8680332409972299,0.8680332409972299,0.8680332409972299,0.8680332409972299,0.8680332409972299,0.8680332409972299,0.8680332409972299,0.8680332409972299,0.8680332409972299,0.8680332409972299,0.8680332409972299,0.8680332409972299,0.8680332409972299,0.8680332409972299,0.8680332409972299,0.8680332409972299,0.8680332409972299,0.8680332409972299,0.8680332409972299,0.8680332409972299,0.8680332409972299,0.8680332409972299,0.8680332409972299,0.8680332409972299,0.8680332409972299,0.8680332409972299,0.8680332409972299,0.8680332409972299,0.8680332409972299,0.8680332409972299,0.8680332409972299,0.8680332409972299,0.8680332409972299,0.8680332409972299,0.8680332409972299,0.8691412742382272,0.8691412742382272,0.8691412742382272,0.8691412742382272,0.8670360110803325,0.8670360110803325,0.8684764542936289,0.8670360110803325,0.8681440443213296,0.8669252077562327,0.866371191135734,0.866371191135734,0.8677008310249308,0.8679224376731302,0.867590027700831,0.8677008310249308,0.8677008310249308,0.8677008310249308,0.8677008310249308,0.8677008310249308,0.8677008310249308,0.8677008310249308,0.8674792243767313,0.8671468144044321,0.8674792243767313,0.8679224376731302,0.8664819944598338,0.8652631578947368,0.8677008310249308,0.8659279778393352,0.8664819944598338,0.8669252077562327,0.8673684210526316,0.8681440443213296,0.8679224376731302,0.8677008310249308,0.8683656509695291,0.8669252077562327,0.8685872576177285,0.8669252077562327,0.868808864265928,0.868808864265928,0.8684764542936289,0.8683656509695291,0.8673684210526316,0.8671468144044321,0.8671468144044321,0.8671468144044321,0.8673684210526316,0.8673684210526316,0.867590027700831,0.8659279778393352,0.8659279778393352,0.8661495844875347,0.8650415512465374,0.864819944598338,0.8659279778393352,0.8651523545706371,0.8661495844875347,0.8647091412742383,0.8657063711911357,0.8657063711911357,0.8654847645429363,0.8654847645429363,0.8654847645429363,0.8654847645429363,0.864376731301939,0.864819944598338,0.8652631578947368,0.8660387811634349,0.8604986149584487,0.8617174515235457,0.8624930747922438,0.8617174515235457,0.8617174515235457,0.8617174515235457,0.8617174515235457,0.8617174515235457,0.8617174515235457,0.8617174515235457,0.8617174515235457,0.8617174515235457,0.8617174515235457,0.8617174515235457,0.8617174515235457,0.8617174515235457,0.8617174515235457,0.8617174515235457,0.8617174515235457,0.8617174515235457,0.8617174515235457,0.8617174515235457,0.8617174515235457,0.8626038781163435,0.8603878116343491,0.861606648199446,0.8626038781163435,0.8618282548476455,0.8612742382271468,0.8619390581717451,0.8619390581717451,0.8617174515235457,0.8614958448753463,0.8607202216066482,0.8618282548476455,0.8630470914127424,0.8631578947368421,0.8631578947368421,0.8626038781163435,0.8623822714681441,0.8629362880886426,0.8633795013850416,0.8633795013850416,0.8633795013850416,0.8633795013850416,0.8633795013850416,0.8633795013850416,0.8633795013850416,0.8633795013850416,0.8633795013850416,0.8633795013850416,0.8633795013850416,0.8633795013850416,0.8642659279778393,0.863601108033241,0.8638227146814405,0.8627146814404432,0.8631578947368421,0.8633795013850416,0.8638227146814405,0.8628254847645429,0.8629362880886426,0.8629362880886426,0.8633795013850416,0.8633795013850416,0.8641551246537396,0.8637119113573407,0.8637119113573407,0.8634903047091412,0.8634903047091412,0.8634903047091412,0.8634903047091412,0.8634903047091412,0.8634903047091412,0.8634903047091412,0.8634903047091412,0.8634903047091412,0.8634903047091412,0.8634903047091412,0.8634903047091412,0.8634903047091412,0.8634903047091412,0.8634903047091412,0.8634903047091412,0.8634903047091412,0.8634903047091412,0.8634903047091412,0.8634903047091412,0.8634903047091412,0.8634903047091412,0.8634903047091412,0.8632686980609419,0.8632686980609419,0.8632686980609419,0.8632686980609419,0.8632686980609419,0.8623822714681441,0.8630470914127424,0.863601108033241,0.863601108033241,0.8633795013850416,0.8633795013850416,0.8633795013850416,0.8633795013850416,0.8633795013850416,0.8633795013850416,0.8633795013850416,0.8633795013850416,0.8633795013850416,0.8633795013850416,0.8633795013850416,0.8633795013850416,0.8633795013850416,0.8633795013850416,0.8633795013850416,0.8640443213296399,0.8640443213296399,0.8640443213296399,0.8640443213296399,0.864819944598338,0.8654847645429363,0.8654847645429363,0.8654847645429363,0.8654847645429363,0.8654847645429363,0.8654847645429363,0.8654847645429363,0.8654847645429363,0.8654847645429363,0.8654847645429363,0.8654847645429363,0.8654847645429363,0.8654847645429363,0.8654847645429363,0.8654847645429363,0.8654847645429363,0.8654847645429363,0.8652631578947368,0.8652631578947368,0.8653739612188366,0.8652631578947368,0.8652631578947368,0.8652631578947368,0.8645983379501385,0.864376731301939,0.8662603878116344,0.8658171745152354,0.8660387811634349,0.8651523545706371,0.8644875346260388,0.8667036011080332,0.8658171745152354,0.8665927977839335,0.8660387811634349,0.8670360110803325,0.8664819944598338,0.8664819944598338,0.8654847645429363,0.8655955678670361,0.8650415512465374,0.8657063711911357,0.8654847645429363,0.8654847645429363,0.8654847645429363,0.8654847645429363,0.8654847645429363,0.8654847645429363,0.8654847645429363,0.8652631578947368,0.8654847645429363,0.8654847645429363,0.8654847645429363,0.8652631578947368,0.8652631578947368,0.8652631578947368,0.8652631578947368,0.8654847645429363,0.8659279778393352,0.8671468144044321,0.866371191135734,0.8642659279778393,0.8654847645429363,0.8657063711911357,0.8654847645429363,0.8671468144044321,0.8658171745152354,0.8660387811634349,0.8661495844875347,0.8661495844875347,0.866371191135734,0.866371191135734,0.866371191135734,0.866371191135734,0.866371191135734,0.866371191135734,0.8653739612188366,0.8662603878116344,0.8659279778393352,0.866371191135734,0.8678116343490305,0.8650415512465374,0.8653739612188366,0.8639335180055402,0.8641551246537396,0.8645983379501385,0.864819944598338,0.8645983379501385,0.8644875346260388,0.8653739612188366,0.8654847645429363,0.8645983379501385,0.8653739612188366,0.8654847645429363,0.8640443213296399,0.8655955678670361,0.8639335180055402,0.8634903047091412,0.8674792243767313,0.8661495844875347,0.8662603878116344,0.8659279778393352,0.859612188365651,0.8593905817174515,0.8602770083102493,0.8604986149584487,0.8609418282548477,0.8609418282548477,0.8609418282548477,0.8608310249307479,0.8600554016620499,0.8599445983379501,0.8595013850415513,0.8590581717451523,0.8602770083102493,0.8590581717451523,0.8602770083102493,0.8600554016620499,0.859612188365651,0.8598337950138504,0.8603878116343491,0.8603878116343491,0.8603878116343491,0.8606094182825484,0.8593905817174515,0.8593905817174515,0.8600554016620499,0.8608310249307479,0.8607202216066482,0.8604986149584487,0.8612742382271468,0.8612742382271468,0.8612742382271468,0.8624930747922438,0.8613850415512465,0.8599445983379501,0.8604986149584487,0.8604986149584487,0.8604986149584487,0.8604986149584487,0.8604986149584487,0.8604986149584487,0.8607202216066482,0.8612742382271468,0.8612742382271468,0.8612742382271468,0.8612742382271468,0.8612742382271468,0.861606648199446,0.861606648199446,0.861606648199446,0.8614958448753463,0.8614958448753463,0.8613850415512465,0.8606094182825484,0.8609418282548477,0.8608310249307479,0.8608310249307479,0.8608310249307479,0.8608310249307479,0.8608310249307479,0.8608310249307479,0.8608310249307479,0.8600554016620499,0.8608310249307479,0.8612742382271468,0.8613850415512465,0.8617174515235457,0.8609418282548477,0.8609418282548477,0.8610526315789474,0.8602770083102493,0.8612742382271468,0.8612742382271468,0.8612742382271468,0.8612742382271468,0.8612742382271468,0.8612742382271468,0.859612188365651,0.8599445983379501,0.859168975069252,0.8599445983379501,0.8604986149584487,0.8593905817174515,0.859612188365651,0.859612188365651,0.859612188365651,0.859612188365651,0.859612188365651,0.859612188365651,0.8589473684210527,0.858393351800554,0.8575069252077563,0.8587257617728532,0.858393351800554,0.8588365650969529,0.8595013850415513,0.8589473684210527,0.8585041551246537,0.8585041551246537,0.8589473684210527,0.8582825484764542,0.8582825484764542,0.8582825484764542,0.8582825484764542,0.8582825484764542,0.8582825484764542,0.8582825484764542,0.8582825484764542,0.8582825484764542,0.8582825484764542,0.8582825484764542,0.8582825484764542,0.8582825484764542,0.8582825484764542,0.8579501385041551,0.858393351800554,0.8579501385041551,0.8579501385041551,0.8579501385041551,0.8579501385041551,0.8573961218836565,0.8573961218836565,0.8572853185595568,0.8580609418282549,0.8573961218836565,0.8570637119113573,0.8572853185595568,0.8572853185595568,0.8570637119113573,0.8572853185595568,0.8572853185595568,0.8578393351800554,0.8581717451523546,0.8579501385041551,0.8571745152354571,0.8598337950138504,0.8576177285318559,0.8573961218836565,0.8573961218836565,0.8569529085872576,0.8588365650969529,0.8582825484764542,0.8582825484764542,0.8582825484764542,0.8582825484764542,0.8582825484764542,0.8593905817174515,0.8585041551246537,0.8585041551246537,0.8585041551246537,0.8585041551246537,0.8585041551246537,0.8585041551246537,0.8585041551246537,0.8585041551246537,0.8585041551246537,0.8580609418282549,0.8576177285318559,0.8571745152354571,0.8571745152354571,0.8571745152354571,0.8571745152354571,0.8577285318559557,0.8572853185595568,0.8582825484764542,0.8580609418282549,0.8562880886426593,0.8575069252077563,0.8569529085872576,0.8569529085872576,0.8573961218836565,0.8571745152354571,0.8562880886426593,0.8559556786703602,0.8569529085872576,0.8571745152354571,0.8561772853185595,0.8571745152354571,0.8569529085872576,0.8554016620498615,0.8554016620498615,0.8567313019390582,0.8558448753462604,0.8558448753462604,0.8558448753462604,0.8562880886426593,0.8562880886426593,0.8562880886426593,0.8562880886426593,0.8551800554016621,0.8562880886426593,0.8562880886426593,0.8561772853185595,0.856398891966759,0.8559556786703602,0.8559556786703602,0.8559556786703602,0.856398891966759,0.856398891966759,0.8567313019390582,0.8571745152354571,0.8562880886426593,0.8560664819944598,0.8558448753462604,0.8560664819944598,0.8560664819944598,0.8560664819944598,0.8560664819944598,0.8560664819944598,0.8556232686980609,0.8554016620498615,0.8554016620498615,0.8565096952908587,0.8559556786703602,0.8561772853185595,0.8573961218836565,0.8580609418282549,0.8569529085872576,0.8573961218836565,0.8565096952908587,0.8578393351800554,0.8567313019390582,0.8559556786703602,0.8567313019390582,0.8561772853185595,0.8568421052631578,0.8568421052631578,0.8570637119113573,0.8572853185595568,0.8581717451523546,0.858393351800554,0.8573961218836565,0.8576177285318559,0.8577285318559557,0.8577285318559557,0.8579501385041551,0.8586149584487535,0.8569529085872576,0.8575069252077563,0.8578393351800554,0.8571745152354571,0.8559556786703602,0.8559556786703602,0.8557340720221607,0.8555124653739612,0.8552908587257618,0.8552908587257618,0.8552908587257618,0.8552908587257618,0.8552908587257618,0.8559556786703602,0.8559556786703602,0.8552908587257618,0.8552908587257618,0.8552908587257618,0.8552908587257618,0.8552908587257618,0.8540720221606648,0.8545152354570638,0.854404432132964,0.854404432132964,0.8537396121883657,0.8532963988919667,0.8530747922437674,0.8530747922437674,0.8539612188365651,0.8539612188365651,0.8537396121883657,0.8548476454293629,0.8548476454293629,0.8548476454293629,0.8548476454293629,0.8548476454293629,0.8548476454293629,0.8548476454293629,0.8548476454293629,0.8548476454293629,0.8548476454293629,0.8548476454293629,0.8548476454293629,0.8556232686980609,0.8556232686980609,0.8540720221606648,0.8540720221606648,0.8538504155124653,0.8538504155124653,0.8538504155124653,0.8538504155124653,0.853628808864266,0.853628808864266,0.853628808864266,0.853628808864266,0.8542936288088643,0.8534072022160665,0.8534072022160665,0.8534072022160665,0.8534072022160665,0.8534072022160665,0.8534072022160665,0.8534072022160665,0.8540720221606648,0.8540720221606648,0.8540720221606648,0.8540720221606648,0.8540720221606648,0.853628808864266,0.8538504155124653,0.8541828254847645,0.8534072022160665,0.8534072022160665,0.8540720221606648,0.8534072022160665,0.8534072022160665,0.8542936288088643,0.8545152354570638,0.8545152354570638,0.8546260387811634,0.8551800554016621,0.8562880886426593,0.8557340720221607,0.8557340720221607,0.8561772853185595,0.8557340720221607,0.8571745152354571,0.8566204986149585,0.8556232686980609,0.8556232686980609,0.8555124653739612,0.8556232686980609,0.8561772853185595,0.8578393351800554,0.8571745152354571,0.8565096952908587,0.8565096952908587,0.8569529085872576,0.8567313019390582,0.8567313019390582,0.8565096952908587,0.8560664819944598,0.8566204986149585,0.8559556786703602,0.8571745152354571,0.8525207756232687,0.8557340720221607,0.8555124653739612,0.8539612188365651,0.854404432132964,0.8516343490304709,0.8518559556786703,0.8525207756232687,0.8526315789473684,0.8521883656509696,0.854404432132964,0.8548476454293629,0.8548476454293629,0.8548476454293629,0.8546260387811634,0.8545152354570638,0.8545152354570638,0.8545152354570638,0.8545152354570638,0.8545152354570638,0.8545152354570638,0.8545152354570638,0.8545152354570638,0.8545152354570638,0.8545152354570638,0.8540720221606648,0.8540720221606648,0.853185595567867,0.8537396121883657,0.8535180055401662,0.853185595567867,0.8541828254847645,0.8537396121883657,0.8541828254847645,0.8539612188365651,0.8540720221606648,0.8538504155124653,0.8552908587257618,0.8540720221606648,0.8528531855955679,0.8558448753462604,0.8540720221606648,0.8545152354570638,0.8545152354570638,0.8538504155124653,0.8538504155124653,0.8546260387811634,0.8521883656509696,0.8548476454293629,0.8537396121883657,0.8540720221606648,0.8542936288088643,0.8545152354570638,0.8542936288088643,0.8542936288088643,0.8542936288088643,0.8542936288088643,0.8542936288088643,0.8530747922437674,0.8530747922437674,0.8537396121883657,0.8518559556786703,0.8542936288088643,0.8548476454293629,0.8548476454293629,0.8548476454293629,0.8525207756232687,0.853185595567867,0.8535180055401662,0.8522991689750693,0.8526315789473684,0.8527423822714681,0.8527423822714681,0.8527423822714681,0.853185595567867,0.8529639889196676,0.8518559556786703,0.8525207756232687,0.8542936288088643,0.8538504155124653,0.8537396121883657,0.8535180055401662,0.8535180055401662,0.8535180055401662,0.8540720221606648,0.8540720221606648,0.8530747922437674,0.8525207756232687,0.8534072022160665,0.8530747922437674,0.8529639889196676,0.853185595567867,0.8516343490304709,0.8538504155124653,0.8526315789473684,0.8526315789473684,0.8526315789473684,0.8528531855955679,0.8527423822714681,0.8527423822714681,0.8524099722991689,0.853185595567867,0.8519667590027701,0.8519667590027701,0.8559556786703602,0.8558448753462604,0.8556232686980609,0.8557340720221607,0.8550692520775623,0.8550692520775623,0.8550692520775623,0.8550692520775623,0.8550692520775623,0.8552908587257618,0.8552908587257618,0.8552908587257618,0.8554016620498615,0.856398891966759,0.8549584487534626,0.8575069252077563,0.8545152354570638,0.853185595567867,0.8519667590027701,0.8506371191135734,0.8513019390581718,0.8516343490304709,0.8507479224376732,0.851191135734072,0.851191135734072,0.8516343490304709,0.8516343490304709,0.8516343490304709,0.8508587257617729,0.8508587257617729,0.8508587257617729,0.8506371191135734,0.8517451523545706,0.8521883656509696,0.8516343490304709,0.8524099722991689,0.8520775623268698,0.8522991689750693,0.8522991689750693,0.8520775623268698,0.8530747922437674,0.8521883656509696,0.8517451523545706,0.8524099722991689,0.8524099722991689,0.8528531855955679,0.8530747922437674,0.8517451523545706,0.8521883656509696,0.8519667590027701,0.8526315789473684,0.8539612188365651,0.8537396121883657,0.8551800554016621,0.8515235457063712,0.8527423822714681,0.8515235457063712,0.853628808864266,0.8527423822714681,0.8522991689750693,0.8518559556786703,0.8532963988919667,0.8535180055401662,0.8539612188365651,0.8539612188365651,0.8539612188365651,0.8537396121883657,0.8537396121883657,0.8550692520775623,0.8550692520775623,0.8550692520775623,0.8550692520775623,0.8550692520775623,0.8550692520775623,0.8550692520775623,0.8556232686980609,0.8550692520775623,0.8550692520775623,0.8550692520775623,0.8550692520775623,0.8550692520775623,0.8550692520775623,0.8550692520775623,0.8550692520775623,0.8550692520775623,0.8550692520775623,0.8550692520775623,0.8550692520775623,0.8550692520775623,0.8550692520775623,0.854404432132964,0.8552908587257618,0.8552908587257618,0.8548476454293629,0.8548476454293629,0.8548476454293629,0.8548476454293629,0.8548476454293629,0.8548476454293629,0.8548476454293629,0.8548476454293629,0.8548476454293629,0.8548476454293629,0.8548476454293629,0.8548476454293629,0.8548476454293629,0.8548476454293629,0.8548476454293629,0.8548476454293629,0.8548476454293629,0.8548476454293629,0.8548476454293629,0.8548476454293629,0.8548476454293629,0.8548476454293629,0.8548476454293629,0.8548476454293629,0.8548476454293629,0.8548476454293629,0.8548476454293629,0.8548476454293629,0.8548476454293629,0.8548476454293629,0.8554016620498615,0.8554016620498615,0.856398891966759,0.856398891966759,0.856398891966759,0.856398891966759,0.856398891966759,0.856398891966759,0.856398891966759,0.856398891966759,0.8566204986149585,0.8566204986149585,0.8566204986149585,0.8566204986149585,0.8566204986149585,0.8566204986149585,0.8566204986149585,0.8566204986149585,0.8555124653739612,0.8555124653739612,0.856398891966759,0.8557340720221607,0.8540720221606648,0.8540720221606648,0.8546260387811634,0.8562880886426593,0.8562880886426593,0.8562880886426593,0.8548476454293629,0.8547368421052631,0.8547368421052631,0.8565096952908587,0.8565096952908587,0.8552908587257618,0.8556232686980609,0.8556232686980609,0.8556232686980609,0.8560664819944598,0.8542936288088643,0.856398891966759,0.8561772853185595,0.8555124653739612,0.8555124653739612,0.8557340720221607,0.8555124653739612,0.8571745152354571,0.8562880886426593,0.8562880886426593,0.8562880886426593,0.8562880886426593,0.8565096952908587,0.8565096952908587,0.8565096952908587,0.8565096952908587,0.8565096952908587,0.8565096952908587,0.8565096952908587,0.8565096952908587,0.8565096952908587,0.8565096952908587,0.8565096952908587,0.8565096952908587,0.8565096952908587,0.8565096952908587,0.8565096952908587,0.8565096952908587,0.8565096952908587,0.8565096952908587,0.8565096952908587,0.8565096952908587,0.8565096952908587,0.8565096952908587,0.8565096952908587,0.8565096952908587,0.8565096952908587,0.8565096952908587,0.8558448753462604,0.8560664819944598,0.8557340720221607,0.8552908587257618,0.8562880886426593,0.8562880886426593,0.8562880886426593,0.8568421052631578,0.854404432132964,0.854404432132964,0.854404432132964,0.8534072022160665,0.8534072022160665,0.8560664819944598,0.8546260387811634,0.8548476454293629,0.8551800554016621,0.8554016620498615,0.8554016620498615,0.8546260387811634,0.8546260387811634,0.8546260387811634,0.8546260387811634,0.8546260387811634,0.8551800554016621,0.8559556786703602,0.8556232686980609,0.8548476454293629,0.8546260387811634,0.8546260387811634,0.8546260387811634,0.8546260387811634,0.8546260387811634,0.8546260387811634,0.8546260387811634,0.856398891966759,0.856398891966759,0.8546260387811634,0.8546260387811634,0.8546260387811634,0.8546260387811634,0.8546260387811634,0.8546260387811634,0.8546260387811634,0.8546260387811634,0.8546260387811634,0.8546260387811634,0.8546260387811634,0.8546260387811634,0.8546260387811634,0.8546260387811634,0.8554016620498615,0.8550692520775623,0.8550692520775623,0.8550692520775623,0.8550692520775623,0.8550692520775623,0.8550692520775623,0.8550692520775623,0.8550692520775623,0.8550692520775623,0.8550692520775623,0.8550692520775623,0.8550692520775623,0.8550692520775623,0.8550692520775623,0.8550692520775623,0.8550692520775623,0.8550692520775623,0.8550692520775623,0.8550692520775623,0.8550692520775623,0.8550692520775623,0.8550692520775623,0.8550692520775623,0.8550692520775623,0.8550692520775623,0.8550692520775623,0.8550692520775623,0.8550692520775623,0.8550692520775623,0.8550692520775623,0.8550692520775623,0.8550692520775623,0.8550692520775623,0.8550692520775623,0.8550692520775623,0.8550692520775623,0.8550692520775623,0.8550692520775623,0.8550692520775623,0.8550692520775623,0.8550692520775623,0.8550692520775623,0.8550692520775623,0.8550692520775623,0.8550692520775623,0.8550692520775623,0.8550692520775623,0.8550692520775623,0.8550692520775623,0.8550692520775623,0.8550692520775623,0.8550692520775623,0.8550692520775623,0.8550692520775623,0.8550692520775623,0.8550692520775623,0.8550692520775623,0.8550692520775623,0.8550692520775623,0.8550692520775623,0.8550692520775623,0.8550692520775623,0.8550692520775623,0.8550692520775623,0.8550692520775623,0.8550692520775623,0.8550692520775623,0.8550692520775623,0.8550692520775623,0.8550692520775623,0.8550692520775623,0.8550692520775623,0.8550692520775623,0.8550692520775623,0.8550692520775623,0.8550692520775623,0.8547368421052631,0.8545152354570638,0.8545152354570638,0.8545152354570638,0.8545152354570638,0.8545152354570638,0.8552908587257618,0.8551800554016621,0.8551800554016621,0.8551800554016621,0.8551800554016621,0.8551800554016621,0.8551800554016621,0.8551800554016621,0.8551800554016621,0.8551800554016621,0.8551800554016621,0.8551800554016621,0.8551800554016621,0.8551800554016621,0.8551800554016621,0.8551800554016621,0.8551800554016621,0.8551800554016621,0.8551800554016621,0.8551800554016621,0.8551800554016621,0.8551800554016621,0.8551800554016621,0.8551800554016621,0.8551800554016621,0.8551800554016621,0.8551800554016621,0.8551800554016621,0.8551800554016621,0.8551800554016621,0.8551800554016621,0.8551800554016621,0.8549584487534626,0.8549584487534626,0.8549584487534626,0.8549584487534626,0.8549584487534626,0.8549584487534626,0.8559556786703602,0.8549584487534626,0.8550692520775623,0.8550692520775623,0.8550692520775623,0.8550692520775623,0.8550692520775623,0.8550692520775623,0.8548476454293629,0.8548476454293629,0.8548476454293629,0.8548476454293629,0.8548476454293629,0.8548476454293629,0.8548476454293629,0.8548476454293629,0.8548476454293629,0.8548476454293629,0.8548476454293629,0.8548476454293629,0.8548476454293629,0.8548476454293629,0.8548476454293629,0.8548476454293629,0.8548476454293629,0.8548476454293629,0.8548476454293629,0.8548476454293629,0.8548476454293629,0.8548476454293629,0.8548476454293629,0.8548476454293629,0.8550692520775623,0.8559556786703602,0.8547368421052631,0.8547368421052631,0.8547368421052631,0.8557340720221607,0.8555124653739612,0.8561772853185595,0.8561772853185595,0.8561772853185595,0.8561772853185595,0.8561772853185595,0.8561772853185595,0.8549584487534626,0.8549584487534626,0.8549584487534626,0.8532963988919667,0.8545152354570638,0.854404432132964,0.854404432132964,0.854404432132964,0.854404432132964,0.8554016620498615,0.8554016620498615,0.8554016620498615,0.8554016620498615,0.8554016620498615,0.8565096952908587,0.8550692520775623,0.8569529085872576,0.8567313019390582,0.8567313019390582,0.8567313019390582,0.8567313019390582,0.8555124653739612,0.8565096952908587,0.854404432132964,0.8547368421052631,0.8562880886426593,0.8560664819944598,0.8560664819944598,0.8560664819944598,0.8560664819944598,0.8567313019390582,0.8548476454293629,0.8538504155124653,0.8547368421052631,0.8547368421052631,0.8530747922437674,0.8530747922437674,0.8550692520775623,0.8552908587257618,0.854404432132964,0.8539612188365651,0.8549584487534626,0.8549584487534626,0.8549584487534626,0.8549584487534626,0.8549584487534626,0.8547368421052631,0.8547368421052631,0.8547368421052631,0.8551800554016621,0.8551800554016621,0.8554016620498615,0.8509695290858725,0.8535180055401662,0.8528531855955679,0.8522991689750693,0.8503047091412742,0.8462049861495845,0.8463157894736842,0.8442105263157895,0.8448753462603878,0.8458725761772853,0.8458725761772853,0.8458725761772853,0.8458725761772853,0.8458725761772853,0.8458725761772853,0.8458725761772853,0.8458725761772853,0.8458725761772853,0.8414404432132964,0.8474238227146814,0.8434349030470915,0.8485318559556787,0.8476454293628809,0.8478670360110804,0.8478670360110804,0.8474238227146814,0.8466481994459834,0.8454293628808864,0.840775623268698,0.840775623268698,0.840775623268698,0.840775623268698,0.8409972299168975,0.840775623268698,0.8409972299168975,0.8409972299168975,0.8454293628808864,0.845207756232687,0.845207756232687,0.8460941828254848,0.8447645429362881,0.8435457063711911,0.8434349030470915,0.843213296398892,0.8422160664819944,0.8422160664819944,0.8422160664819944,0.8422160664819944,0.8422160664819944,0.8422160664819944,0.8422160664819944,0.8425484764542936,0.8426592797783934,0.8423268698060942,0.8427700831024931,0.8438781163434903,0.8427700831024931,0.8423268698060942,0.843213296398892,0.8428808864265928,0.8426592797783934,0.8428808864265928,0.8433240997229917,0.843213296398892,0.843213296398892,0.8436565096952908,0.8436565096952908,0.8436565096952908,0.8436565096952908,0.8436565096952908,0.8436565096952908,0.8431024930747922,0.8436565096952908,0.8438781163434903,0.8433240997229917,0.8431024930747922,0.8440997229916898,0.8431024930747922,0.8436565096952908,0.8436565096952908,0.8436565096952908,0.8428808864265928,0.8433240997229917,0.8433240997229917,0.8437673130193906,0.8428808864265928,0.8431024930747922,0.8433240997229917,0.8433240997229917,0.8438781163434903,0.8438781163434903,0.8438781163434903,0.8445429362880886,0.8445429362880886,0.8445429362880886,0.8445429362880886,0.8445429362880886,0.843213296398892,0.8427700831024931,0.843213296398892,0.8429916897506925,0.8429916897506925,0.8434349030470915,0.8434349030470915,0.8434349030470915,0.8434349030470915,0.8426592797783934,0.8435457063711911,0.8437673130193906,0.8442105263157895,0.843213296398892,0.8435457063711911,0.843213296398892,0.84398891966759,0.8427700831024931,0.8427700831024931,0.8433240997229917,0.8427700831024931,0.8438781163434903,0.8440997229916898,0.8440997229916898,0.8440997229916898,0.8424376731301939,0.8436565096952908,0.8436565096952908,0.8428808864265928,0.8431024930747922,0.843213296398892,0.8422160664819944,0.8435457063711911,0.8435457063711911,0.8436565096952908,0.8428808864265928,0.8437673130193906,0.8447645429362881,0.8435457063711911,0.8437673130193906,0.8435457063711911,0.843213296398892,0.8444321329639889,0.8443213296398892,0.8437673130193906,0.8434349030470915,0.8391135734072022,0.8384487534626038,0.8421052631578947,0.8419944598337951,0.841218836565097,0.8414404432132964,0.8388919667590028,0.8416620498614958,0.8416620498614958,0.8416620498614958,0.8416620498614958,0.8418836565096953,0.8418836565096953,0.8418836565096953,0.8418836565096953,0.8418836565096953,0.8418836565096953,0.8418836565096953,0.8418836565096953,0.8418836565096953,0.8418836565096953,0.8418836565096953,0.8418836565096953,0.8416620498614958,0.8416620498614958,0.8416620498614958,0.8416620498614958,0.8418836565096953,0.8418836565096953,0.8418836565096953,0.8416620498614958,0.8416620498614958,0.8416620498614958,0.8416620498614958,0.8416620498614958,0.8416620498614958,0.8416620498614958,0.8416620498614958,0.8416620498614958,0.8416620498614958,0.8416620498614958,0.8416620498614958,0.8416620498614958,0.8416620498614958,0.8416620498614958,0.8416620498614958,0.8416620498614958,0.8416620498614958,0.8416620498614958,0.8416620498614958,0.8416620498614958,0.8416620498614958,0.8416620498614958,0.8416620498614958,0.8416620498614958,0.8416620498614958,0.8416620498614958,0.8416620498614958,0.8416620498614958,0.8416620498614958,0.8416620498614958,0.8416620498614958,0.8418836565096953,0.8418836565096953,0.8418836565096953,0.8418836565096953,0.8418836565096953,0.8418836565096953,0.8418836565096953,0.8418836565096953,0.8418836565096953,0.8418836565096953,0.8418836565096953,0.8418836565096953,0.8418836565096953,0.8418836565096953,0.8418836565096953,0.8414404432132964,0.8414404432132964,0.8414404432132964,0.8414404432132964,0.8414404432132964,0.8414404432132964,0.8414404432132964,0.841218836565097,0.8416620498614958,0.8404432132963989,0.8414404432132964,0.8414404432132964,0.8414404432132964,0.8404432132963989,0.84,0.8408864265927978,0.8408864265927978,0.8408864265927978,0.8408864265927978,0.8408864265927978,0.8408864265927978,0.8408864265927978,0.8408864265927978,0.8406648199445983,0.8406648199445983,0.8406648199445983,0.8405540166204987,0.840775623268698,0.840775623268698,0.840775623268698,0.840775623268698,0.840775623268698,0.840775623268698,0.840775623268698,0.8415512465373961,0.8411080332409973,0.8408864265927978,0.8408864265927978,0.8403324099722992,0.8413296398891966,0.8413296398891966,0.8413296398891966,0.8413296398891966,0.8413296398891966,0.8413296398891966,0.8413296398891966,0.8413296398891966,0.8413296398891966,0.8413296398891966,0.8413296398891966,0.8413296398891966,0.8413296398891966,0.8413296398891966,0.8413296398891966,0.8413296398891966,0.8411080332409973,0.8411080332409973,0.8403324099722992,0.840775623268698,0.840775623268698,0.840775623268698,0.8417728531855956,0.840775623268698,0.8405540166204987,0.8408864265927978,0.840775623268698,0.8416620498614958,0.8416620498614958,0.8416620498614958,0.8416620498614958,0.8416620498614958,0.8416620498614958,0.8416620498614958,0.8416620498614958,0.8416620498614958,0.8416620498614958,0.8416620498614958,0.8416620498614958,0.8416620498614958,0.8416620498614958,0.8416620498614958,0.8416620498614958,0.8416620498614958,0.8416620498614958,0.8416620498614958,0.8416620498614958,0.8416620498614958,0.8416620498614958,0.8416620498614958,0.8416620498614958,0.8416620498614958,0.8416620498614958,0.8416620498614958,0.8416620498614958,0.8416620498614958,0.8416620498614958,0.8416620498614958,0.8416620498614958,0.8416620498614958,0.8416620498614958,0.8416620498614958,0.8416620498614958,0.840775623268698,0.8415512465373961,0.8397783933518006,0.8409972299168975,0.8406648199445983,0.8406648199445983,0.8409972299168975,0.8409972299168975,0.8409972299168975,0.840775623268698,0.840775623268698,0.8402216066481994,0.8402216066481994,0.84,0.8406648199445983,0.841218836565097,0.8404432132963989,0.8402216066481994,0.8402216066481994,0.8402216066481994,0.8402216066481994,0.8402216066481994,0.8402216066481994,0.8402216066481994,0.8402216066481994,0.8402216066481994,0.8402216066481994,0.8402216066481994,0.8402216066481994,0.8402216066481994,0.8402216066481994,0.8402216066481994,0.8402216066481994,0.8402216066481994,0.8402216066481994,0.8402216066481994,0.8402216066481994,0.8402216066481994,0.8402216066481994,0.8402216066481994,0.8402216066481994,0.8402216066481994,0.8402216066481994,0.8402216066481994,0.84,0.84,0.8390027700831025,0.8393351800554016,0.8388919667590028,0.8395567867036011,0.8395567867036011,0.8395567867036011,0.8401108033240997,0.838005540166205,0.8381163434903047,0.8381163434903047,0.8381163434903047,0.8381163434903047,0.8381163434903047,0.8378947368421052,0.8404432132963989,0.8408864265927978,0.8431024930747922,0.8402216066481994,0.8403324099722992,0.8401108033240997,0.8398891966759002,0.8398891966759002,0.838781163434903,0.838781163434903,0.838781163434903,0.838781163434903,0.838781163434903,0.838781163434903,0.838781163434903,0.838781163434903,0.838781163434903,0.838781163434903,0.838781163434903,0.838781163434903,0.838781163434903,0.8367867036011081,0.8373407202216067,0.8376731301939058,0.8381163434903047,0.8383379501385042,0.838781163434903,0.8383379501385042,0.8377839335180055,0.8374515235457064,0.8377839335180055,0.8382271468144045,0.8382271468144045,0.8383379501385042,0.8377839335180055,0.8386703601108033,0.8385595567867036,0.838781163434903,0.8386703601108033,0.8386703601108033,0.8386703601108033,0.8392243767313019,0.838781163434903,0.8390027700831025,0.8386703601108033,0.8382271468144045,0.838781163434903,0.8374515235457064,0.8382271468144045,0.8382271468144045,0.838005540166205,0.8378947368421052,0.838005540166205,0.8382271468144045,0.8386703601108033,0.8377839335180055,0.8377839335180055,0.8381163434903047,0.8364542936288089,0.8364542936288089,0.8383379501385042,0.8385595567867036,0.8388919667590028,0.8368975069252077,0.8375623268698061,0.8384487534626038,0.8383379501385042,0.8378947368421052,0.8390027700831025,0.8392243767313019,0.8392243767313019,0.8377839335180055,0.838005540166205,0.8384487534626038,0.8374515235457064,0.8357894736842105,0.8397783933518006,0.8378947368421052,0.8390027700831025,0.8384487534626038,0.8384487534626038,0.8384487534626038,0.8384487534626038,0.8384487534626038,0.8384487534626038,0.84,0.8373407202216067,0.8373407202216067,0.8373407202216067,0.8373407202216067,0.8373407202216067,0.8371191135734072,0.8371191135734072,0.8371191135734072,0.8375623268698061,0.8378947368421052,0.8377839335180055,0.8377839335180055,0.838005540166205,0.838005540166205,0.838005540166205,0.838005540166205,0.838005540166205,0.838005540166205,0.838005540166205,0.838005540166205,0.8394459833795014,0.838005540166205,0.8394459833795014,0.8377839335180055,0.838005540166205,0.838005540166205,0.838005540166205,0.838005540166205,0.8378947368421052,0.8378947368421052,0.8378947368421052,0.8378947368421052,0.8378947368421052,0.8378947368421052,0.8378947368421052,0.8378947368421052,0.8376731301939058,0.8376731301939058,0.8376731301939058,0.8376731301939058,0.8376731301939058,0.8376731301939058,0.8376731301939058,0.8376731301939058,0.8376731301939058,0.8376731301939058,0.8374515235457064,0.8374515235457064,0.8374515235457064,0.8375623268698061,0.838005540166205,0.8377839335180055,0.8377839335180055,0.8377839335180055,0.8377839335180055,0.8377839335180055,0.8377839335180055,0.8372299168975069,0.8372299168975069,0.84,0.8397783933518006,0.8383379501385042,0.8374515235457064,0.8374515235457064,0.8374515235457064,0.8374515235457064,0.8378947368421052,0.8375623268698061,0.8375623268698061,0.8375623268698061,0.8371191135734072,0.8373407202216067,0.8375623268698061,0.8375623268698061,0.8377839335180055,0.8383379501385042,0.838781163434903,0.8385595567867036,0.8375623268698061,0.8382271468144045,0.8386703601108033,0.8373407202216067,0.8381163434903047,0.8377839335180055,0.8375623268698061,0.838005540166205,0.838005540166205,0.838005540166205,0.838005540166205,0.838005540166205,0.8385595567867036,0.8393351800554016,0.8393351800554016,0.8388919667590028,0.8396675900277009,0.8388919667590028,0.8388919667590028,0.8388919667590028,0.8388919667590028,0.8388919667590028,0.8388919667590028,0.8388919667590028,0.8388919667590028,0.8388919667590028,0.8388919667590028,0.8388919667590028,0.8388919667590028,0.8388919667590028,0.8388919667590028,0.8391135734072022,0.8391135734072022,0.8391135734072022,0.8391135734072022,0.8393351800554016,0.838781163434903,0.8393351800554016,0.8395567867036011,0.8391135734072022,0.8416620498614958,0.8398891966759002,0.8396675900277009,0.840775623268698,0.8411080332409973,0.8383379501385042,0.8381163434903047,0.8392243767313019,0.8397783933518006,0.8386703601108033,0.8398891966759002,0.8417728531855956,0.8415512465373961,0.8409972299168975,0.8406648199445983,0.8403324099722992,0.8401108033240997,0.8403324099722992,0.8403324099722992,0.8396675900277009,0.8392243767313019,0.84,0.8398891966759002,0.84,0.8394459833795014,0.8390027700831025,0.8383379501385042,0.8392243767313019,0.8383379501385042,0.8365650969529086,0.8370083102493074,0.8370083102493074,0.8370083102493074,0.8395567867036011,0.8394459833795014,0.8396675900277009,0.838005540166205,0.8386703601108033,0.8384487534626038,0.8378947368421052,0.8382271468144045,0.8372299168975069,0.8383379501385042,0.8383379501385042,0.8402216066481994,0.8404432132963989,0.8393351800554016,0.8392243767313019,0.8394459833795014,0.8402216066481994,0.8401108033240997,0.8385595567867036,0.8406648199445983,0.8401108033240997,0.8401108033240997,0.8398891966759002,0.8398891966759002,0.840775623268698,0.8395567867036011,0.8385595567867036,0.8394459833795014,0.8398891966759002,0.8397783933518006,0.8397783933518006,0.838781163434903,0.8396675900277009,0.8388919667590028,0.8392243767313019,0.8391135734072022,0.8376731301939058,0.8376731301939058,0.8386703601108033,0.8381163434903047,0.8388919667590028,0.84,0.8392243767313019,0.8393351800554016,0.8402216066481994,0.8392243767313019,0.8377839335180055,0.8394459833795014,0.840775623268698,0.8397783933518006,0.838781163434903,0.8374515235457064,0.8395567867036011,0.8396675900277009,0.8396675900277009,0.8396675900277009,0.8396675900277009,0.8396675900277009,0.8396675900277009,0.8396675900277009,0.8403324099722992,0.8403324099722992,0.84,0.8405540166204987,0.8401108033240997,0.8401108033240997,0.8401108033240997,0.8392243767313019,0.8374515235457064,0.8386703601108033,0.8383379501385042,0.8385595567867036,0.8385595567867036,0.8386703601108033,0.8386703601108033,0.8371191135734072,0.8367867036011081,0.8366759002770083,0.8370083102493074,0.8370083102493074,0.8370083102493074,0.8370083102493074,0.8372299168975069,0.8372299168975069,0.8372299168975069,0.8372299168975069,0.8372299168975069,0.8372299168975069,0.8372299168975069,0.8378947368421052,0.8383379501385042,0.8383379501385042,0.8383379501385042,0.8383379501385042,0.8383379501385042,0.8368975069252077,0.8366759002770083,0.8365650969529086,0.8375623268698061,0.8364542936288089,0.8366759002770083,0.8366759002770083,0.8366759002770083,0.8366759002770083,0.835567867036011,0.8373407202216067,0.8373407202216067,0.8373407202216067,0.8368975069252077,0.8370083102493074,0.8373407202216067,0.8373407202216067,0.8367867036011081,0.8359002770083103,0.8361218836565097,0.8364542936288089,0.8364542936288089,0.8357894736842105,0.8350138504155125,0.83601108033241,0.83601108033241,0.834792243767313,0.8349030470914127,0.8371191135734072,0.83601108033241,0.8362326869806094,0.8371191135734072,0.8371191135734072,0.8371191135734072,0.8371191135734072,0.8366759002770083,0.8366759002770083,0.8364542936288089,0.83601108033241,0.83601108033241,0.83601108033241,0.83601108033241,0.8364542936288089,0.8357894736842105,0.8357894736842105,0.83601108033241,0.83601108033241,0.83601108033241,0.8362326869806094,0.8362326869806094,0.8362326869806094,0.8362326869806094,0.8362326869806094,0.8371191135734072,0.8346814404432134,0.8375623268698061,0.8354570637119113,0.8349030470914127,0.8356786703601108,0.8361218836565097,0.8361218836565097,0.8367867036011081,0.8370083102493074,0.8382271468144045,0.8366759002770083,0.8365650969529086,0.8365650969529086,0.8365650969529086,0.8353462603878117,0.8340166204986149,0.8353462603878117,0.8353462603878117,0.8353462603878117,0.8353462603878117,0.835567867036011,0.835567867036011,0.835567867036011,0.835567867036011,0.835567867036011,0.835567867036011,0.8350138504155125,0.8352354570637119,0.8352354570637119,0.830803324099723,0.834792243767313,0.8345706371191136,0.834792243767313,0.834792243767313,0.834792243767313,0.834792243767313,0.8344598337950139,0.8334626038781163,0.834792243767313,0.8344598337950139,0.8344598337950139,0.8340166204986149,0.8340166204986149,0.8340166204986149,0.8340166204986149,0.8340166204986149,0.8337950138504155,0.8340166204986149,0.8263711911357341,0.8263711911357341,0.8265927977839335,0.8321329639889197,0.8263711911357341,0.8313573407202216,0.8313573407202216,0.8311357340720221,0.8311357340720221,0.8311357340720221,0.8304709141274238,0.830803324099723,0.8312465373961219,0.8309141274238228,0.8259279778393351,0.8306925207756233,0.8306925207756233,0.8259279778393351,0.830027700831025,0.8302493074792244,0.8306925207756233,0.8259279778393351,0.8302493074792244,0.8259279778393351,0.8306925207756233,0.8286980609418283,0.8286980609418283,0.8286980609418283,0.8279224376731302,0.8284764542936288,0.8284764542936288,0.8282548476454293,0.8282548476454293,0.8282548476454293,0.8286980609418283,0.8284764542936288,0.8284764542936288,0.8284764542936288,0.8284764542936288,0.8277008310249307,0.8282548476454293,0.82803324099723,0.82803324099723,0.8289196675900277,0.8289196675900277,0.8289196675900277,0.8289196675900277,0.8289196675900277,0.8289196675900277,0.8289196675900277,0.8289196675900277,0.8289196675900277,0.8289196675900277,0.8279224376731302,0.8279224376731302,0.8289196675900277,0.8277008310249307,0.8289196675900277,0.8292520775623269,0.8291412742382271,0.8289196675900277,0.8286980609418283,0.8289196675900277,0.8286980609418283,0.8284764542936288,0.8290304709141274,0.8273684210526315,0.8278116343490305,0.8290304709141274,0.8290304709141274,0.8285872576177286,0.8281440443213296,0.8284764542936288,0.8274792243767313,0.8273684210526315,0.8274792243767313,0.8282548476454293,0.8282548476454293,0.8285872576177286,0.8271468144044322,0.8288088642659279,0.8279224376731302,0.827590027700831,0.8290304709141274,0.8285872576177286,0.8282548476454293,0.830027700831025,0.830027700831025,0.8304709141274238,0.8296952908587257,0.8272576177285319,0.8289196675900277,0.8270360110803324,0.82803324099723,0.82803324099723,0.8285872576177286,0.8274792243767313,0.8277008310249307,0.8277008310249307,0.8277008310249307,0.8277008310249307,0.8277008310249307,0.8277008310249307,0.8277008310249307,0.8274792243767313,0.8274792243767313,0.8274792243767313,0.8274792243767313,0.8274792243767313,0.8277008310249307,0.827590027700831,0.82803324099723,0.8270360110803324,0.8289196675900277,0.8289196675900277,0.8296952908587257,0.8294736842105264,0.8288088642659279,0.829584487534626,0.8285872576177286,0.8263711911357341,0.8268144044321329,0.8260387811634349,0.8288088642659279,0.8283656509695291,0.8294736842105264,0.8294736842105264,0.8291412742382271,0.8289196675900277,0.8284764542936288,0.8283656509695291,0.8282548476454293,0.8279224376731302,0.8292520775623269,0.8278116343490305,0.8284764542936288,0.8278116343490305,0.8278116343490305,0.8269252077562327,0.8269252077562327,0.8269252077562327,0.8272576177285319,0.8270360110803324,0.8278116343490305,0.8286980609418283,0.8282548476454293,0.8289196675900277,0.8284764542936288,0.8281440443213296,0.8293628808864266,0.8288088642659279,0.8290304709141274,0.8288088642659279,0.8289196675900277,0.8288088642659279,0.8290304709141274,0.8283656509695291,0.8292520775623269,0.8310249307479224,0.8290304709141274,0.8305817174515235,0.8305817174515235,0.8305817174515235,0.8305817174515235,0.8305817174515235,0.8305817174515235,0.8305817174515235,0.8305817174515235,0.8305817174515235,0.8301385041551247,0.8313573407202216,0.8313573407202216,0.8318005540166205,0.8301385041551247,0.830803324099723,0.8301385041551247,0.8286980609418283,0.8299168975069252,0.830027700831025,0.8286980609418283,0.8286980609418283,0.8296952908587257,0.8292520775623269,0.8291412742382271,0.8291412742382271,0.8290304709141274,0.829584487534626,0.8283656509695291,0.8289196675900277,0.8301385041551247,0.8303601108033241,0.8303601108033241,0.8289196675900277,0.8291412742382271,0.8291412742382271,0.8291412742382271,0.8286980609418283,0.8292520775623269,0.8282548476454293,0.8288088642659279,0.8288088642659279,0.8303601108033241,0.8304709141274238,0.8294736842105264,0.8296952908587257,0.830027700831025,0.8298060941828255,0.8296952908587257,0.8288088642659279,0.8288088642659279,0.8288088642659279,0.8289196675900277,0.82803324099723,0.8282548476454293,0.8282548476454293,0.8282548476454293,0.8282548476454293,0.8288088642659279,0.8288088642659279,0.8290304709141274,0.8286980609418283,0.8271468144044322,0.8271468144044322,0.8271468144044322,0.827590027700831,0.8259279778393351,0.8262603878116344,0.8267036011080332,0.8267036011080332,0.8260387811634349,0.8292520775623269,0.8270360110803324,0.8278116343490305,0.8282548476454293,0.8265927977839335,0.8273684210526315,0.8271468144044322,0.8271468144044322,0.8259279778393351,0.8285872576177286,0.8270360110803324,0.8282548476454293,0.8271468144044322,0.8271468144044322,0.8282548476454293,0.8274792243767313,0.8274792243767313,0.8282548476454293,0.8274792243767313,0.827590027700831,0.8273684210526315,0.8277008310249307,0.8277008310249307,0.8279224376731302,0.8274792243767313,0.8271468144044322,0.8279224376731302,0.8278116343490305,0.8277008310249307,0.8268144044321329,0.8278116343490305,0.8274792243767313,0.8270360110803324,0.8270360110803324,0.8270360110803324,0.8270360110803324,0.8286980609418283,0.8270360110803324,0.8270360110803324,0.8291412742382271,0.8286980609418283,0.8299168975069252,0.8298060941828255,0.830027700831025,0.8299168975069252,0.8304709141274238,0.8294736842105264,0.830803324099723,0.8303601108033241,0.8289196675900277,0.8282548476454293,0.8302493074792244,0.8303601108033241,0.8289196675900277,0.8303601108033241,0.8296952908587257,0.8278116343490305,0.8273684210526315,0.8302493074792244,0.8296952908587257,0.829584487534626,0.830027700831025,0.8304709141274238,0.829584487534626,0.8292520775623269,0.8292520775623269,0.8299168975069252,0.8299168975069252,0.8293628808864266,0.8290304709141274,0.8288088642659279,0.8293628808864266,0.8293628808864266,0.8309141274238228,0.8309141274238228,0.8304709141274238,0.8282548476454293,0.8285872576177286,0.8283656509695291,0.8291412742382271,0.82803324099723,0.8285872576177286,0.8285872576177286,0.8279224376731302,0.8278116343490305,0.8278116343490305,0.8278116343490305,0.8278116343490305,0.8274792243767313,0.8274792243767313,0.8277008310249307,0.8277008310249307,0.8277008310249307,0.8277008310249307,0.8278116343490305,0.8272576177285319,0.8278116343490305,0.8281440443213296,0.82803324099723,0.8285872576177286,0.8281440443213296,0.8279224376731302,0.8279224376731302,0.8279224376731302,0.8279224376731302,0.8279224376731302,0.824376731301939,0.8232686980609418,0.8230470914127423,0.8230470914127423,0.8230470914127423,0.822825484764543,0.8230470914127423,0.8230470914127423,0.8230470914127423,0.8230470914127423,0.8232686980609418,0.8232686980609418,0.8232686980609418,0.8232686980609418,0.8237119113573407,0.8241551246537396,0.8239335180055402,0.8237119113573407,0.8237119113573407,0.8237119113573407,0.8229362880886426,0.8240443213296399,0.8240443213296399,0.8240443213296399,0.8240443213296399,0.823601108033241,0.8237119113573407,0.8242659279778394,0.8244875346260387,0.8240443213296399,0.8247091412742382,0.8247091412742382,0.8247091412742382,0.8247091412742382,0.8242659279778394,0.824819944598338,0.824819944598338,0.824819944598338,0.824819944598338,0.824819944598338,0.8231578947368421,0.8232686980609418,0.8232686980609418,0.8237119113573407,0.8220498614958449,0.8214958448753462,0.8175069252077563,0.8157340720221606,0.8154016620498615,0.8199445983379502,0.8182825484764543,0.8190581717451524,0.8177285318559557,0.8183933518005541,0.8175069252077563,0.8158448753462604,0.8183933518005541,0.8152908587257618,0.8167313019390582,0.8165096952908587,0.8185041551246537,0.8182825484764543,0.8182825484764543,0.8182825484764543,0.8178393351800554,0.8180609418282548,0.8182825484764543,0.8178393351800554,0.8178393351800554,0.8175069252077563,0.8181717451523546,0.8177285318559557,0.8181717451523546,0.8177285318559557,0.8181717451523546,0.815180055401662,0.8154016620498615,0.8154016620498615,0.8154016620498615,0.8158448753462604,0.815180055401662,0.8154016620498615,0.8154016620498615,0.8154016620498615,0.8141828254847645,0.814404432132964,0.8148476454293628,0.8148476454293628,0.8154016620498615,0.8150692520775623,0.8150692520775623,0.8150692520775623,0.8150692520775623,0.8150692520775623,0.8159556786703601,0.8167313019390582,0.8167313019390582,0.8167313019390582,0.8167313019390582,0.8167313019390582,0.8162880886426592,0.8162880886426592,0.8162880886426592,0.8162880886426592,0.8167313019390582,0.8154016620498615,0.8168421052631579,0.817617728531856,0.8169529085872577,0.8181717451523546,0.8180609418282548,0.8175069252077563,0.8190581717451524,0.8189473684210526,0.8189473684210526,0.8181717451523546,0.8189473684210526,0.8189473684210526,0.817174515235457,0.8182825484764543,0.8188365650969529,0.8181717451523546,0.8181717451523546,0.8181717451523546,0.8181717451523546,0.8186149584487534,0.8181717451523546,0.8181717451523546,0.817617728531856,0.8173961218836565,0.8172853185595568,0.8157340720221606,0.8172853185595568,0.8172853185595568,0.8175069252077563,0.8168421052631579,0.8168421052631579,0.8177285318559557,0.8181717451523546,0.8177285318559557,0.8159556786703601,0.817617728531856,0.8195013850415512,0.8175069252077563,0.8173961218836565,0.817174515235457,0.8166204986149584,0.8177285318559557,0.817617728531856,0.817174515235457,0.8165096952908587,0.8165096952908587,0.8156232686980609,0.8165096952908587,0.8161772853185596,0.8158448753462604,0.8181717451523546,0.8179501385041551,0.8168421052631579,0.8166204986149584,0.8166204986149584,0.8166204986149584,0.8159556786703601,0.8158448753462604,0.8158448753462604,0.8169529085872577,0.8169529085872577,0.8167313019390582,0.8167313019390582,0.8172853185595568,0.8177285318559557,0.8183933518005541,0.8186149584487534,0.8195013850415512,0.8189473684210526,0.8183933518005541,0.8180609418282548,0.8177285318559557,0.8190581717451524,0.8181717451523546,0.8183933518005541,0.8186149584487534,0.8183933518005541,0.8179501385041551,0.8179501385041551,0.8179501385041551,0.8186149584487534,0.8179501385041551,0.8187257617728532,0.8187257617728532,0.8187257617728532,0.8187257617728532,0.8191689750692521,0.8191689750692521,0.8191689750692521,0.8173961218836565,0.8192797783933518,0.820387811634349,0.8201662049861496,0.8190581717451524,0.8182825484764543,0.8189473684210526,0.8188365650969529,0.8183933518005541,0.8189473684210526,0.8186149584487534,0.8179501385041551,0.8162880886426592,0.8157340720221606,0.8157340720221606,0.8160664819944599,0.8159556786703601,0.8120775623268698,0.8120775623268698,0.8122991689750693,0.8126315789473684,0.8122991689750693,0.8122991689750693,0.8120775623268698,0.8120775623268698,0.8120775623268698,0.8120775623268698,0.811191135734072,0.81196675900277,0.811191135734072,0.81196675900277,0.812409972299169,0.812409972299169,0.812409972299169,0.812409972299169,0.812409972299169,0.812409972299169,0.812409972299169,0.8126315789473684,0.8126315789473684,0.8126315789473684,0.8126315789473684,0.812409972299169,0.8126315789473684,0.8126315789473684,0.8126315789473684,0.8117451523545707,0.8085318559556787,0.8085318559556787,0.8085318559556787,0.8083102493074792,0.8087534626038781,0.809196675900277,0.8105263157894737,0.8098614958448753,0.8087534626038781,0.8087534626038781,0.8087534626038781,0.8087534626038781,0.8087534626038781,0.8087534626038781,0.8090858725761773,0.8090858725761773,0.8093074792243767,0.8104155124653739,0.8101939058171745,0.8099722991689751,0.8097506925207756,0.8097506925207756,0.8081994459833794,0.8087534626038781,0.8085318559556787,0.8081994459833794,0.8087534626038781,0.8087534626038781,0.8080886426592798,0.8080886426592798,0.8095290858725762,0.8085318559556787,0.8087534626038781,0.8087534626038781,0.8089750692520775,0.8086426592797784,0.8086426592797784,0.8086426592797784,0.8086426592797784,0.8086426592797784,0.8086426592797784,0.8086426592797784,0.8086426592797784,0.8086426592797784,0.8086426592797784,0.8086426592797784,0.8086426592797784,0.8086426592797784,0.8086426592797784,0.8086426592797784,0.8086426592797784,0.8084210526315789,0.8084210526315789,0.8084210526315789,0.8084210526315789,0.8081994459833794,0.8081994459833794,0.8081994459833794,0.8081994459833794,0.8081994459833794,0.8079778393351801,0.8079778393351801,0.8087534626038781,0.8087534626038781,0.8076454293628809,0.8097506925207756,0.8097506925207756,0.8097506925207756,0.8090858725761773,0.8090858725761773,0.8099722991689751,0.8089750692520775,0.8089750692520775,0.8089750692520775,0.8087534626038781,0.8087534626038781,0.8087534626038781,0.8087534626038781,0.8087534626038781,0.8089750692520775,0.8089750692520775,0.8089750692520775,0.8089750692520775,0.8089750692520775,0.8089750692520775,0.8089750692520775,0.8089750692520775,0.8089750692520775,0.8089750692520775,0.8089750692520775,0.8089750692520775,0.8089750692520775,0.8094182825484765,0.8094182825484765,0.809196675900277,0.8080886426592798,0.8083102493074792,0.8083102493074792,0.8087534626038781,0.8083102493074792,0.8085318559556787,0.8085318559556787,0.8083102493074792,0.8083102493074792,0.8083102493074792,0.8083102493074792,0.8083102493074792,0.8083102493074792,0.8083102493074792,0.8083102493074792,0.8083102493074792,0.8083102493074792,0.8083102493074792,0.8083102493074792,0.8080886426592798,0.8080886426592798,0.8075346260387811,0.8077562326869806,0.8077562326869806,0.8081994459833794,0.8085318559556787,0.8068698060941828,0.8081994459833794,0.8067590027700831,0.8089750692520775,0.8098614958448753,0.8093074792243767,0.8088642659279779,0.8086426592797784,0.8090858725761773,0.8090858725761773,0.8080886426592798,0.8086426592797784,0.8086426592797784,0.8093074792243767,0.8093074792243767,0.8095290858725762,0.8095290858725762,0.8095290858725762,0.8093074792243767,0.8086426592797784,0.8086426592797784,0.8086426592797784,0.8086426592797784,0.8086426592797784,0.8086426592797784,0.8086426592797784,0.8086426592797784,0.8086426592797784,0.8086426592797784,0.809196675900277,0.8083102493074792,0.8087534626038781,0.8077562326869806,0.8094182825484765,0.8089750692520775,0.8089750692520775,0.8089750692520775,0.8089750692520775,0.8089750692520775,0.8087534626038781,0.8087534626038781,0.8087534626038781,0.8087534626038781,0.8077562326869806,0.8077562326869806,0.8087534626038781,0.8084210526315789,0.8086426592797784,0.8086426592797784,0.8081994459833794,0.8089750692520775,0.8081994459833794,0.8081994459833794,0.8078670360110803,0.8094182825484765,0.8100831024930748,0.8098614958448753,0.8094182825484765,0.8098614958448753,0.809639889196676,0.809196675900277,0.809196675900277,0.8087534626038781,0.8085318559556787,0.809196675900277,0.809196675900277,0.8101939058171745,0.809639889196676,0.809639889196676,0.809196675900277,0.809196675900277,0.809196675900277,0.809196675900277,0.8090858725761773,0.8110803324099723,0.8093074792243767,0.8105263157894737,0.811191135734072,0.8108587257617729,0.8104155124653739,0.809639889196676,0.8116343490304709,0.8110803324099723,0.8113019390581717,0.8098614958448753,0.8105263157894737,0.8106371191135734,0.8099722991689751,0.8106371191135734,0.8106371191135734,0.8106371191135734,0.8106371191135734,0.8110803324099723,0.8110803324099723,0.8110803324099723,0.8110803324099723,0.8110803324099723,0.8110803324099723,0.8110803324099723,0.8110803324099723,0.8110803324099723,0.8121883656509695,0.812409972299169,0.812409972299169,0.8120775623268698,0.8121883656509695,0.8121883656509695,0.8121883656509695,0.8121883656509695,0.8121883656509695,0.8121883656509695,0.8121883656509695,0.8121883656509695,0.8121883656509695,0.8121883656509695,0.8121883656509695,0.8121883656509695,0.8121883656509695,0.8121883656509695,0.8121883656509695,0.8121883656509695,0.8121883656509695,0.8121883656509695,0.8121883656509695,0.8121883656509695,0.8117451523545707,0.8121883656509695,0.812409972299169,0.8126315789473684,0.8121883656509695,0.8126315789473684,0.8118559556786703,0.8118559556786703,0.8128531855955679,0.8121883656509695,0.8122991689750693,0.8121883656509695,0.8116343490304709,0.8116343490304709,0.8120775623268698,0.8115235457063712,0.8114127423822715,0.8120775623268698,0.8114127423822715,0.8100831024930748,0.8107479224376731,0.811191135734072,0.811191135734072,0.8117451523545707,0.8107479224376731,0.8103047091412743,0.8117451523545707,0.8115235457063712,0.8108587257617729,0.8122991689750693,0.8116343490304709,0.8116343490304709,0.8101939058171745,0.8099722991689751,0.8117451523545707,0.81196675900277,0.8110803324099723,0.8114127423822715,0.8110803324099723,0.8095290858725762,0.811191135734072,0.811191135734072,0.8116343490304709,0.8116343490304709,0.8107479224376731,0.8117451523545707,0.8107479224376731,0.8110803324099723,0.8110803324099723,0.8110803324099723,0.8110803324099723,0.8110803324099723,0.8110803324099723,0.8110803324099723,0.8115235457063712,0.8100831024930748,0.8113019390581717,0.811191135734072,0.8100831024930748,0.8094182825484765,0.8103047091412743,0.8108587257617729,0.8103047091412743,0.8103047091412743,0.8103047091412743,0.8103047091412743,0.8103047091412743,0.8103047091412743,0.8103047091412743,0.8088642659279779,0.8095290858725762,0.8095290858725762,0.8095290858725762,0.8097506925207756,0.8095290858725762,0.8095290858725762,0.8095290858725762,0.8095290858725762,0.8089750692520775,0.8094182825484765,0.8106371191135734,0.8099722991689751,0.8099722991689751,0.8106371191135734,0.809196675900277,0.809196675900277,0.809639889196676,0.8094182825484765,0.8094182825484765,0.8079778393351801,0.8094182825484765,0.8085318559556787,0.8085318559556787,0.809196675900277,0.809196675900277,0.809639889196676,0.8086426592797784,0.809639889196676,0.8084210526315789,0.8087534626038781,0.8086426592797784,0.8076454293628809,0.8094182825484765,0.8084210526315789,0.809639889196676,0.809639889196676,0.8095290858725762,0.8093074792243767,0.8095290858725762,0.8093074792243767,0.8093074792243767,0.8087534626038781,0.8113019390581717,0.8117451523545707,0.8117451523545707,0.8128531855955679,0.8131855955678671,0.8114127423822715,0.8118559556786703,0.81196675900277,0.8110803324099723,0.8080886426592798,0.8076454293628809,0.8081994459833794,0.8084210526315789,0.8079778393351801,0.8074238227146815,0.8074238227146815,0.8086426592797784,0.8085318559556787,0.809196675900277,0.8085318559556787,0.8100831024930748,0.8094182825484765,0.8101939058171745,0.8098614958448753,0.809196675900277,0.8088642659279779,0.8101939058171745,0.8104155124653739,0.8108587257617729,0.8100831024930748,0.8100831024930748,0.8100831024930748,0.8103047091412743,0.8103047091412743,0.8103047091412743,0.8103047091412743,0.8095290858725762,0.8101939058171745,0.8098614958448753,0.809639889196676,0.809639889196676,0.8103047091412743,0.8117451523545707,0.8101939058171745,0.8101939058171745,0.8099722991689751,0.8101939058171745,0.8101939058171745,0.8101939058171745,0.8106371191135734,0.8101939058171745,0.8101939058171745,0.8093074792243767,0.8100831024930748,0.8100831024930748,0.8104155124653739,0.8093074792243767,0.8093074792243767,0.8093074792243767,0.8093074792243767,0.8093074792243767,0.8093074792243767,0.8088642659279779,0.8073130193905818,0.8073130193905818,0.8083102493074792,0.8085318559556787,0.8068698060941828,0.8084210526315789,0.8077562326869806,0.8077562326869806,0.8077562326869806,0.8088642659279779,0.8058725761772854,0.8085318559556787,0.8089750692520775,0.8074238227146815,0.806426592797784,0.8080886426592798,0.8074238227146815,0.8074238227146815,0.8074238227146815,0.8074238227146815,0.8074238227146815,0.8074238227146815,0.8074238227146815,0.8074238227146815,0.8074238227146815,0.8079778393351801,0.805207756232687,0.8065373961218837,0.8055401662049861,0.8055401662049861,0.8075346260387811,0.8073130193905818,0.8075346260387811,0.8090858725761773,0.8087534626038781,0.8094182825484765,0.8081994459833794,0.8078670360110803,0.8066481994459834,0.8070914127423823,0.8088642659279779,0.8080886426592798,0.809639889196676,0.8075346260387811,0.8077562326869806,0.8084210526315789,0.8084210526315789,0.8085318559556787,0.8084210526315789,0.8081994459833794,0.8081994459833794,0.8081994459833794,0.8081994459833794,0.8081994459833794,0.8084210526315789,0.8084210526315789,0.8084210526315789,0.8084210526315789,0.8076454293628809,0.8076454293628809,0.8083102493074792,0.8088642659279779,0.8078670360110803,0.8078670360110803,0.8077562326869806,0.811191135734072,0.8084210526315789,0.8069806094182825,0.8077562326869806,0.8069806094182825,0.8070914127423823,0.8070914127423823,0.8066481994459834,0.8070914127423823,0.8067590027700831,0.8070914127423823,0.8050969529085873,0.8050969529085873,0.805983379501385,0.8062049861495845,0.8050969529085873,0.809196675900277,0.8087534626038781,0.8099722991689751,0.8097506925207756,0.8093074792243767,0.8097506925207756,0.8108587257617729,0.8117451523545707,0.8117451523545707,0.8115235457063712,0.8113019390581717,0.8093074792243767,0.8087534626038781,0.8101939058171745,0.8080886426592798,0.8087534626038781,0.8084210526315789,0.8086426592797784,0.8084210526315789,0.8081994459833794,0.8081994459833794,0.8084210526315789,0.8078670360110803,0.8086426592797784,0.8084210526315789,0.8084210526315789,0.8084210526315789,0.8084210526315789,0.8086426592797784,0.8100831024930748,0.8117451523545707,0.8103047091412743,0.8100831024930748,0.809639889196676,0.8113019390581717,0.8087534626038781,0.8103047091412743,0.8103047091412743,0.8097506925207756,0.8089750692520775,0.8086426592797784,0.8083102493074792,0.8084210526315789,0.8084210526315789,0.8086426592797784,0.8084210526315789,0.8081994459833794,0.8077562326869806,0.8075346260387811,0.8077562326869806,0.8103047091412743,0.8098614958448753,0.8098614958448753,0.8101939058171745,0.8098614958448753,0.8085318559556787,0.8089750692520775,0.8087534626038781,0.809196675900277,0.809196675900277,0.809196675900277,0.809196675900277,0.809196675900277,0.809639889196676,0.809639889196676,0.809639889196676,0.809639889196676,0.809639889196676,0.8108587257617729,0.8116343490304709,0.8116343490304709,0.8116343490304709,0.8116343490304709,0.8116343490304709,0.8116343490304709,0.8114127423822715,0.8114127423822715,0.8114127423822715,0.8114127423822715,0.8116343490304709,0.8118559556786703,0.81196675900277,0.8125207756232687,0.8122991689750693,0.8122991689750693,0.811191135734072,0.811191135734072,0.8113019390581717,0.8115235457063712,0.809639889196676,0.811191135734072,0.811191135734072,0.8117451523545707,0.8113019390581717,0.8113019390581717,0.8113019390581717,0.8117451523545707,0.81196675900277,0.8126315789473684,0.812409972299169,0.811191135734072,0.8120775623268698,0.8099722991689751,0.8115235457063712,0.8095290858725762,0.809196675900277,0.8095290858725762,0.809639889196676,0.8075346260387811,0.8083102493074792,0.8073130193905818,0.8067590027700831,0.8081994459833794,0.8087534626038781,0.8087534626038781,0.8078670360110803,0.8075346260387811,0.8075346260387811,0.8075346260387811,0.807202216066482,0.8053185595567867,0.8074238227146815,0.8062049861495845,0.8042105263157895,0.8066481994459834,0.8058725761772854,0.8060941828254847,0.8075346260387811,0.805207756232687,0.8067590027700831,0.805207756232687,0.806426592797784,0.8055401662049861,0.8063157894736842,0.8050969529085873,0.8063157894736842,0.8055401662049861,0.8065373961218837,0.8060941828254847,0.8050969529085873,0.8046537396121883,0.8046537396121883,0.8046537396121883,0.804432132963989,0.804432132963989,0.8037673130193905,0.8037673130193905,0.8037673130193905,0.8025484764542936,0.8037673130193905,0.8032132963988919,0.8032132963988919,0.80398891966759,0.8034349030470914,0.805207756232687,0.80398891966759,0.8040997229916897,0.8045429362880886,0.8053185595567867,0.8066481994459834,0.8056509695290859,0.8048753462603878,0.8056509695290859,0.8056509695290859,0.8050969529085873,0.8054293628808864,0.805983379501385,0.8060941828254847,0.8047645429362881,0.8043213296398892,0.80398891966759,0.8028808864265928,0.8024376731301939,0.8042105263157895,0.8050969529085873,0.8055401662049861,0.8053185595567867,0.8043213296398892,0.8046537396121883,0.8046537396121883,0.8054293628808864,0.8046537396121883,0.8054293628808864,0.8048753462603878,0.8042105263157895,0.8056509695290859,0.8034349030470914,0.8043213296398892,0.8050969529085873,0.8043213296398892,0.8040997229916897,0.804432132963989,0.8036565096952909,0.8038781163434903,0.8038781163434903,0.8056509695290859,0.8045429362880886,0.8048753462603878,0.8036565096952909,0.8055401662049861,0.804432132963989,0.8053185595567867,0.8062049861495845,0.8050969529085873,0.8049861495844876,0.8049861495844876,0.8048753462603878,0.8053185595567867,0.8062049861495845,0.8062049861495845,0.8070914127423823,0.805207756232687,0.8067590027700831,0.8075346260387811,0.8086426592797784,0.807202216066482,0.8070914127423823,0.8068698060941828,0.8074238227146815,0.8069806094182825,0.807202216066482,0.8079778393351801,0.8079778393351801,0.8079778393351801,0.8079778393351801,0.8079778393351801,0.8084210526315789,0.8081994459833794,0.8079778393351801,0.8079778393351801,0.8079778393351801,0.8084210526315789,0.8084210526315789,0.8068698060941828,0.806426592797784,0.805207756232687,0.8069806094182825,0.8075346260387811,0.8078670360110803,0.8078670360110803,0.8084210526315789,0.8070914127423823,0.805983379501385,0.8073130193905818,0.8070914127423823,0.8075346260387811,0.8075346260387811,0.8065373961218837,0.8060941828254847,0.8060941828254847,0.8067590027700831,0.8067590027700831,0.8065373961218837,0.8065373961218837,0.8069806094182825,0.8067590027700831,0.8075346260387811,0.8073130193905818,0.8085318559556787,0.8076454293628809,0.8076454293628809,0.8073130193905818,0.8075346260387811,0.8075346260387811,0.8075346260387811,0.8075346260387811,0.8073130193905818,0.8067590027700831,0.8079778393351801,0.8079778393351801,0.8079778393351801,0.8083102493074792,0.8083102493074792,0.8083102493074792,0.8080886426592798,0.807202216066482,0.8074238227146815,0.8073130193905818,0.8074238227146815,0.8074238227146815,0.8075346260387811,0.8077562326869806,0.8075346260387811,0.8075346260387811,0.8075346260387811,0.8075346260387811,0.8075346260387811,0.8075346260387811,0.8075346260387811,0.8075346260387811,0.8075346260387811,0.8075346260387811,0.8075346260387811,0.8074238227146815,0.8079778393351801,0.8089750692520775,0.8089750692520775,0.8089750692520775,0.8089750692520775,0.8087534626038781,0.8087534626038781,0.8087534626038781,0.8087534626038781,0.8087534626038781,0.8087534626038781,0.8087534626038781,0.8087534626038781,0.8087534626038781,0.8087534626038781,0.8087534626038781,0.8087534626038781,0.8087534626038781,0.8087534626038781,0.8087534626038781,0.8087534626038781,0.8087534626038781,0.8087534626038781,0.8087534626038781,0.8087534626038781,0.8087534626038781,0.8087534626038781,0.8087534626038781,0.8087534626038781,0.8087534626038781,0.8087534626038781,0.8087534626038781,0.8087534626038781,0.8087534626038781,0.8087534626038781,0.8087534626038781,0.8087534626038781,0.8087534626038781,0.8087534626038781,0.8087534626038781,0.8087534626038781,0.8087534626038781,0.8087534626038781,0.8085318559556787,0.8094182825484765,0.8094182825484765,0.8094182825484765,0.8094182825484765,0.8094182825484765,0.8094182825484765,0.8094182825484765,0.8094182825484765,0.8089750692520775,0.8088642659279779,0.8089750692520775,0.8093074792243767,0.8090858725761773,0.8090858725761773,0.8090858725761773,0.8090858725761773,0.8090858725761773,0.8090858725761773,0.8090858725761773,0.8090858725761773,0.8090858725761773,0.8090858725761773,0.8090858725761773,0.8090858725761773,0.8090858725761773,0.8090858725761773,0.8090858725761773,0.8090858725761773,0.8090858725761773,0.8090858725761773,0.8090858725761773,0.8084210526315789,0.8084210526315789,0.8085318559556787,0.8093074792243767,0.8095290858725762,0.8086426592797784,0.8093074792243767,0.8090858725761773,0.7941274238227147,0.7939058171745152,0.7934626038781163,0.7936842105263158,0.7936842105263158,0.7936842105263158,0.7936842105263158,0.7936842105263158,0.7936842105263158,0.7936842105263158,0.7918005540166205,0.7936842105263158,0.7934626038781163,0.7939058171745152,0.7926869806094183,0.7936842105263158,0.7934626038781163,0.7934626038781163,0.7932409972299169,0.7932409972299169,0.7920221606648199,0.7934626038781163,0.7929085872576177,0.7934626038781163,0.7934626038781163,0.7932409972299169,0.7939058171745152,0.7939058171745152,0.7939058171745152,0.7920221606648199,0.7931301939058172,0.7930193905817174,0.794016620498615,0.792797783933518,0.792797783933518,0.793573407202216,0.794016620498615,0.7946814404432133,0.7933518005540167,0.7933518005540167,0.7933518005540167,0.7933518005540167,0.7924653739612189,0.7926869806094183,0.7926869806094183,0.7926869806094183,0.7926869806094183,0.7937950138504155,0.7937950138504155,0.7937950138504155,0.7937950138504155,0.7924653739612189,0.7922437673130194,0.7922437673130194,0.7926869806094183,0.7926869806094183,0.7926869806094183,0.7926869806094183,0.7926869806094183,0.7926869806094183,0.7926869806094183,0.7926869806094183,0.792797783933518,0.7933518005540167,0.7896952908587258,0.7896952908587258,0.7896952908587258,0.7920221606648199,0.7903601108033241,0.7893628808864266,0.7905817174515235,0.7889196675900277,0.7895844875346261,0.7899168975069252,0.7899168975069252,0.7881440443213297,0.7885872576177285,0.7885872576177285,0.7885872576177285,0.7892520775623268,0.7889196675900277,0.788808864265928,0.788808864265928,0.788808864265928,0.788808864265928,0.788808864265928,0.7886980609418283,0.7885872576177285,0.7885872576177285,0.788808864265928,0.7881440443213297,0.7892520775623268,0.7904709141274239,0.7910249307479225,0.7901385041551247,0.790803324099723,0.7912465373961218,0.7906925207756232,0.7906925207756232,0.7906925207756232,0.7906925207756232,0.7903601108033241,0.7906925207756232,0.7906925207756232,0.7906925207756232,0.7903601108033241,0.7910249307479225,0.7909141274238227,0.7909141274238227,0.7911357340720222
1.0,1.0,1.0,1.0,0.9930193905817174,0.9953462603878116,0.9930193905817174,0.9936842105263158,0.9855955678670361,0.9908033240997229,0.9882548476454294,0.9834903047091412,0.9785041551246537,0.9804986149584487,0.9777285318559557,0.9762880886426593,0.9760664819944599,0.9776177285318559,0.9775069252077563,0.9706371191135734,0.9706371191135734,0.9706371191135734,0.9697506925207756,0.9703047091412742,0.9700831024930748,0.9700831024930748,0.9700831024930748,0.9700831024930748,0.9700831024930748,0.9699722991689751,0.9700831024930748,0.9700831024930748,0.9700831024930748,0.9700831024930748,0.9704155124653739,0.9698614958448754,0.9695290858725761,0.9695290858725761,0.9695290858725761,0.9695290858725761,0.9695290858725761,0.9695290858725761,0.9695290858725761,0.9695290858725761,0.9695290858725761,0.9695290858725761,0.9697506925207756,0.9697506925207756,0.9697506925207756,0.9697506925207756,0.9697506925207756,0.9697506925207756,0.9697506925207756,0.9697506925207756,0.9697506925207756,0.9690858725761773,0.9690858725761773,0.9622160664819944,0.9578947368421052,0.9596675900277009,0.9533518005540166,0.9522437673130194,0.9534626038781163,0.9534626038781163,0.9570083102493074,0.960775623268698,0.9595567867036011,0.9576731301939058,0.9591135734072023,0.9588919667590028,0.9593351800554016,0.9567867036011081,0.9594459833795014,0.9590027700831025,0.9593351800554016,0.9592243767313019,0.9578947368421052,0.9598891966759002,0.9598891966759002,0.9598891966759002,0.9598891966759002,0.9598891966759002,0.9598891966759002,0.9598891966759002,0.9598891966759002,0.9598891966759002,0.9598891966759002,0.9598891966759002,0.9598891966759002,0.9598891966759002,0.9598891966759002,0.9598891966759002,0.9598891966759002,0.9598891966759002,0.9598891966759002,0.9598891966759002,0.9601108033240997,0.9601108033240997,0.9598891966759002,0.9577839335180055,0.9576731301939058,0.9576731301939058,0.9581163434903047,0.9588919667590028,0.9593351800554016,0.958781163434903,0.9582271468144045,0.9582271468144045,0.9582271468144045,0.9586703601108033,0.9586703601108033,0.9588919667590028,0.958781163434903,0.9578947368421052,0.9582271468144045,0.9586703601108033,0.958005540166205,0.9592243767313019,0.958781163434903,0.9598891966759002,0.958781163434903,0.9581163434903047,0.9590027700831025,0.9583379501385042,0.9591135734072023,0.9586703601108033,0.9585595567867036,0.9584487534626038,0.9585595567867036,0.9592243767313019,0.9588919667590028,0.9578947368421052,0.9586703601108033,0.9591135734072023,0.9585595567867036,0.9592243767313019,0.96,0.9591135734072023,0.958781163434903,0.958781163434903,0.958781163434903,0.9590027700831025,0.958781163434903,0.9591135734072023,0.9595567867036011,0.9593351800554016,0.9593351800554016,0.9595567867036011,0.96,0.9602216066481994,0.9602216066481994,0.9602216066481994,0.9602216066481994,0.9594459833795014,0.9590027700831025,0.9595567867036011,0.9597783933518006,0.9571191135734072,0.9578947368421052,0.9570083102493074,0.9598891966759002,0.9593351800554016,0.9596675900277009,0.9606648199445983,0.9611080332409973,0.9611080332409973,0.9606648199445983,0.9592243767313019,0.9613296398891967,0.961218836565097,0.9586703601108033,0.9584487534626038,0.9605540166204987,0.9605540166204987,0.9605540166204987,0.9605540166204987,0.9605540166204987,0.9605540166204987,0.9605540166204987,0.9605540166204987,0.9605540166204987,0.9605540166204987,0.9605540166204987,0.9605540166204987,0.9605540166204987,0.9605540166204987,0.9605540166204987,0.9605540166204987,0.9605540166204987,0.9605540166204987,0.9605540166204987,0.9605540166204987,0.9605540166204987,0.9605540166204987,0.9605540166204987,0.9605540166204987,0.9605540166204987,0.9605540166204987,0.9605540166204987,0.9605540166204987,0.9605540166204987,0.9605540166204987,0.9605540166204987,0.9605540166204987,0.9605540166204987,0.9605540166204987,0.9605540166204987,0.9605540166204987,0.9605540166204987,0.9605540166204987,0.9605540166204987,0.9605540166204987,0.9605540166204987,0.9605540166204987,0.9605540166204987,0.9605540166204987,0.9605540166204987,0.961218836565097,0.961218836565097,0.961218836565097,0.961218836565097,0.961218836565097,0.961218836565097,0.9598891966759002,0.9616620498614958,0.9616620498614958,0.9616620498614958,0.9588919667590028,0.961218836565097,0.961218836565097,0.961218836565097,0.961218836565097,0.961218836565097,0.961218836565097,0.9614404432132964,0.9614404432132964,0.9614404432132964,0.961218836565097,0.9597783933518006,0.9586703601108033,0.9584487534626038,0.9584487534626038,0.9584487534626038,0.9585595567867036,0.9592243767313019,0.960775623268698,0.960775623268698,0.960775623268698,0.960775623268698,0.960775623268698,0.960775623268698,0.960775623268698,0.9468144044321329,0.9598891966759002,0.9598891966759002,0.9598891966759002,0.9598891966759002,0.9598891966759002,0.9598891966759002,0.9609972299168975,0.9402770083102493,0.9431578947368421,0.9458171745152355,0.9434903047091413,0.9418282548476454,0.9424930747922438,0.9424930747922438,0.9420498614958449,0.9420498614958449,0.9424930747922438,0.941606648199446,0.9420498614958449,0.9420498614958449,0.9430470914127423,0.9430470914127423,0.9420498614958449,0.9441551246537396,0.9429362880886426,0.9429362880886426,0.9434903047091413,0.950027700831025,0.9431578947368421,0.9429362880886426,0.9514681440443213,0.9510249307479225,0.9514681440443213,0.945595567867036,0.9501385041551247,0.9499168975069252,0.9501385041551247,0.9494736842105264,0.9506925207756233,0.9504709141274238,0.9445983379501385,0.9404986149584488,0.9407202216066483,0.9409418282548476,0.9411634349030471,0.9409418282548476,0.9444875346260387,0.9430470914127423,0.9429362880886426,0.9434903047091413,0.9434903047091413,0.9434903047091413,0.9434903047091413,0.9434903047091413,0.9429362880886426,0.9432686980609418,0.9432686980609418,0.9434903047091413,0.9441551246537396,0.9438227146814404,0.9431578947368421,0.942825484764543,0.942382271468144,0.942382271468144,0.9413850415512466,0.9418282548476454,0.9430470914127423,0.9437119113573407,0.9422714681440443,0.9442659279778394,0.9447091412742382,0.9447091412742382,0.9442659279778394,0.9419390581717452,0.9404986149584488,0.9407202216066483,0.9400554016620498,0.9419390581717452,0.9412742382271468,0.9422714681440443,0.9422714681440443,0.9418282548476454,0.9434903047091413,0.9316343490304709,0.9317451523545707,0.9314127423822715,0.9365096952908587,0.9327423822714681,0.9320775623268698,0.9352908587257618,0.9315235457063712,0.9315235457063712,0.9315235457063712,0.9315235457063712,0.9315235457063712,0.9315235457063712,0.9315235457063712,0.9315235457063712,0.9315235457063712,0.9315235457063712,0.9315235457063712,0.9317451523545707,0.9317451523545707,0.9317451523545707,0.9317451523545707,0.9321883656509695,0.9321883656509695,0.9321883656509695,0.9321883656509695,0.9315235457063712,0.9315235457063712,0.9310803324099723,0.9304155124653739,0.9304155124653739,0.932409972299169,0.932409972299169,0.932409972299169,0.932409972299169,0.932409972299169,0.932409972299169,0.932409972299169,0.932409972299169,0.932409972299169,0.932409972299169,0.932409972299169,0.932409972299169,0.932409972299169,0.932409972299169,0.9308587257617729,0.9313019390581717,0.9313019390581717,0.9317451523545707,0.9317451523545707,0.9317451523545707,0.9310803324099723,0.9310803324099723,0.9310803324099723,0.9310803324099723,0.9310803324099723,0.9310803324099723,0.9310803324099723,0.9310803324099723,0.9310803324099723,0.9310803324099723,0.9256509695290859,0.9301939058171745,0.9304155124653739,0.9304155124653739,0.9258725761772854,0.9258725761772854,0.9258725761772854,0.9295290858725762,0.9258725761772854,0.9301939058171745,0.9304155124653739,0.9297506925207756,0.9258725761772854,0.9258725761772854,0.9297506925207756,0.9258725761772854,0.9258725761772854,0.9265373961218837,0.9265373961218837,0.9265373961218837,0.9265373961218837,0.9265373961218837,0.9306371191135734,0.9304155124653739,0.9285318559556787,0.9297506925207756,0.9287534626038781,0.9301939058171745,0.9299722991689751,0.9320775623268698,0.9308587257617729,0.9295290858725762,0.9293074792243767,0.9286426592797784,0.9300831024930748,0.9299722991689751,0.9299722991689751,0.9295290858725762,0.9295290858725762,0.9314127423822715,0.9295290858725762,0.9305263157894736,0.929639889196676,0.929639889196676,0.929639889196676,0.9298614958448753,0.9298614958448753,0.9298614958448753,0.9298614958448753,0.9313019390581717,0.9317451523545707,0.9310803324099723,0.9322991689750693,0.9336288088642659,0.9334072022160664,0.9338504155124654,0.9338504155124654,0.9338504155124654,0.9338504155124654,0.9338504155124654,0.9338504155124654,0.9340720221606649,0.9340720221606649,0.93196675900277,0.9334072022160664,0.93196675900277,0.9327423822714681,0.9327423822714681,0.9301939058171745,0.9329639889196676,0.9320775623268698,0.9289750692520775,0.929196675900277,0.929196675900277,0.9318559556786704,0.9325207756232687,0.9299722991689751,0.9299722991689751,0.9299722991689751,0.9299722991689751,0.9299722991689751,0.9299722991689751,0.9318559556786704,0.9318559556786704,0.9325207756232687,0.9320775623268698,0.9320775623268698,0.9329639889196676,0.9304155124653739,0.9348476454293628,0.9328531855955678,0.9317451523545707,0.9317451523545707,0.9317451523545707,0.9317451523545707,0.9313019390581717,0.9310803324099723,0.9326315789473684,0.9334072022160664,0.9327423822714681,0.9325207756232687,0.93196675900277,0.9330747922437673,0.9185595567867036,0.9283102493074792,0.9283102493074792,0.9283102493074792,0.9283102493074792,0.9278670360110803,0.9276454293628809,0.9276454293628809,0.9276454293628809,0.9276454293628809,0.9274238227146815,0.9274238227146815,0.926759002770083,0.926759002770083,0.9262049861495845,0.9262049861495845,0.9258725761772854,0.9258725761772854,0.9256509695290859,0.9248753462603878,0.9259833795013851,0.9254293628808864,0.9246537396121883,0.9260941828254847,0.9260941828254847,0.9260941828254847,0.9260941828254847,0.9260941828254847,0.9260941828254847,0.9256509695290859,0.9256509695290859,0.9258725761772854,0.9243213296398892,0.9246537396121883,0.924432132963989,0.9245429362880886,0.9245429362880886,0.925207756232687,0.9237673130193906,0.9233240997229917,0.9233240997229917,0.9233240997229917,0.9233240997229917,0.9226592797783933,0.9273130193905817,0.9247645429362881,0.92398891966759,0.9255401662049861,0.9259833795013851,0.9259833795013851,0.9259833795013851,0.9259833795013851,0.9259833795013851,0.9262049861495845,0.9257617728531856,0.9253185595567867,0.9255401662049861,0.9255401662049861,0.9255401662049861,0.9255401662049861,0.9255401662049861,0.9255401662049861,0.9255401662049861,0.9257617728531856,0.9255401662049861,0.92398891966759,0.92398891966759,0.92398891966759,0.92398891966759,0.9242105263157895,0.9235457063711912,0.9234349030470914,0.9218836565096953,0.9218836565096953,0.9218836565096953,0.9218836565096953,0.9223268698060941,0.9223268698060941,0.9223268698060941,0.9223268698060941,0.9218836565096953,0.9218836565096953,0.9218836565096953,0.9218836565096953,0.9218836565096953,0.9218836565096953,0.9218836565096953,0.9218836565096953,0.9218836565096953,0.9218836565096953,0.9218836565096953,0.9218836565096953,0.9218836565096953,0.9218836565096953,0.9218836565096953,0.9218836565096953,0.9218836565096953,0.9218836565096953,0.9218836565096953,0.9218836565096953,0.9218836565096953,0.9218836565096953,0.9218836565096953,0.9218836565096953,0.9218836565096953,0.9218836565096953,0.9218836565096953,0.9218836565096953,0.9218836565096953,0.9221052631578948,0.9221052631578948,0.9221052631578948,0.9221052631578948,0.9221052631578948,0.9221052631578948,0.9221052631578948,0.9221052631578948,0.9221052631578948,0.9221052631578948,0.9208864265927977,0.9162326869806094,0.9218836565096953,0.9162326869806094,0.9214404432132964,0.9221052631578948,0.9218836565096953,0.9214404432132964,0.9214404432132964,0.9216620498614958,0.9216620498614958,0.9214404432132964,0.9214404432132964,0.9214404432132964,0.9216620498614958,0.9221052631578948,0.9221052631578948,0.9175623268698061,0.9207756232686981,0.9221052631578948,0.9214404432132964,0.9213296398891967,0.9213296398891967,0.9211080332409972,0.9221052631578948,0.9223268698060941,0.9207756232686981,0.9205540166204986,0.9193351800554017,0.9195567867036011,0.9193351800554017,0.9184487534626039,0.9184487534626039,0.9184487534626039,0.9184487534626039,0.9184487534626039,0.9184487534626039,0.9184487534626039,0.9182271468144044,0.9184487534626039,0.9173407202216066,0.9173407202216066,0.9173407202216066,0.9175623268698061,0.9175623268698061,0.9175623268698061,0.9175623268698061,0.9175623268698061,0.9175623268698061,0.9175623268698061,0.9175623268698061,0.9175623268698061,0.9175623268698061,0.9175623268698061,0.9175623268698061,0.9175623268698061,0.9175623268698061,0.9175623268698061,0.9177839335180056,0.9196675900277008,0.9184487534626039,0.9184487534626039,0.9184487534626039,0.9184487534626039,0.9184487534626039,0.9184487534626039,0.9184487534626039,0.9195567867036011,0.9195567867036011,0.9195567867036011,0.9195567867036011,0.9195567867036011,0.9195567867036011,0.9171191135734073,0.9177839335180056,0.9177839335180056,0.9177839335180056,0.9177839335180056,0.9177839335180056,0.9177839335180056,0.9177839335180056,0.9177839335180056,0.9177839335180056,0.9177839335180056,0.9177839335180056,0.9177839335180056,0.9177839335180056,0.9177839335180056,0.9177839335180056,0.9177839335180056,0.9177839335180056,0.9177839335180056,0.9177839335180056,0.9177839335180056,0.9177839335180056,0.9177839335180056,0.9177839335180056,0.9177839335180056,0.9177839335180056,0.9177839335180056,0.9177839335180056,0.9177839335180056,0.9177839335180056,0.9177839335180056,0.9177839335180056,0.9177839335180056,0.9177839335180056,0.9177839335180056,0.9184487534626039,0.9181163434903047,0.9177839335180056,0.9165650969529086,0.9165650969529086,0.9165650969529086,0.9175623268698061,0.9170083102493075,0.9164542936288088,0.9174515235457064,0.9161218836565097,0.9161218836565097,0.9161218836565097,0.916786703601108,0.9177839335180056,0.9173407202216066,0.9173407202216066,0.9191135734072022,0.9176731301939058,0.916786703601108,0.9156786703601109,0.9156786703601109,0.9159002770083102,0.9159002770083102,0.9161218836565097,0.9159002770083102,0.9152354570637119,0.9150138504155124,0.9159002770083102,0.9159002770083102,0.9184487534626039,0.9184487534626039,0.9184487534626039,0.9184487534626039,0.9184487534626039,0.9184487534626039,0.9159002770083102,0.9191135734072022,0.9170083102493075,0.9188919667590028,0.9193351800554017,0.9196675900277008,0.9196675900277008,0.9196675900277008,0.9196675900277008,0.9196675900277008,0.9196675900277008,0.9196675900277008,0.9183379501385042,0.9183379501385042,0.9176731301939058,0.9177839335180056,0.9175623268698061,0.9175623268698061,0.9172299168975069,0.9177839335180056,0.9176731301939058,0.9177839335180056,0.9177839335180056,0.918005540166205,0.918005540166205,0.9183379501385042,0.9183379501385042,0.9183379501385042,0.9183379501385042,0.9183379501385042,0.9183379501385042,0.9183379501385042,0.9183379501385042,0.9183379501385042,0.9183379501385042,0.9183379501385042,0.9183379501385042,0.9183379501385042,0.9176731301939058,0.9176731301939058,0.9176731301939058,0.9181163434903047,0.9176731301939058,0.9184487534626039,0.9186703601108033,0.9184487534626039,0.9165650969529086,0.9175623268698061,0.9173407202216066,0.9173407202216066,0.9165650969529086,0.916786703601108,0.9175623268698061,0.9171191135734073,0.9171191135734073,0.9171191135734073,0.9173407202216066,0.9175623268698061,0.9175623268698061,0.9173407202216066,0.9173407202216066,0.918005540166205,0.9173407202216066,0.9175623268698061,0.9172299168975069,0.9178947368421052,0.9168975069252078,0.9168975069252078,0.9172299168975069,0.9172299168975069,0.9162326869806094,0.9174515235457064,0.9162326869806094,0.9171191135734073,0.9181163434903047,0.9168975069252078,0.9166759002770083,0.9174515235457064,0.9173407202216066,0.9166759002770083,0.9162326869806094,0.9162326869806094,0.9162326869806094,0.9162326869806094,0.9162326869806094,0.9162326869806094,0.9162326869806094,0.9162326869806094,0.9162326869806094,0.9162326869806094,0.9162326869806094,0.9162326869806094,0.9162326869806094,0.9162326869806094,0.9162326869806094,0.9162326869806094,0.9162326869806094,0.9162326869806094,0.9162326869806094,0.91601108033241,0.91601108033241,0.91601108033241,0.91601108033241,0.91601108033241,0.91601108033241,0.91601108033241,0.91601108033241,0.91601108033241,0.91601108033241,0.91601108033241,0.91601108033241,0.91601108033241,0.91601108033241,0.91601108033241,0.9166759002770083,0.916786703601108,0.916786703601108,0.9168975069252078,0.9166759002770083,0.9178947368421052,0.9178947368421052,0.9178947368421052,0.9178947368421052,0.9178947368421052,0.9178947368421052,0.9178947368421052,0.9178947368421052,0.9178947368421052,0.9174515235457064,0.9172299168975069,0.9168975069252078,0.9170083102493075,0.9170083102493075,0.9170083102493075,0.9170083102493075,0.9170083102493075,0.916786703601108,0.9163434903047092,0.9163434903047092,0.9163434903047092,0.9170083102493075,0.9170083102493075,0.9170083102493075,0.9170083102493075,0.9170083102493075,0.9170083102493075,0.9165650969529086,0.9163434903047092,0.9165650969529086,0.9165650969529086,0.9165650969529086,0.9165650969529086,0.9164542936288088,0.9165650969529086,0.9165650969529086,0.9163434903047092,0.9163434903047092,0.9163434903047092,0.9163434903047092,0.9165650969529086,0.916786703601108,0.916786703601108,0.916786703601108,0.916786703601108,0.916786703601108,0.916786703601108,0.916786703601108,0.916786703601108,0.916786703601108,0.916786703601108,0.916786703601108,0.916786703601108,0.916786703601108,0.916786703601108,0.916786703601108,0.916786703601108,0.916786703601108,0.916786703601108,0.916786703601108,0.916786703601108,0.916786703601108,0.916786703601108,0.916786703601108,0.916786703601108,0.916786703601108,0.916786703601108,0.916786703601108,0.916786703601108,0.916786703601108,0.916786703601108,0.916786703601108,0.916786703601108,0.916786703601108,0.916786703601108,0.916786703601108,0.916786703601108,0.916786703601108,0.916786703601108,0.916786703601108,0.916786703601108,0.916786703601108,0.916786703601108,0.916786703601108,0.916786703601108,0.916786703601108,0.916786703601108,0.916786703601108,0.916786703601108,0.916786703601108,0.916786703601108,0.916786703601108,0.916786703601108,0.916786703601108,0.916786703601108,0.916786703601108,0.916786703601108,0.916786703601108,0.916786703601108,0.916786703601108,0.9170083102493075,0.9170083102493075,0.9173407202216066,0.9170083102493075,0.9181163434903047,0.918005540166205,0.9172299168975069,0.9176731301939058,0.9175623268698061,0.9163434903047092,0.9163434903047092,0.9175623268698061,0.9178947368421052,0.9173407202216066,0.9162326869806094,0.9173407202216066,0.9182271468144044,0.9164542936288088,0.918005540166205,0.918005540166205,0.918005540166205,0.918005540166205,0.918005540166205,0.9164542936288088,0.9164542936288088,0.9164542936288088,0.918005540166205,0.918005540166205,0.918005540166205,0.9186703601108033,0.9186703601108033,0.9186703601108033,0.9186703601108033,0.9186703601108033,0.9186703601108033,0.9186703601108033,0.9186703601108033,0.9186703601108033,0.918005540166205,0.918005540166205,0.918005540166205,0.9184487534626039,0.9184487534626039,0.9184487534626039,0.9184487534626039,0.9176731301939058,0.9176731301939058,0.9162326869806094,0.9176731301939058,0.9174515235457064,0.9174515235457064,0.9176731301939058,0.9162326869806094,0.9162326869806094,0.9162326869806094,0.9172299168975069,0.918005540166205,0.918005540166205,0.9174515235457064,0.9172299168975069,0.9172299168975069,0.9170083102493075,0.9172299168975069,0.9172299168975069,0.9172299168975069,0.916786703601108,0.9174515235457064,0.9186703601108033,0.9174515235457064,0.9177839335180056,0.9184487534626039,0.9183379501385042,0.9183379501385042,0.9183379501385042,0.9155678670360111,0.9150138504155124,0.9155678670360111,0.91601108033241,0.9172299168975069,0.9149030470914128,0.9163434903047092,0.914792243767313,0.9073684210526316,0.9130193905817174,0.9122437673130194,0.9122437673130194,0.912797783933518,0.912797783933518,0.912797783933518,0.912797783933518,0.912797783933518,0.913573407202216,0.9141274238227147,0.9141274238227147,0.9141274238227147,0.9141274238227147,0.9141274238227147,0.913573407202216,0.9125761772853186,0.9125761772853186,0.9125761772853186,0.9125761772853186,0.9125761772853186,0.9125761772853186,0.9130193905817174,0.9130193905817174,0.9130193905817174,0.9130193905817174,0.9130193905817174,0.9130193905817174,0.9130193905817174,0.914016620498615,0.9143490304709141,0.9142382271468144,0.9142382271468144,0.9142382271468144,0.9142382271468144,0.9142382271468144,0.9142382271468144,0.9142382271468144,0.9142382271468144,0.9142382271468144,0.9142382271468144,0.9142382271468144,0.9142382271468144,0.9142382271468144,0.9142382271468144,0.9142382271468144,0.9142382271468144,0.9142382271468144,0.9142382271468144,0.9142382271468144,0.9142382271468144,0.9142382271468144,0.9142382271468144,0.9142382271468144,0.9142382271468144,0.9142382271468144,0.9142382271468144,0.9142382271468144,0.9142382271468144,0.9142382271468144,0.9142382271468144,0.9142382271468144,0.9142382271468144,0.9157894736842105,0.9168975069252078,0.9168975069252078,0.9168975069252078,0.9168975069252078,0.9168975069252078,0.9166759002770083,0.9159002770083102,0.9171191135734073,0.9171191135734073,0.9171191135734073,0.9171191135734073,0.9168975069252078,0.9168975069252078,0.9168975069252078,0.9168975069252078,0.9163434903047092,0.9168975069252078,0.9168975069252078,0.9168975069252078,0.9164542936288088,0.901606648199446,0.906038781163435,0.9058171745152355,0.9058171745152355,0.9058171745152355,0.9058171745152355,0.8989473684210526,0.8989473684210526,0.8989473684210526,0.8989473684210526,0.8992797783933518,0.8990581717451523,0.8990581717451523,0.8982825484764543,0.8982825484764543,0.8982825484764543,0.8982825484764543,0.8982825484764543,0.8982825484764543,0.8982825484764543,0.8982825484764543,0.8982825484764543,0.8982825484764543,0.8982825484764543,0.8982825484764543,0.8982825484764543,0.8982825484764543,0.8982825484764543,0.8982825484764543,0.8982825484764543,0.8982825484764543,0.8982825484764543,0.8982825484764543,0.8982825484764543,0.8982825484764543,0.8982825484764543,0.8982825484764543,0.8982825484764543,0.8982825484764543,0.8982825484764543,0.8982825484764543,0.8982825484764543,0.8982825484764543,0.8982825484764543,0.8982825484764543,0.8982825484764543,0.8982825484764543,0.8982825484764543,0.8982825484764543,0.8982825484764543,0.8982825484764543,0.8982825484764543,0.8982825484764543,0.8982825484764543,0.8982825484764543,0.8982825484764543,0.8982825484764543,0.8982825484764543,0.8989473684210526,0.8989473684210526,0.8989473684210526,0.8996121883656509,0.8991689750692521,0.8991689750692521,0.8991689750692521,0.8991689750692521,0.8991689750692521,0.8991689750692521,0.8991689750692521,0.8991689750692521,0.8991689750692521,0.8991689750692521,0.8991689750692521,0.8991689750692521,0.8991689750692521,0.8991689750692521,0.8991689750692521,0.8991689750692521,0.8991689750692521,0.8991689750692521,0.8991689750692521,0.8991689750692521,0.8991689750692521,0.8991689750692521,0.8991689750692521,0.8991689750692521,0.8991689750692521,0.8991689750692521,0.8991689750692521,0.8991689750692521,0.8991689750692521,0.8991689750692521,0.8991689750692521,0.8973961218836565,0.8973961218836565,0.8973961218836565,0.8973961218836565,0.8973961218836565,0.8973961218836565,0.8932963988919668,0.8965096952908588,0.8970637119113574,0.8970637119113574,0.8970637119113574,0.8975069252077562,0.8970637119113574,0.8970637119113574,0.8949584487534626,0.8949584487534626,0.8949584487534626,0.8945152354570637,0.8945152354570637,0.8945152354570637,0.8945152354570637,0.8945152354570637,0.8949584487534626,0.8939612188365651,0.8955124653739612,0.8940720221606648,0.8936288088642659,0.8940720221606648,0.8940720221606648,0.8938504155124654,0.8938504155124654,0.8938504155124654,0.8938504155124654,0.8938504155124654,0.8938504155124654,0.8938504155124654,0.8941828254847646,0.8941828254847646,0.8941828254847646,0.8941828254847646,0.8941828254847646,0.8941828254847646,0.8941828254847646,0.8941828254847646,0.8941828254847646,0.8941828254847646,0.8941828254847646,0.8941828254847646,0.8941828254847646,0.8941828254847646,0.8941828254847646,0.8941828254847646,0.8934072022160665,0.8939612188365651,0.8940720221606648,0.8935180055401662,0.8935180055401662,0.8934072022160665,0.8934072022160665,0.894404432132964,0.894404432132964,0.8949584487534626,0.8921883656509695,0.8940720221606648,0.8940720221606648,0.8940720221606648,0.8940720221606648,0.8940720221606648,0.8940720221606648,0.8940720221606648,0.8940720221606648,0.8937396121883656,0.8937396121883656,0.8935180055401662,0.8935180055401662,0.8935180055401662,0.8938504155124654,0.8932963988919668,0.8935180055401662,0.8926315789473684,0.8926315789473684,0.8930747922437673,0.8928531855955679,0.8928531855955679,0.8928531855955679,0.8928531855955679,0.8928531855955679,0.8928531855955679,0.8930747922437673,0.8930747922437673,0.8930747922437673,0.8930747922437673,0.8930747922437673,0.8930747922437673,0.8930747922437673,0.8930747922437673,0.8930747922437673,0.8932963988919668,0.8928531855955679,0.8935180055401662,0.8935180055401662,0.8935180055401662,0.8935180055401662,0.8935180055401662,0.8935180055401662,0.8935180055401662,0.8935180055401662,0.8935180055401662,0.8935180055401662,0.8935180055401662,0.8907479224376731,0.8919667590027701,0.8919667590027701,0.8922991689750692,0.8927423822714682,0.8925207756232687,0.8922991689750692,0.8925207756232687,0.8925207756232687,0.8925207756232687,0.8925207756232687,0.8934072022160665,0.8934072022160665,0.8934072022160665,0.8934072022160665,0.8913019390581718,0.8913019390581718,0.8913019390581718,0.8918559556786704,0.8930747922437673,0.8928531855955679,0.892409972299169,0.8905263157894737,0.8905263157894737,0.8903047091412742,0.890415512465374,0.890415512465374,0.890415512465374,0.8794459833795014,0.8791135734072022,0.8794459833795014,0.8794459833795014,0.8794459833795014,0.8794459833795014,0.8794459833795014,0.8794459833795014,0.8794459833795014,0.8794459833795014,0.8798891966759003,0.8798891966759003,0.8798891966759003,0.8798891966759003,0.8798891966759003,0.8798891966759003,0.8798891966759003,0.8798891966759003,0.8798891966759003,0.8798891966759003,0.8798891966759003,0.8798891966759003,0.8798891966759003,0.8798891966759003,0.8798891966759003,0.8798891966759003,0.8798891966759003,0.8798891966759003,0.8798891966759003,0.8798891966759003,0.8798891966759003,0.8798891966759003,0.8798891966759003,0.8798891966759003,0.8798891966759003,0.8798891966759003,0.8798891966759003,0.8798891966759003,0.8798891966759003,0.8798891966759003,0.8798891966759003,0.8798891966759003,0.8798891966759003,0.8798891966759003,0.8798891966759003,0.8798891966759003,0.8798891966759003,0.8798891966759003,0.8798891966759003,0.8798891966759003,0.8798891966759003,0.8798891966759003,0.8798891966759003,0.8798891966759003,0.8798891966759003,0.8798891966759003,0.8798891966759003,0.8798891966759003,0.8798891966759003,0.8798891966759003,0.8798891966759003,0.8798891966759003,0.8798891966759003,0.8798891966759003,0.8798891966759003,0.8798891966759003,0.8798891966759003,0.8798891966759003,0.8798891966759003,0.8798891966759003,0.8798891966759003,0.8798891966759003,0.8798891966759003,0.8798891966759003,0.8798891966759003,0.8798891966759003,0.8798891966759003,0.8798891966759003,0.8798891966759003,0.8798891966759003,0.8794459833795014,0.8770083102493075,0.8770083102493075,0.8770083102493075,0.8770083102493075,0.8770083102493075,0.8770083102493075,0.8770083102493075,0.8770083102493075,0.877229916897507,0.876786703601108,0.876786703601108,0.876786703601108,0.877229916897507,0.877229916897507,0.877229916897507,0.877229916897507,0.877229916897507,0.877229916897507,0.877229916897507,0.877229916897507,0.8774515235457063,0.8774515235457063,0.8776731301939058,0.8776731301939058,0.8776731301939058,0.8776731301939058,0.8776731301939058,0.8776731301939058,0.8756786703601108,0.8756786703601108,0.8759002770083103,0.8759002770083103,0.877229916897507,0.8770083102493075,0.8770083102493075,0.8763434903047091,0.8735734072022161,0.8770083102493075,0.8751246537396122,0.8744598337950138,0.874016620498615,0.8761218836565097,0.8742382271468144,0.8744598337950138,0.8742382271468144,0.8759002770083103,0.8749030470914128,0.8744598337950138,0.8744598337950138,0.8744598337950138,0.8749030470914128,0.8755678670360111,0.8756786703601108,0.8752354570637119,0.8756786703601108,0.8741274238227147,0.8742382271468144,0.8756786703601108,0.8754570637119113,0.8751246537396122,0.8756786703601108,0.8749030470914128,0.8745706371191135,0.8753462603878116,0.8757894736842106,0.8757894736842106,0.8753462603878116,0.8753462603878116,0.8753462603878116,0.8754570637119113,0.8757894736842106,0.8757894736842106,0.8757894736842106,0.8757894736842106,0.8750138504155125,0.8754570637119113,0.8749030470914128,0.8749030470914128,0.8749030470914128,0.8749030470914128,0.8751246537396122,0.8751246537396122,0.8751246537396122,0.8751246537396122,0.8751246537396122,0.8755678670360111,0.8749030470914128,0.8749030470914128,0.8746814404432133,0.8760110803324099,0.8762326869806094,0.8746814404432133,0.8746814404432133,0.8714681440443214,0.8714681440443214,0.8714681440443214,0.8714681440443214,0.871578947368421,0.871578947368421,0.8708033240997229,0.8713573407202216,0.8710249307479224,0.8718005540166205,0.8710249307479224,0.8714681440443214,0.8716897506925207,0.8718005540166205,0.87202216066482,0.8729085872576178,0.8721329639889197,0.8732409972299169,0.8732409972299169,0.8732409972299169,0.8735734072022161,0.8711357340720222,0.8711357340720222,0.8711357340720222,0.8711357340720222,0.8736842105263158,0.8709141274238227,0.8729085872576178,0.8781163434903048,0.8796675900277008,0.8782271468144044,0.8785595567867036,0.8795567867036012,0.8794459833795014,0.8798891966759003,0.8798891966759003,0.8796675900277008,0.8809972299168976,0.8809972299168976,0.8813296398891967,0.8725761772853186,0.8725761772853186,0.872797783933518,0.8737950138504155,0.8737950138504155,0.8733518005540166,0.8730193905817174,0.8730193905817174,0.8730193905817174,0.8730193905817174,0.8730193905817174,0.8730193905817174,0.8730193905817174,0.8730193905817174,0.8730193905817174,0.8730193905817174,0.8730193905817174,0.8730193905817174,0.8730193905817174,0.8730193905817174,0.8730193905817174,0.8730193905817174,0.8730193905817174,0.8730193905817174,0.8730193905817174,0.8730193905817174,0.8730193905817174,0.8730193905817174,0.8730193905817174,0.8730193905817174,0.8730193905817174,0.8730193905817174,0.8730193905817174,0.8730193905817174,0.8730193905817174,0.8730193905817174,0.8730193905817174,0.8730193905817174,0.8730193905817174,0.8730193905817174,0.8730193905817174,0.8730193905817174,0.8730193905817174,0.8730193905817174,0.8730193905817174,0.8730193905817174,0.8730193905817174,0.8730193905817174,0.8730193905817174,0.8730193905817174,0.8721329639889197,0.8721329639889197,0.8721329639889197,0.8721329639889197,0.8724653739612188,0.8716897506925207,0.8803324099722992,0.8774515235457063,0.8793351800554017,0.8778947368421053,0.8778947368421053,0.8778947368421053,0.8778947368421053,0.8794459833795014,0.8786703601108034,0.8787811634349031,0.8797783933518005,0.88,0.8791135734072022,0.8791135734072022,0.8791135734072022,0.8796675900277008,0.874016620498615,0.8735734072022161,0.8721329639889197,0.8679224376731302,0.87202216066482,0.8762326869806094,0.8752354570637119,0.8750138504155125,0.8750138504155125,0.8731301939058171,0.8752354570637119,0.8752354570637119,0.8752354570637119,0.8754570637119113,0.8752354570637119,0.874016620498615,0.8759002770083103,0.8763434903047091,0.8765650969529086,0.8750138504155125,0.8750138504155125,0.8750138504155125,0.8750138504155125,0.8750138504155125,0.8750138504155125,0.8750138504155125,0.8750138504155125,0.8750138504155125,0.8750138504155125,0.8750138504155125,0.8750138504155125,0.8746814404432133,0.8742382271468144,0.8742382271468144,0.8742382271468144,0.8742382271468144,0.8742382271468144,0.8737950138504155,0.8746814404432133,0.8746814404432133,0.8744598337950138,0.8743490304709142,0.8735734072022161,0.8749030470914128,0.8734626038781164,0.8739058171745152,0.8743490304709142,0.8731301939058171,0.8730193905817174,0.872797783933518,0.8716897506925207,0.8721329639889197,0.8724653739612188,0.8729085872576178,0.8732409972299169,0.8742382271468144,0.8724653739612188,0.8736842105263158,0.8742382271468144,0.8742382271468144,0.8743490304709142,0.8743490304709142,0.8743490304709142,0.872797783933518,0.872797783933518,0.8746814404432133,0.8742382271468144,0.8735734072022161,0.8742382271468144,0.8751246537396122,0.8736842105263158,0.8736842105263158,0.8736842105263158,0.8736842105263158,0.8736842105263158,0.8736842105263158,0.8739058171745152,0.8739058171745152,0.8744598337950138,0.8729085872576178,0.8729085872576178,0.8729085872576178,0.8729085872576178,0.8729085872576178,0.8742382271468144,0.8754570637119113,0.8754570637119113,0.8753462603878116,0.8754570637119113,0.8754570637119113,0.8752354570637119,0.8742382271468144,0.8735734072022161,0.8735734072022161,0.8735734072022161,0.8735734072022161,0.8755678670360111,0.8745706371191135,0.8734626038781164,0.8737950138504155,0.8742382271468144,0.874016620498615,0.8751246537396122,0.8746814404432133,0.8742382271468144,0.8732409972299169,0.8736842105263158,0.8751246537396122,0.8744598337950138,0.8742382271468144,0.874016620498615,0.8752354570637119,0.8745706371191135,0.8750138504155125,0.874792243767313,0.8742382271468144,0.8768975069252077,0.8753462603878116,0.8742382271468144,0.8742382271468144,0.8742382271468144,0.8742382271468144,0.8742382271468144,0.8742382271468144,0.8742382271468144,0.8742382271468144,0.8742382271468144,0.8742382271468144,0.8742382271468144,0.8742382271468144,0.8742382271468144,0.8742382271468144,0.8742382271468144,0.8742382271468144,0.8742382271468144,0.8742382271468144,0.8742382271468144,0.8742382271468144,0.8742382271468144,0.8742382271468144,0.8742382271468144,0.8742382271468144,0.8742382271468144,0.8742382271468144,0.8742382271468144,0.8742382271468144,0.8742382271468144,0.8742382271468144,0.8736842105263158,0.8744598337950138,0.8741274238227147,0.8741274238227147,0.8752354570637119,0.8746814404432133,0.8746814404432133,0.8746814404432133,0.8742382271468144,0.8743490304709142,0.874792243767313,0.874792243767313,0.8756786703601108,0.8749030470914128,0.8744598337950138,0.8746814404432133,0.8744598337950138,0.8744598337950138,0.8746814404432133,0.8746814404432133,0.8752354570637119,0.8746814404432133,0.8746814404432133,0.8746814404432133,0.8746814404432133,0.8746814404432133,0.8746814404432133,0.8746814404432133,0.8746814404432133,0.8746814404432133,0.8746814404432133,0.8746814404432133,0.8746814404432133,0.8746814404432133,0.8746814404432133,0.8754570637119113,0.8746814404432133,0.8746814404432133,0.8746814404432133,0.8746814404432133,0.8746814404432133,0.8746814404432133,0.8746814404432133,0.8746814404432133,0.8746814404432133,0.8746814404432133,0.874792243767313,0.8673684210526316,0.867590027700831,0.867590027700831,0.867590027700831,0.8673684210526316,0.8673684210526316,0.8685872576177285,0.8685872576177285,0.8673684210526316,0.8673684210526316,0.8683656509695291,0.8683656509695291,0.8672576177285318,0.8670360110803325,0.8670360110803325,0.8670360110803325,0.866814404432133,0.867590027700831,0.867590027700831,0.8678116343490305,0.8679224376731302,0.8674792243767313,0.8679224376731302,0.8674792243767313,0.8680332409972299,0.8677008310249308,0.8670360110803325,0.8669252077562327,0.8669252077562327,0.8669252077562327,0.8669252077562327,0.8669252077562327,0.8669252077562327,0.8669252077562327,0.8669252077562327,0.8669252077562327,0.8669252077562327,0.8669252077562327,0.8669252077562327,0.8669252077562327,0.8669252077562327,0.8669252077562327,0.8669252077562327,0.8669252077562327,0.8669252077562327,0.8669252077562327,0.8669252077562327,0.8669252077562327,0.8669252077562327,0.8669252077562327,0.8669252077562327,0.8669252077562327,0.8669252077562327,0.8669252077562327,0.8669252077562327,0.8669252077562327,0.8669252077562327,0.8669252077562327,0.8669252077562327,0.8669252077562327,0.8669252077562327,0.8669252077562327,0.8669252077562327,0.8669252077562327,0.8669252077562327,0.8669252077562327,0.8669252077562327,0.8669252077562327,0.8669252077562327,0.8669252077562327,0.8669252077562327,0.8669252077562327,0.8669252077562327,0.8669252077562327,0.8669252077562327,0.8669252077562327,0.8669252077562327,0.8669252077562327,0.8669252077562327,0.8669252077562327,0.8669252077562327,0.8669252077562327,0.8669252077562327,0.8669252077562327,0.8669252077562327,0.8669252077562327,0.8673684210526316,0.8673684210526316,0.8672576177285318,0.8677008310249308,0.8672576177285318,0.8670360110803325,0.8672576177285318,0.8672576177285318,0.8670360110803325,0.8670360110803325,0.8670360110803325,0.8670360110803325,0.8670360110803325,0.867590027700831,0.8670360110803325,0.8670360110803325,0.8670360110803325,0.8670360110803325,0.8682548476454294,0.8682548476454294,0.8680332409972299,0.8682548476454294,0.8670360110803325,0.8670360110803325,0.8680332409972299,0.866814404432133,0.8670360110803325,0.8670360110803325,0.8670360110803325,0.866814404432133,0.8672576177285318,0.8670360110803325,0.8680332409972299,0.8672576177285318,0.8672576177285318,0.8672576177285318,0.8672576177285318,0.8672576177285318,0.8672576177285318,0.8672576177285318,0.8672576177285318,0.8672576177285318,0.8672576177285318,0.8672576177285318,0.8672576177285318,0.8672576177285318,0.8672576177285318,0.8672576177285318,0.8672576177285318,0.8672576177285318,0.8672576177285318,0.8672576177285318,0.8672576177285318,0.8672576177285318,0.8672576177285318,0.8672576177285318,0.8672576177285318,0.8672576177285318,0.8672576177285318,0.8672576177285318,0.8672576177285318,0.8672576177285318,0.8672576177285318,0.8672576177285318,0.8672576177285318,0.8672576177285318,0.8672576177285318,0.8672576177285318,0.8672576177285318,0.8672576177285318,0.8672576177285318,0.8672576177285318,0.8672576177285318,0.8672576177285318,0.8672576177285318,0.8672576177285318,0.8672576177285318,0.8672576177285318,0.8672576177285318,0.8672576177285318,0.8672576177285318,0.8672576177285318,0.8672576177285318,0.8672576177285318,0.8672576177285318,0.8670360110803325,0.8670360110803325,0.8670360110803325,0.8664819944598338,0.8670360110803325,0.8670360110803325,0.8670360110803325,0.8670360110803325,0.8670360110803325,0.8670360110803325,0.8670360110803325,0.8670360110803325,0.8670360110803325,0.8670360110803325,0.8670360110803325,0.8670360110803325,0.866371191135734,0.8662603878116344,0.8660387811634349,0.864819944598338,0.864819944598338,0.864376731301939,0.863601108033241,0.8652631578947368,0.8674792243767313,0.8665927977839335,0.8665927977839335,0.8657063711911357,0.8654847645429363,0.8652631578947368,0.8652631578947368,0.8652631578947368,0.8631578947368421,0.863601108033241,0.8652631578947368,0.8652631578947368,0.863601108033241,0.863601108033241,0.866814404432133,0.8658171745152354,0.8624930747922438,0.8677008310249308,0.8671468144044321,0.8673684210526316,0.8664819944598338,0.8661495844875347,0.8651523545706371,0.8649307479224376,0.8670360110803325,0.8655955678670361,0.8660387811634349,0.8670360110803325,0.866814404432133,0.8670360110803325,0.8670360110803325,0.866814404432133,0.8657063711911357,0.8657063711911357,0.8657063711911357,0.8657063711911357,0.8657063711911357,0.8657063711911357,0.8657063711911357,0.8657063711911357,0.8657063711911357,0.8657063711911357,0.8657063711911357,0.8657063711911357,0.8659279778393352,0.8659279778393352,0.866371191135734,0.866371191135734,0.866371191135734,0.8659279778393352,0.8658171745152354,0.8664819944598338,0.8659279778393352,0.8667036011080332,0.8667036011080332,0.8662603878116344,0.8644875346260388,0.8652631578947368,0.8652631578947368,0.8614958448753463,0.8610526315789474,0.8617174515235457,0.8617174515235457,0.8617174515235457,0.8617174515235457,0.8617174515235457,0.8578393351800554,0.8617174515235457,0.8601662049861496,0.8562880886426593,0.8577285318559557,0.8587257617728532,0.8565096952908587,0.8565096952908587,0.8549584487534626,0.8575069252077563,0.8566204986149585,0.8555124653739612,0.8570637119113573,0.8570637119113573,0.8570637119113573,0.8570637119113573,0.8570637119113573,0.8570637119113573,0.8559556786703602,0.8552908587257618,0.8561772853185595,0.8566204986149585,0.8570637119113573,0.8556232686980609,0.8556232686980609,0.8556232686980609,0.8556232686980609,0.8556232686980609,0.8556232686980609,0.8556232686980609,0.8556232686980609,0.8556232686980609,0.8556232686980609,0.8556232686980609,0.8556232686980609,0.8556232686980609,0.8556232686980609,0.8556232686980609,0.8556232686980609,0.8556232686980609,0.8556232686980609,0.8556232686980609,0.8556232686980609,0.8556232686980609,0.8556232686980609,0.8556232686980609,0.8554016620498615,0.856398891966759,0.856398891966759,0.856398891966759,0.856398891966759,0.856398891966759,0.856398891966759,0.8561772853185595,0.8561772853185595,0.8561772853185595,0.856398891966759,0.8550692520775623,0.8562880886426593,0.8550692520775623,0.8549584487534626,0.8527423822714681,0.8534072022160665,0.8576177285318559,0.8586149584487535,0.8582825484764542,0.8590581717451523,0.8585041551246537,0.8585041551246537,0.8592797783933518,0.8603878116343491,0.8578393351800554,0.8570637119113573,0.8570637119113573,0.8573961218836565,0.8571745152354571,0.8592797783933518,0.8582825484764542,0.8587257617728532,0.8561772853185595,0.8565096952908587,0.8562880886426593,0.8572853185595568,0.8577285318559557,0.8575069252077563,0.8569529085872576,0.8569529085872576,0.8576177285318559,0.8576177285318559,0.8576177285318559,0.8576177285318559,0.8562880886426593,0.8562880886426593,0.8562880886426593,0.8562880886426593,0.8562880886426593,0.8562880886426593,0.8562880886426593,0.8558448753462604,0.8558448753462604,0.8586149584487535,0.8586149584487535,0.858393351800554,0.8572853185595568,0.8562880886426593,0.8562880886426593,0.8562880886426593,0.8562880886426593,0.8556232686980609,0.8569529085872576,0.8571745152354571,0.8571745152354571,0.8571745152354571,0.8576177285318559,0.8547368421052631,0.8547368421052631,0.8547368421052631,0.8547368421052631,0.8547368421052631,0.8535180055401662,0.853628808864266,0.8540720221606648,0.8540720221606648,0.854404432132964,0.854404432132964,0.854404432132964,0.854404432132964,0.854404432132964,0.8542936288088643,0.854404432132964,0.8539612188365651,0.8539612188365651,0.8546260387811634,0.8546260387811634,0.8548476454293629,0.8548476454293629,0.8548476454293629,0.8548476454293629,0.8538504155124653,0.8538504155124653,0.8535180055401662,0.8535180055401662,0.8542936288088643,0.8538504155124653,0.8545152354570638,0.8561772853185595,0.858393351800554,0.858393351800554,0.858393351800554,0.858393351800554,0.858393351800554,0.858393351800554,0.858393351800554,0.8592797783933518,0.8590581717451523,0.8580609418282549,0.8585041551246537,0.8582825484764542,0.8586149584487535,0.8597229916897506,0.8579501385041551,0.8566204986149585,0.8569529085872576,0.8568421052631578,0.8569529085872576,0.8576177285318559,0.8585041551246537,0.8585041551246537,0.8585041551246537,0.8585041551246537,0.8582825484764542,0.8582825484764542,0.8585041551246537,0.8572853185595568,0.8582825484764542,0.8579501385041551,0.8589473684210527,0.859168975069252,0.859168975069252,0.858393351800554,0.8577285318559557,0.8577285318559557,0.8577285318559557,0.8577285318559557,0.8577285318559557,0.8568421052631578,0.8572853185595568,0.8570637119113573,0.8570637119113573,0.8570637119113573,0.8573961218836565,0.856398891966759,0.8567313019390582,0.8565096952908587,0.8566204986149585,0.856398891966759,0.8559556786703602,0.856398891966759,0.8570637119113573,0.8575069252077563,0.8575069252077563,0.8572853185595568,0.8575069252077563,0.8575069252077563,0.8575069252077563,0.8579501385041551,0.8579501385041551,0.8577285318559557,0.8577285318559557,0.8577285318559557,0.8577285318559557,0.8577285318559557,0.8577285318559557,0.8577285318559557,0.8577285318559557,0.8577285318559557,0.8577285318559557,0.8577285318559557,0.8577285318559557,0.8577285318559557,0.8577285318559557,0.8577285318559557,0.8577285318559557,0.8577285318559557,0.8577285318559557,0.8577285318559557,0.8577285318559557,0.8577285318559557,0.8577285318559557,0.8577285318559557,0.8577285318559557,0.8577285318559557,0.8577285318559557,0.8577285318559557,0.8577285318559557,0.8577285318559557,0.8577285318559557,0.8577285318559557,0.8577285318559557,0.8577285318559557,0.8577285318559557,0.8577285318559557,0.8577285318559557,0.8577285318559557,0.8577285318559557,0.8577285318559557,0.8577285318559557,0.8577285318559557,0.8577285318559557,0.8577285318559557,0.8577285318559557,0.8579501385041551,0.8579501385041551,0.8579501385041551,0.8579501385041551,0.8579501385041551,0.8579501385041551,0.8579501385041551,0.8581717451523546,0.8556232686980609,0.8558448753462604,0.8560664819944598,0.8560664819944598,0.8560664819944598,0.8560664819944598,0.8560664819944598,0.8560664819944598,0.8560664819944598,0.8560664819944598,0.8560664819944598,0.8560664819944598,0.8562880886426593,0.8561772853185595,0.8588365650969529,0.8571745152354571,0.8573961218836565,0.8569529085872576,0.8569529085872576,0.8569529085872576,0.8569529085872576,0.8569529085872576,0.8569529085872576,0.8569529085872576,0.8569529085872576,0.8569529085872576,0.8569529085872576,0.8569529085872576,0.8569529085872576,0.8569529085872576,0.8569529085872576,0.8569529085872576,0.8569529085872576,0.8569529085872576,0.8569529085872576,0.8567313019390582,0.8578393351800554,0.8578393351800554,0.8578393351800554,0.8569529085872576,0.8575069252077563,0.8572853185595568,0.8567313019390582,0.8569529085872576,0.8571745152354571,0.8571745152354571,0.8529639889196676,0.8550692520775623,0.8559556786703602,0.8559556786703602,0.8559556786703602,0.8559556786703602,0.8559556786703602,0.8559556786703602,0.8559556786703602,0.8559556786703602,0.8559556786703602,0.8559556786703602,0.8559556786703602,0.8559556786703602,0.8559556786703602,0.8559556786703602,0.8559556786703602,0.8559556786703602,0.8559556786703602,0.8559556786703602,0.8559556786703602,0.8559556786703602,0.8559556786703602,0.8559556786703602,0.8559556786703602,0.8559556786703602,0.8559556786703602,0.8559556786703602,0.8559556786703602,0.8561772853185595,0.8561772853185595,0.8561772853185595,0.8561772853185595,0.8561772853185595,0.8561772853185595,0.8561772853185595,0.8559556786703602,0.8559556786703602,0.8559556786703602,0.8559556786703602,0.8559556786703602,0.8559556786703602,0.8559556786703602,0.8559556786703602,0.8559556786703602,0.8559556786703602,0.8559556786703602,0.8559556786703602,0.8559556786703602,0.8559556786703602,0.8559556786703602,0.8559556786703602,0.8559556786703602,0.8559556786703602,0.8559556786703602,0.8559556786703602,0.8559556786703602,0.8559556786703602,0.8559556786703602,0.8559556786703602,0.8559556786703602,0.8559556786703602,0.8559556786703602,0.8559556786703602,0.8566204986149585,0.8566204986149585,0.8566204986149585,0.8566204986149585,0.8566204986149585,0.8566204986149585,0.8557340720221607,0.8557340720221607,0.8558448753462604,0.8545152354570638,0.8545152354570638,0.8545152354570638,0.8572853185595568,0.8542936288088643,0.8545152354570638,0.8542936288088643,0.856398891966759,0.8562880886426593,0.8560664819944598,0.8560664819944598,0.8560664819944598,0.8565096952908587,0.8565096952908587,0.8554016620498615,0.8556232686980609,0.8556232686980609,0.8556232686980609,0.8556232686980609,0.8556232686980609,0.8556232686980609,0.8556232686980609,0.8556232686980609,0.8556232686980609,0.8556232686980609,0.8556232686980609,0.8565096952908587,0.8565096952908587,0.8567313019390582,0.8557340720221607,0.8557340720221607,0.8557340720221607,0.8557340720221607,0.8557340720221607,0.8557340720221607,0.8557340720221607,0.8557340720221607,0.8557340720221607,0.8554016620498615,0.8539612188365651,0.8550692520775623,0.8547368421052631,0.8552908587257618,0.8550692520775623,0.8550692520775623,0.8550692520775623,0.8539612188365651,0.8539612188365651,0.8534072022160665,0.8540720221606648,0.854404432132964,0.8541828254847645,0.8542936288088643,0.8548476454293629,0.8548476454293629,0.8548476454293629,0.8548476454293629,0.8548476454293629,0.8546260387811634,0.8539612188365651,0.8539612188365651,0.8539612188365651,0.8539612188365651,0.8539612188365651,0.8539612188365651,0.8539612188365651,0.8539612188365651,0.8539612188365651,0.8539612188365651,0.8539612188365651,0.8539612188365651,0.8539612188365651,0.8539612188365651,0.8539612188365651,0.854404432132964,0.854404432132964,0.854404432132964,0.854404432132964,0.854404432132964,0.854404432132964,0.854404432132964,0.854404432132964,0.854404432132964,0.854404432132964,0.854404432132964,0.854404432132964,0.854404432132964,0.854404432132964,0.854404432132964,0.854404432132964,0.854404432132964,0.854404432132964,0.854404432132964,0.854404432132964,0.854404432132964,0.854404432132964,0.854404432132964,0.8548476454293629,0.8548476454293629,0.8548476454293629,0.8548476454293629,0.8548476454293629,0.8548476454293629,0.8548476454293629,0.8547368421052631,0.8550692520775623,0.8552908587257618,0.8551800554016621,0.8551800554016621,0.8552908587257618,0.8548476454293629,0.8548476454293629,0.8552908587257618,0.8555124653739612,0.8555124653739612,0.8555124653739612,0.8559556786703602,0.8559556786703602,0.8547368421052631,0.8545152354570638,0.8570637119113573,0.856398891966759,0.8561772853185595,0.8561772853185595,0.8561772853185595,0.8561772853185595,0.8562880886426593,0.8569529085872576,0.8569529085872576,0.8569529085872576,0.8569529085872576,0.8569529085872576,0.8569529085872576,0.8569529085872576,0.8569529085872576,0.8567313019390582,0.8566204986149585,0.8567313019390582,0.8565096952908587,0.8565096952908587,0.8565096952908587,0.8565096952908587,0.8568421052631578,0.8568421052631578,0.8566204986149585,0.8566204986149585,0.8568421052631578,0.8568421052631578,0.8568421052631578,0.8568421052631578,0.856398891966759,0.856398891966759,0.8568421052631578,0.856398891966759,0.8566204986149585,0.8568421052631578,0.8568421052631578,0.8569529085872576,0.8569529085872576,0.8565096952908587,0.8577285318559557,0.8555124653739612,0.8560664819944598,0.8560664819944598,0.8560664819944598,0.8560664819944598,0.8560664819944598,0.8560664819944598,0.8545152354570638,0.8541828254847645,0.8542936288088643,0.8537396121883657,0.8537396121883657,0.8537396121883657,0.8537396121883657,0.856398891966759,0.854404432132964,0.8551800554016621,0.8545152354570638,0.8545152354570638,0.8545152354570638,0.8545152354570638,0.8545152354570638,0.8545152354570638,0.8545152354570638,0.8545152354570638,0.8545152354570638,0.8545152354570638,0.8545152354570638,0.8545152354570638,0.8545152354570638,0.8542936288088643,0.8537396121883657,0.8549584487534626,0.8547368421052631,0.8539612188365651,0.8541828254847645,0.854404432132964,0.8556232686980609,0.8549584487534626,0.8546260387811634,0.8545152354570638,0.8545152354570638,0.8545152354570638,0.8545152354570638,0.8545152354570638,0.8545152354570638,0.8545152354570638,0.8545152354570638,0.8545152354570638,0.8545152354570638,0.8545152354570638,0.8545152354570638,0.8545152354570638,0.8545152354570638,0.8545152354570638,0.8545152354570638,0.8545152354570638,0.8540720221606648,0.8540720221606648,0.8540720221606648,0.8540720221606648,0.8540720221606648,0.8540720221606648,0.8540720221606648,0.8540720221606648,0.8540720221606648,0.8540720221606648,0.8540720221606648,0.8540720221606648,0.8540720221606648,0.8540720221606648,0.8540720221606648,0.8540720221606648,0.8540720221606648,0.8540720221606648,0.8545152354570638,0.8545152354570638,0.8545152354570638,0.8545152354570638,0.8545152354570638,0.8545152354570638,0.8547368421052631,0.8549584487534626,0.8542936288088643,0.8548476454293629,0.8555124653739612,0.8549584487534626,0.8551800554016621,0.8551800554016621,0.8547368421052631,0.8547368421052631,0.8547368421052631,0.8547368421052631,0.8547368421052631,0.8547368421052631,0.8547368421052631,0.8549584487534626,0.8549584487534626,0.8545152354570638,0.8548476454293629,0.8552908587257618,0.8552908587257618,0.8545152354570638,0.8545152354570638,0.8547368421052631,0.8547368421052631,0.8547368421052631,0.8547368421052631,0.8547368421052631,0.8547368421052631,0.8547368421052631,0.8547368421052631,0.8547368421052631,0.8547368421052631,0.8549584487534626,0.8549584487534626,0.8551800554016621,0.8551800554016621,0.8560664819944598,0.8554016620498615,0.8558448753462604,0.8562880886426593,0.8558448753462604,0.8558448753462604,0.8558448753462604,0.8558448753462604,0.8558448753462604,0.8541828254847645,0.8552908587257618,0.8552908587257618,0.8552908587257618,0.8552908587257618,0.8552908587257618,0.8552908587257618,0.8552908587257618,0.8552908587257618,0.8552908587257618,0.8552908587257618,0.8552908587257618,0.8552908587257618,0.8547368421052631,0.8547368421052631,0.8547368421052631,0.8547368421052631,0.8559556786703602,0.854404432132964,0.854404432132964,0.854404432132964,0.854404432132964,0.854404432132964,0.854404432132964,0.854404432132964,0.854404432132964,0.854404432132964,0.8532963988919667,0.8549584487534626,0.8557340720221607,0.8557340720221607,0.8557340720221607,0.8557340720221607,0.8539612188365651,0.8539612188365651,0.8539612188365651,0.8539612188365651,0.8539612188365651,0.8539612188365651,0.8539612188365651,0.8539612188365651,0.8539612188365651,0.8539612188365651,0.8539612188365651,0.854404432132964,0.8548476454293629,0.8548476454293629,0.8548476454293629,0.8537396121883657,0.8539612188365651,0.8565096952908587,0.8550692520775623,0.8561772853185595,0.856398891966759,0.8558448753462604,0.8558448753462604,0.8558448753462604,0.8558448753462604,0.8558448753462604,0.8558448753462604,0.8558448753462604,0.8558448753462604,0.8558448753462604,0.8558448753462604,0.8558448753462604,0.8558448753462604,0.8558448753462604,0.8558448753462604,0.8558448753462604,0.8558448753462604,0.8558448753462604,0.8568421052631578,0.8567313019390582,0.8567313019390582,0.8565096952908587,0.8565096952908587,0.8565096952908587,0.8538504155124653,0.853185595567867,0.8525207756232687,0.8525207756232687,0.8525207756232687,0.8529639889196676,0.8527423822714681,0.8527423822714681,0.8529639889196676,0.8529639889196676,0.8539612188365651,0.8539612188365651,0.8549584487534626,0.8549584487534626,0.8549584487534626,0.8549584487534626,0.8549584487534626,0.8545152354570638,0.8545152354570638,0.8545152354570638,0.8545152354570638,0.8545152354570638,0.8528531855955679,0.8522991689750693,0.8527423822714681,0.8527423822714681,0.8525207756232687,0.8525207756232687,0.8520775623268698,0.8537396121883657,0.8532963988919667,0.853185595567867,0.853185595567867,0.8525207756232687,0.8526315789473684,0.8514127423822715,0.8514127423822715,0.8514127423822715,0.8514127423822715,0.8514127423822715,0.8514127423822715,0.8514127423822715,0.8514127423822715,0.8514127423822715,0.8514127423822715,0.8514127423822715,0.8514127423822715,0.8514127423822715,0.8514127423822715,0.8514127423822715,0.8514127423822715,0.8514127423822715,0.8514127423822715,0.8506371191135734,0.8506371191135734,0.8506371191135734,0.8518559556786703,0.8508587257617729,0.8499722991689751,0.8501939058171745,0.8501939058171745,0.8501939058171745,0.8501939058171745,0.8501939058171745,0.8516343490304709,0.8497506925207756,0.851191135734072,0.850415512465374,0.8507479224376732,0.8506371191135734,0.8508587257617729,0.8508587257617729,0.8509695290858725,0.8509695290858725,0.851191135734072,0.8516343490304709,0.8516343490304709,0.8522991689750693,0.8516343490304709,0.8516343490304709,0.8503047091412742,0.8505263157894737,0.8505263157894737,0.8506371191135734,0.8503047091412742,0.8503047091412742,0.8503047091412742,0.8503047091412742,0.8503047091412742,0.8503047091412742,0.8496398891966759,0.8496398891966759,0.8496398891966759,0.8496398891966759,0.8496398891966759,0.8496398891966759,0.8500831024930748,0.8500831024930748,0.8500831024930748,0.851191135734072,0.8514127423822715,0.8510803324099723,0.8513019390581718,0.8513019390581718,0.8513019390581718,0.8513019390581718,0.8513019390581718,0.8510803324099723,0.8508587257617729,0.850415512465374,0.850415512465374,0.850415512465374,0.850415512465374,0.850415512465374,0.850415512465374,0.850415512465374,0.850415512465374,0.850415512465374,0.850415512465374,0.850415512465374,0.8506371191135734,0.8506371191135734,0.8506371191135734,0.8506371191135734,0.8506371191135734,0.8506371191135734,0.8506371191135734,0.8506371191135734,0.8506371191135734,0.8506371191135734,0.8506371191135734,0.8506371191135734,0.8506371191135734,0.8506371191135734,0.8506371191135734,0.8506371191135734,0.8506371191135734,0.8506371191135734,0.8506371191135734,0.8506371191135734,0.8506371191135734,0.8506371191135734,0.8506371191135734,0.8506371191135734,0.8506371191135734,0.8506371191135734,0.8506371191135734,0.8506371191135734,0.8506371191135734,0.8506371191135734,0.8506371191135734,0.8506371191135734,0.8506371191135734,0.8506371191135734,0.8506371191135734,0.8506371191135734,0.8506371191135734,0.8506371191135734,0.8506371191135734,0.8506371191135734,0.8506371191135734,0.8506371191135734,0.8506371191135734,0.8506371191135734,0.8506371191135734,0.8506371191135734,0.8506371191135734,0.8506371191135734,0.8506371191135734,0.8506371191135734,0.8506371191135734,0.8506371191135734,0.8506371191135734,0.8506371191135734,0.8506371191135734,0.8506371191135734,0.8506371191135734,0.8506371191135734,0.8506371191135734,0.8506371191135734,0.8506371191135734,0.8506371191135734,0.8506371191135734,0.8506371191135734,0.8506371191135734,0.8506371191135734,0.8506371191135734,0.8506371191135734,0.8506371191135734,0.8506371191135734,0.8506371191135734,0.8506371191135734,0.8506371191135734,0.8506371191135734,0.8506371191135734,0.8506371191135734,0.8506371191135734,0.8506371191135734,0.8506371191135734,0.8506371191135734,0.8506371191135734,0.8508587257617729,0.8508587257617729,0.8508587257617729,0.8508587257617729,0.8508587257617729,0.8508587257617729,0.8508587257617729,0.8508587257617729,0.8508587257617729,0.8508587257617729,0.8508587257617729,0.8508587257617729,0.8508587257617729,0.8508587257617729,0.8508587257617729,0.8508587257617729,0.8508587257617729,0.8508587257617729,0.8508587257617729,0.8508587257617729,0.8508587257617729,0.8508587257617729,0.8508587257617729,0.8508587257617729,0.8508587257617729,0.8508587257617729,0.8508587257617729,0.8508587257617729,0.8508587257617729,0.8508587257617729,0.8508587257617729,0.8508587257617729,0.8508587257617729,0.8508587257617729,0.8508587257617729,0.8508587257617729,0.8508587257617729,0.8508587257617729,0.8508587257617729,0.8508587257617729,0.8508587257617729,0.8508587257617729,0.8508587257617729,0.8508587257617729,0.8508587257617729,0.8506371191135734,0.8506371191135734,0.8506371191135734,0.8506371191135734,0.8506371191135734,0.8506371191135734,0.8506371191135734,0.8506371191135734,0.8506371191135734,0.8506371191135734,0.8506371191135734,0.8506371191135734,0.8506371191135734,0.8506371191135734,0.8506371191135734,0.8506371191135734,0.8506371191135734,0.8506371191135734,0.8506371191135734,0.8506371191135734,0.8506371191135734,0.8499722991689751,0.8494182825484764,0.8496398891966759,0.8487534626038781,0.8493074792243768,0.8493074792243768,0.8497506925207756,0.848421052631579,0.8478670360110804,0.848421052631579,0.8473130193905817,0.8473130193905817,0.8473130193905817,0.8473130193905817,0.8473130193905817,0.8473130193905817,0.8473130193905817,0.8473130193905817,0.8473130193905817,0.8473130193905817,0.8473130193905817,0.8473130193905817,0.8473130193905817,0.8473130193905817,0.8473130193905817,0.8473130193905817,0.8473130193905817,0.8473130193905817,0.8470914127423823,0.8470914127423823,0.8470914127423823,0.8470914127423823,0.8470914127423823,0.8470914127423823,0.8470914127423823,0.8470914127423823,0.8470914127423823,0.8470914127423823,0.8470914127423823,0.8470914127423823,0.8470914127423823,0.8470914127423823,0.8470914127423823,0.8470914127423823,0.8470914127423823,0.8470914127423823,0.8470914127423823,0.8470914127423823,0.8470914127423823,0.8470914127423823,0.8470914127423823,0.8470914127423823,0.8470914127423823,0.8470914127423823,0.8470914127423823,0.8470914127423823,0.8470914127423823,0.8470914127423823,0.8470914127423823,0.8473130193905817,0.8473130193905817,0.8473130193905817,0.8473130193905817,0.8473130193905817,0.8473130193905817,0.8473130193905817,0.8473130193905817,0.8473130193905817,0.8473130193905817,0.8473130193905817,0.8473130193905817,0.8473130193905817,0.8473130193905817,0.8473130193905817,0.8473130193905817,0.8473130193905817,0.8473130193905817,0.8473130193905817,0.8473130193905817,0.8473130193905817,0.8473130193905817,0.8473130193905817,0.8473130193905817,0.8473130193905817,0.8473130193905817,0.8473130193905817,0.8473130193905817,0.8473130193905817,0.8473130193905817,0.8473130193905817,0.8473130193905817,0.8473130193905817,0.8473130193905817,0.8473130193905817,0.8473130193905817,0.8473130193905817,0.8473130193905817,0.8473130193905817,0.8473130193905817,0.8473130193905817,0.8473130193905817,0.8473130193905817,0.8473130193905817,0.8473130193905817,0.8473130193905817,0.8473130193905817,0.8473130193905817,0.8473130193905817,0.8473130193905817,0.8473130193905817,0.8473130193905817,0.8486426592797784,0.8486426592797784,0.8486426592797784,0.8486426592797784,0.8486426592797784,0.848421052631579,0.848421052631579,0.848421052631579,0.8481994459833795,0.8481994459833795,0.84797783933518,0.8465373961218836,0.8465373961218836,0.84797783933518,0.84797783933518,0.8467590027700831,0.8486426592797784,0.848421052631579,0.8481994459833795,0.8472022160664819,0.8481994459833795,0.8481994459833795,0.8481994459833795,0.8472022160664819,0.8472022160664819,0.84797783933518,0.8467590027700831,0.8486426592797784,0.8486426592797784,0.8486426592797784,0.8474238227146814,0.8474238227146814,0.8474238227146814,0.8474238227146814,0.8467590027700831,0.848421052631579,0.8472022160664819,0.8472022160664819,0.8472022160664819,0.8469806094182826,0.8472022160664819,0.8490858725761773,0.8476454293628809,0.8476454293628809,0.8476454293628809,0.8476454293628809,0.8476454293628809,0.8474238227146814,0.8478670360110804,0.8476454293628809,0.8474238227146814,0.8476454293628809,0.8476454293628809,0.8476454293628809,0.8476454293628809,0.8476454293628809,0.8476454293628809,0.8476454293628809,0.8476454293628809,0.8476454293628809,0.8476454293628809,0.8476454293628809,0.8476454293628809,0.8476454293628809,0.8478670360110804,0.8478670360110804,0.8478670360110804,0.8478670360110804,0.8478670360110804,0.8478670360110804,0.8478670360110804,0.8478670360110804,0.8474238227146814,0.8474238227146814,0.8474238227146814,0.8474238227146814,0.8474238227146814,0.8474238227146814,0.8474238227146814,0.8474238227146814,0.8474238227146814,0.8474238227146814,0.8474238227146814,0.8474238227146814,0.8474238227146814,0.8474238227146814,0.8474238227146814,0.8474238227146814,0.8474238227146814,0.8474238227146814,0.8474238227146814,0.8490858725761773,0.8497506925207756,0.8497506925207756,0.8497506925207756,0.8497506925207756,0.8497506925207756,0.8497506925207756,0.8497506925207756,0.8497506925207756,0.8497506925207756,0.8497506925207756,0.8497506925207756,0.8497506925207756,0.8497506925207756,0.8497506925207756,0.8497506925207756,0.8497506925207756,0.8497506925207756,0.8497506925207756,0.8497506925207756,0.8497506925207756,0.8497506925207756,0.8495290858725761,0.8485318559556787,0.8475346260387812,0.84797783933518,0.8473130193905817,0.8485318559556787,0.8483102493074792,0.848421052631579,0.848421052631579,0.848421052631579,0.84797783933518,0.84797783933518,0.8490858725761773,0.848421052631579,0.8481994459833795,0.8490858725761773,0.8486426592797784,0.8486426592797784,0.8486426592797784,0.8486426592797784,0.8486426592797784,0.8486426592797784,0.8486426592797784,0.8486426592797784,0.8486426592797784,0.8486426592797784,0.848421052631579,0.848421052631579,0.848421052631579,0.848421052631579,0.8517451523545706,0.8508587257617729,0.8494182825484764,0.8501939058171745,0.8520775623268698,0.8527423822714681,0.854404432132964,0.8552908587257618,0.8555124653739612,0.8554016620498615,0.8549584487534626,0.8551800554016621,0.8555124653739612,0.8552908587257618,0.8552908587257618,0.854404432132964,0.854404432132964,0.8550692520775623,0.8522991689750693,0.8541828254847645,0.8547368421052631,0.8547368421052631,0.8547368421052631,0.8547368421052631,0.8547368421052631,0.8547368421052631,0.8547368421052631,0.8547368421052631,0.8547368421052631,0.8547368421052631,0.8547368421052631,0.8547368421052631,0.8547368421052631,0.8547368421052631,0.8540720221606648,0.8550692520775623,0.8538504155124653,0.8550692520775623,0.8557340720221607,0.8557340720221607,0.8557340720221607,0.8557340720221607,0.8557340720221607,0.8561772853185595,0.8561772853185595,0.8559556786703602,0.8550692520775623,0.8550692520775623,0.8550692520775623,0.8546260387811634,0.8546260387811634,0.854404432132964,0.854404432132964,0.8555124653739612,0.8573961218836565,0.8573961218836565,0.854404432132964,0.8582825484764542,0.858393351800554,0.8587257617728532,0.8587257617728532,0.8573961218836565,0.8567313019390582,0.8567313019390582,0.8567313019390582,0.8561772853185595,0.8546260387811634,0.8557340720221607,0.8549584487534626,0.8547368421052631,0.8550692520775623,0.8547368421052631,0.8546260387811634,0.8532963988919667,0.8530747922437674,0.8501939058171745,0.8505263157894737,0.8497506925207756,0.8507479224376732,0.8496398891966759,0.8489750692520776,0.8490858725761773,0.8485318559556787,0.84797783933518,0.8488642659279778,0.8486426592797784,0.8490858725761773,0.8487534626038781,0.8481994459833795,0.8481994459833795,0.8475346260387812,0.8475346260387812,0.84797783933518,0.8477562326869806,0.8505263157894737,0.8505263157894737,0.8506371191135734,0.8513019390581718,0.8513019390581718,0.8510803324099723,0.851191135734072,0.8498614958448754,0.8498614958448754,0.8498614958448754,0.8498614958448754,0.8498614958448754,0.8498614958448754,0.8498614958448754,0.8474238227146814,0.8475346260387812,0.8478670360110804,0.8485318559556787,0.84797783933518,0.8481994459833795,0.8488642659279778,0.848421052631579,0.848421052631579,0.848421052631579,0.8494182825484764,0.8500831024930748,0.8500831024930748,0.8500831024930748,0.8488642659279778,0.8488642659279778,0.8477562326869806,0.8493074792243768,0.8493074792243768,0.8490858725761773,0.8483102493074792,0.8483102493074792,0.8480886426592797,0.8483102493074792,0.8508587257617729,0.8501939058171745,0.8501939058171745,0.8508587257617729,0.850415512465374,0.850415512465374,0.8494182825484764,0.8501939058171745,0.849196675900277,0.849196675900277,0.849196675900277,0.849196675900277,0.849196675900277,0.849196675900277,0.849196675900277,0.8489750692520776,0.8494182825484764,0.8498614958448754,0.8494182825484764,0.8497506925207756,0.8498614958448754,0.8500831024930748,0.8500831024930748,0.8500831024930748,0.850415512465374,0.8506371191135734,0.8503047091412742,0.8510803324099723,0.8508587257617729,0.8513019390581718,0.8493074792243768,0.8513019390581718,0.851191135734072,0.851191135734072,0.851191135734072,0.851191135734072,0.8509695290858725,0.8517451523545706,0.8509695290858725,0.8509695290858725,0.8501939058171745,0.8509695290858725,0.8507479224376732,0.8503047091412742,0.8501939058171745,0.8501939058171745,0.8496398891966759,0.8494182825484764,0.848421052631579,0.848421052631579,0.8495290858725761,0.8483102493074792,0.8481994459833795,0.8481994459833795,0.8480886426592797,0.8481994459833795,0.848421052631579,0.848421052631579,0.848421052631579,0.848421052631579,0.84797783933518,0.84797783933518,0.84797783933518,0.84797783933518,0.84797783933518,0.84797783933518,0.84797783933518,0.84797783933518,0.84797783933518,0.84797783933518,0.84797783933518,0.84797783933518,0.84797783933518,0.84797783933518,0.84797783933518,0.84797783933518,0.84797783933518,0.8486426592797784,0.8486426592797784,0.8486426592797784,0.8486426592797784,0.8486426592797784,0.8486426592797784,0.8486426592797784,0.8486426592797784,0.848421052631579,0.848421052631579,0.848421052631579,0.848421052631579,0.848421052631579,0.848421052631579,0.848421052631579,0.848421052631579,0.848421052631579,0.8481994459833795,0.8490858725761773,0.84797783933518,0.84797783933518,0.8486426592797784,0.848421052631579,0.8485318559556787,0.8489750692520776,0.8486426592797784,0.8486426592797784,0.848421052631579,0.848421052631579,0.848421052631579,0.8486426592797784,0.8486426592797784,0.8486426592797784,0.8486426592797784,0.8486426592797784,0.8486426592797784,0.8486426592797784,0.8486426592797784,0.8490858725761773,0.8490858725761773,0.8500831024930748,0.8487534626038781,0.8485318559556787,0.8499722991689751,0.849196675900277,0.8487534626038781,0.8488642659279778,0.8483102493074792,0.8483102493074792,0.8495290858725761,0.8495290858725761,0.8486426592797784,0.8490858725761773,0.8477562326869806,0.8473130193905817,0.8493074792243768,0.8493074792243768,0.8493074792243768,0.8480886426592797,0.8478670360110804,0.8480886426592797,0.8480886426592797,0.8495290858725761,0.8496398891966759,0.8501939058171745,0.849196675900277,0.849196675900277,0.8494182825484764,0.849196675900277,0.8488642659279778,0.849196675900277,0.8503047091412742,0.8503047091412742,0.8503047091412742,0.8503047091412742,0.8503047091412742,0.8503047091412742,0.8480886426592797,0.8480886426592797,0.849196675900277,0.8497506925207756,0.8496398891966759,0.849196675900277,0.849196675900277,0.8495290858725761,0.8495290858725761,0.8495290858725761,0.8500831024930748,0.8485318559556787,0.8485318559556787,0.8485318559556787,0.8485318559556787,0.8485318559556787,0.8485318559556787,0.8485318559556787,0.8485318559556787,0.848421052631579,0.8483102493074792,0.8487534626038781,0.8487534626038781,0.8489750692520776,0.8489750692520776,0.8489750692520776,0.8489750692520776,0.8489750692520776,0.8489750692520776,0.8489750692520776,0.8489750692520776,0.8489750692520776,0.8494182825484764,0.8494182825484764,0.8494182825484764,0.8494182825484764,0.8494182825484764,0.8494182825484764,0.8494182825484764,0.8494182825484764,0.8494182825484764,0.8494182825484764,0.8494182825484764,0.8494182825484764,0.8494182825484764,0.8494182825484764,0.8494182825484764,0.8494182825484764,0.8494182825484764,0.8494182825484764,0.8494182825484764,0.8494182825484764,0.8494182825484764,0.8494182825484764,0.8494182825484764,0.8494182825484764,0.8494182825484764,0.8494182825484764,0.8494182825484764,0.8494182825484764,0.8494182825484764,0.8494182825484764,0.8494182825484764,0.8494182825484764,0.8494182825484764,0.8494182825484764,0.8494182825484764,0.8494182825484764,0.8494182825484764,0.8494182825484764,0.8494182825484764,0.8494182825484764,0.8494182825484764,0.8494182825484764,0.8494182825484764,0.8494182825484764,0.8494182825484764,0.8494182825484764,0.8494182825484764,0.8494182825484764,0.8494182825484764,0.8494182825484764,0.8494182825484764,0.8494182825484764,0.8494182825484764,0.8494182825484764,0.8494182825484764,0.8494182825484764,0.8494182825484764,0.8494182825484764,0.8487534626038781,0.8483102493074792,0.8483102493074792,0.8500831024930748,0.8473130193905817,0.8473130193905817,0.8470914127423823,0.8497506925207756,0.850415512465374,0.8475346260387812,0.848421052631579,0.8486426592797784,0.8475346260387812,0.848421052631579,0.848421052631579,0.848421052631579,0.848421052631579,0.848421052631579,0.848421052631579,0.8486426592797784,0.8481994459833795,0.84797783933518,0.845983379501385,0.8483102493074792,0.8487534626038781,0.8493074792243768,0.8493074792243768,0.8493074792243768,0.8493074792243768,0.8497506925207756,0.8493074792243768,0.8488642659279778,0.8488642659279778,0.8488642659279778,0.8488642659279778,0.8490858725761773,0.8497506925207756,0.8495290858725761,0.8495290858725761,0.8495290858725761,0.850415512465374,0.849196675900277,0.8494182825484764,0.8493074792243768,0.8495290858725761,0.8483102493074792,0.8486426592797784,0.8494182825484764,0.8481994459833795,0.848421052631579,0.848421052631579,0.8489750692520776,0.8489750692520776,0.8489750692520776,0.8489750692520776,0.8489750692520776,0.8489750692520776,0.8485318559556787,0.8485318559556787,0.8489750692520776,0.8489750692520776,0.8489750692520776,0.8489750692520776,0.8489750692520776,0.8489750692520776,0.8489750692520776,0.8489750692520776,0.8489750692520776,0.8489750692520776,0.8489750692520776,0.8489750692520776,0.8487534626038781,0.8487534626038781,0.8483102493074792,0.8478670360110804,0.8483102493074792,0.8483102493074792,0.8489750692520776,0.8485318559556787,0.8476454293628809,0.8476454293628809,0.8476454293628809,0.8476454293628809,0.8472022160664819,0.8476454293628809,0.8474238227146814,0.8468698060941828,0.845983379501385,0.8469806094182826,0.8442105263157895,0.8442105263157895,0.8442105263157895,0.8442105263157895,0.8446537396121884,0.8446537396121884,0.8446537396121884,0.8446537396121884,0.8446537396121884,0.8446537396121884,0.8446537396121884,0.8446537396121884,0.8446537396121884,0.8446537396121884,0.8446537396121884,0.8442105263157895,0.8442105263157895,0.8442105263157895,0.8442105263157895,0.8442105263157895,0.8442105263157895,0.8442105263157895,0.8442105263157895,0.8442105263157895,0.8442105263157895,0.8444321329639889,0.8448753462603878,0.8450969529085872,0.8453185595567867,0.8453185595567867,0.8453185595567867,0.8453185595567867,0.8453185595567867,0.8450969529085872,0.8457617728531855,0.8453185595567867,0.8450969529085872,0.8454293628808864,0.8450969529085872,0.8457617728531855,0.8448753462603878,0.8453185595567867,0.8455401662049862,0.8454293628808864,0.8450969529085872,0.8450969529085872,0.8450969529085872,0.8450969529085872,0.8450969529085872,0.8450969529085872,0.8450969529085872,0.8450969529085872,0.8450969529085872,0.8450969529085872,0.8450969529085872,0.8450969529085872,0.8450969529085872,0.8450969529085872,0.8450969529085872,0.8450969529085872,0.8450969529085872,0.8450969529085872,0.8450969529085872,0.8450969529085872,0.8450969529085872,0.8450969529085872,0.8450969529085872,0.8450969529085872,0.8450969529085872,0.8450969529085872,0.8450969529085872,0.8450969529085872,0.845983379501385,0.845983379501385,0.845983379501385,0.845983379501385,0.845983379501385,0.845983379501385,0.845983379501385,0.8457617728531855,0.8454293628808864,0.8460941828254848,0.8456509695290859,0.8456509695290859,0.8444321329639889,0.8462049861495845,0.845207756232687,0.846426592797784,0.8462049861495845,0.846426592797784,0.846426592797784,0.846426592797784,0.8457617728531855,0.8457617728531855,0.8457617728531855,0.8457617728531855,0.8457617728531855,0.8457617728531855,0.8457617728531855,0.8457617728531855,0.8453185595567867,0.8460941828254848,0.8457617728531855,0.846426592797784,0.846426592797784,0.846426592797784,0.846426592797784,0.846426592797784,0.846426592797784,0.846426592797784,0.846426592797784,0.846426592797784,0.846426592797784,0.846426592797784,0.846426592797784,0.8460941828254848,0.8473130193905817,0.8467590027700831,0.8465373961218836,0.8470914127423823,0.8468698060941828,0.8462049861495845,0.8466481994459834,0.8473130193905817,0.8473130193905817,0.8468698060941828,0.8474238227146814,0.8474238227146814,0.8466481994459834,0.8466481994459834,0.8466481994459834,0.8466481994459834,0.8466481994459834,0.8466481994459834,0.8469806094182826,0.8472022160664819,0.8472022160664819,0.8472022160664819,0.8472022160664819,0.8472022160664819,0.8472022160664819,0.8472022160664819,0.8472022160664819,0.8472022160664819,0.8472022160664819,0.8472022160664819,0.8472022160664819,0.8468698060941828,0.8468698060941828,0.8473130193905817,0.8473130193905817,0.8473130193905817,0.8473130193905817,0.8473130193905817,0.8470914127423823,0.8481994459833795,0.8473130193905817,0.8476454293628809,0.8478670360110804,0.8474238227146814,0.8475346260387812,0.8477562326869806,0.8477562326869806,0.84797783933518,0.8470914127423823,0.8470914127423823,0.8470914127423823,0.8470914127423823,0.8470914127423823,0.8470914127423823,0.8470914127423823,0.8470914127423823,0.8470914127423823,0.8475346260387812,0.8477562326869806,0.8477562326869806,0.8477562326869806,0.8477562326869806,0.8477562326869806,0.8473130193905817,0.8473130193905817,0.8473130193905817,0.8476454293628809,0.84797783933518,0.8476454293628809,0.8477562326869806,0.84797783933518,0.8477562326869806,0.8473130193905817,0.8473130193905817,0.8473130193905817,0.8473130193905817,0.8473130193905817,0.8473130193905817,0.8473130193905817,0.8473130193905817,0.8473130193905817,0.8473130193905817,0.8473130193905817,0.8473130193905817,0.8473130193905817,0.8473130193905817,0.8473130193905817,0.8473130193905817,0.8473130193905817,0.8473130193905817,0.8473130193905817,0.8473130193905817,0.8473130193905817,0.8473130193905817,0.8473130193905817,0.8473130193905817,0.8473130193905817,0.8473130193905817,0.8473130193905817,0.8473130193905817,0.8473130193905817,0.8473130193905817,0.8473130193905817,0.8473130193905817,0.8473130193905817,0.8473130193905817,0.8473130193905817,0.8473130193905817,0.8473130193905817,0.8473130193905817,0.8473130193905817,0.8473130193905817,0.8473130193905817,0.8473130193905817,0.8473130193905817,0.8473130193905817,0.8473130193905817,0.8473130193905817,0.8473130193905817,0.8473130193905817,0.8473130193905817,0.8473130193905817,0.8473130193905817,0.8473130193905817,0.8473130193905817,0.8473130193905817,0.8473130193905817,0.8473130193905817,0.8473130193905817,0.8473130193905817,0.8473130193905817,0.8473130193905817,0.8473130193905817,0.8473130193905817,0.8473130193905817,0.8473130193905817,0.8473130193905817,0.8473130193905817,0.8473130193905817,0.8473130193905817,0.8473130193905817,0.8473130193905817,0.8473130193905817,0.8473130193905817,0.8473130193905817,0.8473130193905817,0.8473130193905817,0.8473130193905817,0.8473130193905817,0.8473130193905817,0.8473130193905817,0.8473130193905817,0.8473130193905817,0.8473130193905817,0.8473130193905817,0.8473130193905817,0.8473130193905817,0.8473130193905817,0.8473130193905817,0.8473130193905817,0.8473130193905817,0.8473130193905817,0.8473130193905817,0.8473130193905817,0.8473130193905817,0.8473130193905817,0.8473130193905817,0.8473130193905817,0.8473130193905817,0.8473130193905817,0.8473130193905817,0.8473130193905817,0.8473130193905817,0.8473130193905817,0.8473130193905817,0.8473130193905817,0.8473130193905817,0.8473130193905817,0.8473130193905817,0.8473130193905817,0.8481994459833795,0.8481994459833795,0.8476454293628809,0.8476454293628809,0.8485318559556787,0.8485318559556787,0.8485318559556787,0.8485318559556787,0.8485318559556787,0.8485318559556787,0.8485318559556787,0.8483102493074792,0.8467590027700831,0.8465373961218836,0.8465373961218836,0.8465373961218836,0.8465373961218836,0.8465373961218836,0.8465373961218836,0.8465373961218836,0.8465373961218836,0.8465373961218836,0.8465373961218836,0.8465373961218836,0.8465373961218836,0.8465373961218836,0.8478670360110804,0.8477562326869806,0.8473130193905817,0.8473130193905817,0.8473130193905817,0.8473130193905817,0.8473130193905817,0.8473130193905817,0.8473130193905817,0.8473130193905817,0.8473130193905817,0.8473130193905817,0.8473130193905817,0.8473130193905817,0.8473130193905817,0.8473130193905817,0.8473130193905817,0.8473130193905817,0.84797783933518,0.84797783933518,0.84797783933518,0.84797783933518,0.8481994459833795,0.8478670360110804,0.8476454293628809,0.846426592797784,0.846426592797784,0.8462049861495845,0.845983379501385,0.8467590027700831,0.8465373961218836,0.8465373961218836,0.8465373961218836,0.8465373961218836,0.8465373961218836,0.8465373961218836,0.8472022160664819,0.8469806094182826,0.8469806094182826,0.8469806094182826,0.8469806094182826,0.8469806094182826,0.8469806094182826,0.8469806094182826,0.8469806094182826,0.8469806094182826,0.8469806094182826,0.8469806094182826,0.8469806094182826,0.8469806094182826,0.8469806094182826,0.8469806094182826,0.8469806094182826,0.8469806094182826,0.8469806094182826,0.8469806094182826,0.8469806094182826,0.8469806094182826,0.8469806094182826,0.8469806094182826,0.8469806094182826,0.8469806094182826,0.8469806094182826,0.8469806094182826,0.8469806094182826,0.8469806094182826,0.8469806094182826,0.8469806094182826,0.8469806094182826,0.8469806094182826,0.8417728531855956,0.8465373961218836,0.8465373961218836,0.8465373961218836,0.8463157894736842,0.8469806094182826,0.8469806094182826,0.8469806094182826,0.8467590027700831,0.8467590027700831,0.8467590027700831,0.8467590027700831,0.8467590027700831,0.8467590027700831,0.8467590027700831,0.8467590027700831,0.8467590027700831,0.8463157894736842,0.8426592797783934,0.8426592797783934,0.8419944598337951,0.8433240997229917,0.8440997229916898,0.8440997229916898,0.8437673130193906,0.8438781163434903,0.8438781163434903,0.84398891966759,0.8436565096952908,0.8438781163434903,0.8438781163434903,0.8438781163434903,0.8438781163434903,0.8438781163434903,0.8438781163434903,0.8434349030470915,0.8402216066481994,0.8386703601108033,0.8386703601108033,0.8386703601108033,0.8386703601108033,0.8386703601108033,0.8386703601108033,0.8386703601108033,0.8386703601108033,0.8386703601108033,0.8386703601108033,0.8386703601108033,0.8392243767313019,0.8392243767313019,0.8390027700831025,0.8388919667590028,0.8393351800554016,0.8395567867036011,0.8393351800554016,0.8391135734072022,0.8391135734072022,0.8391135734072022,0.8391135734072022,0.8391135734072022,0.8391135734072022,0.8383379501385042,0.8391135734072022,0.8391135734072022,0.8388919667590028,0.8386703601108033,0.8386703601108033,0.8386703601108033,0.8386703601108033,0.8386703601108033,0.8386703601108033,0.8386703601108033,0.8386703601108033,0.8386703601108033,0.8386703601108033,0.8386703601108033,0.8386703601108033,0.8386703601108033,0.8386703601108033,0.8386703601108033,0.8386703601108033,0.8386703601108033,0.8386703601108033,0.8386703601108033,0.8386703601108033,0.8386703601108033,0.8386703601108033,0.8391135734072022,0.838781163434903,0.8393351800554016,0.8393351800554016,0.8393351800554016,0.8393351800554016,0.8393351800554016,0.8393351800554016,0.8393351800554016,0.8384487534626038,0.8388919667590028,0.8391135734072022,0.8391135734072022,0.8395567867036011,0.838781163434903,0.8393351800554016,0.8395567867036011,0.8395567867036011,0.8397783933518006,0.8397783933518006,0.8383379501385042,0.8384487534626038,0.8384487534626038,0.8384487534626038,0.8384487534626038,0.8384487534626038,0.8384487534626038,0.8384487534626038,0.8384487534626038,0.8384487534626038,0.8391135734072022,0.8391135734072022,0.8391135734072022,0.8391135734072022,0.8398891966759002,0.8396675900277009,0.8398891966759002,0.8392243767313019,0.838781163434903,0.838781163434903,0.8385595567867036,0.8376731301939058,0.8376731301939058,0.8376731301939058,0.8376731301939058,0.8376731301939058,0.8376731301939058,0.8376731301939058,0.8376731301939058,0.8376731301939058,0.8376731301939058,0.8376731301939058,0.8372299168975069,0.8376731301939058,0.8376731301939058,0.8376731301939058,0.8376731301939058,0.8376731301939058,0.8376731301939058,0.8376731301939058,0.8376731301939058,0.8376731301939058,0.8376731301939058,0.8376731301939058,0.8376731301939058,0.8376731301939058,0.8376731301939058,0.8376731301939058,0.8376731301939058,0.8237119113573407,0.8241551246537396,0.8241551246537396,0.8241551246537396,0.8241551246537396,0.8241551246537396,0.8241551246537396,0.8241551246537396,0.8241551246537396,0.8341274238227147,0.8341274238227147,0.8341274238227147,0.8341274238227147,0.8341274238227147,0.8341274238227147,0.8341274238227147,0.8341274238227147,0.8341274238227147,0.8341274238227147,0.8341274238227147,0.8341274238227147,0.8341274238227147,0.8341274238227147,0.8341274238227147,0.8341274238227147,0.8341274238227147,0.8341274238227147,0.8341274238227147,0.8341274238227147,0.8341274238227147,0.8341274238227147,0.8341274238227147,0.8341274238227147,0.8341274238227147,0.8341274238227147,0.8341274238227147,0.8341274238227147,0.8341274238227147,0.8341274238227147,0.8341274238227147,0.8341274238227147,0.8341274238227147,0.8341274238227147,0.8341274238227147,0.8341274238227147,0.8341274238227147,0.8341274238227147,0.8341274238227147,0.8341274238227147,0.8341274238227147,0.8341274238227147,0.8341274238227147,0.8341274238227147,0.8341274238227147,0.8341274238227147,0.8341274238227147,0.8341274238227147,0.8341274238227147,0.8341274238227147,0.8341274238227147,0.8341274238227147,0.8341274238227147,0.8341274238227147,0.8341274238227147,0.8341274238227147,0.8341274238227147,0.8341274238227147,0.8341274238227147,0.8341274238227147,0.8341274238227147,0.8341274238227147,0.8341274238227147,0.8341274238227147,0.8341274238227147,0.8341274238227147,0.8341274238227147,0.8341274238227147,0.8341274238227147,0.8341274238227147,0.8341274238227147,0.8341274238227147,0.8341274238227147,0.8341274238227147,0.8341274238227147,0.8341274238227147,0.8341274238227147,0.8341274238227147,0.8341274238227147,0.8341274238227147,0.8341274238227147,0.8341274238227147,0.8341274238227147,0.8341274238227147,0.8341274238227147,0.8341274238227147,0.8332409972299168,0.8332409972299168,0.8332409972299168,0.8341274238227147,0.8341274238227147,0.8341274238227147,0.8341274238227147,0.8341274238227147,0.8341274238227147,0.8341274238227147,0.8341274238227147,0.8341274238227147,0.8341274238227147,0.8341274238227147,0.8341274238227147,0.8341274238227147,0.8341274238227147,0.8341274238227147,0.8341274238227147,0.8341274238227147,0.8341274238227147,0.8341274238227147,0.8341274238227147,0.8341274238227147,0.8341274238227147,0.8341274238227147,0.8339058171745153,0.8354570637119113,0.8354570637119113,0.8354570637119113,0.8354570637119113,0.8354570637119113,0.8354570637119113,0.8354570637119113,0.8354570637119113,0.8354570637119113,0.8354570637119113,0.8354570637119113,0.8354570637119113,0.8354570637119113,0.8354570637119113,0.8354570637119113,0.8354570637119113,0.8354570637119113,0.8354570637119113,0.8354570637119113,0.8354570637119113,0.8354570637119113,0.8354570637119113,0.8354570637119113,0.8354570637119113,0.8354570637119113,0.8344598337950139,0.8354570637119113,0.8354570637119113,0.8354570637119113,0.8354570637119113,0.8354570637119113,0.8354570637119113,0.8346814404432134,0.8356786703601108,0.8359002770083103,0.8359002770083103,0.8359002770083103,0.8340166204986149,0.8340166204986149,0.8340166204986149,0.8340166204986149,0.8340166204986149,0.8345706371191136,0.8332409972299168,0.8325761772853185,0.8320221606648199,0.8320221606648199,0.8320221606648199,0.8315789473684211,0.8315789473684211,0.8315789473684211,0.8315789473684211,0.8315789473684211,0.8315789473684211,0.8318005540166205,0.8321329639889197,0.8322437673130194,0.8332409972299168,0.8320221606648199,0.8310249307479224,0.8310249307479224,0.8329085872576177,0.8329085872576177,0.8306925207756233,0.8310249307479224,0.8335734072022161,0.8330193905817175,0.8316897506925208,0.8316897506925208,0.8319113573407202,0.8319113573407202,0.8323545706371192,0.8324653739612189,0.8326869806094183,0.8326869806094183,0.8326869806094183,0.8326869806094183,0.8324653739612189,0.8320221606648199,0.8322437673130194,0.8322437673130194,0.8326869806094183,0.8325761772853185,0.8337950138504155,0.8337950138504155,0.8337950138504155,0.8337950138504155,0.8321329639889197,0.8333518005540166,0.8331301939058172,0.8367867036011081,0.8374515235457064,0.8359002770083103,0.8361218836565097,0.8343490304709141,0.8366759002770083,0.8390027700831025,0.8378947368421052,0.8385595567867036,0.8346814404432134,0.8340166204986149,0.8342382271468144,0.8375623268698061,0.8373407202216067,0.838005540166205,0.8377839335180055,0.8377839335180055,0.838005540166205,0.838005540166205,0.838005540166205,0.8376731301939058,0.8373407202216067,0.8367867036011081,0.8365650969529086,0.8365650969529086,0.8377839335180055,0.8377839335180055,0.8375623268698061,0.8382271468144045,0.8382271468144045,0.8386703601108033,0.8376731301939058,0.8374515235457064,0.8378947368421052,0.8381163434903047,0.8359002770083103,0.8376731301939058,0.8374515235457064,0.8378947368421052,0.8378947368421052,0.8378947368421052,0.8384487534626038,0.8361218836565097,0.8357894736842105,0.83601108033241,0.835567867036011,0.8357894736842105,0.8357894736842105,0.8357894736842105,0.8357894736842105,0.8357894736842105,0.8353462603878117,0.8372299168975069,0.8372299168975069,0.8368975069252077,0.8359002770083103,0.8354570637119113,0.8366759002770083,0.8366759002770083,0.8368975069252077,0.8373407202216067,0.8374515235457064,0.8368975069252077,0.8377839335180055,0.8377839335180055,0.8373407202216067,0.8362326869806094,0.8381163434903047,0.8353462603878117,0.8365650969529086,0.8366759002770083,0.8366759002770083,0.83601108033241,0.8357894736842105,0.8357894736842105,0.8364542936288089,0.83601108033241,0.83601108033241,0.83601108033241,0.83601108033241,0.83601108033241,0.83601108033241,0.83601108033241,0.8362326869806094,0.8364542936288089,0.8364542936288089,0.8364542936288089,0.8364542936288089,0.8362326869806094,0.8362326869806094,0.8359002770083103,0.8364542936288089,0.8354570637119113,0.8366759002770083,0.8366759002770083,0.8359002770083103,0.8359002770083103,0.8359002770083103,0.8359002770083103,0.8359002770083103,0.8367867036011081,0.8361218836565097,0.8353462603878117,0.8351246537396122,0.8351246537396122,0.8351246537396122,0.8351246537396122,0.8351246537396122,0.8351246537396122,0.8350138504155125,0.835567867036011,0.835567867036011,0.8344598337950139,0.8356786703601108,0.835567867036011,0.8363434903047091,0.8364542936288089,0.8354570637119113,0.8356786703601108,0.835567867036011,0.8362326869806094,0.8345706371191136,0.8354570637119113,0.8361218836565097,0.8366759002770083,0.83601108033241,0.8350138504155125,0.8359002770083103,0.8368975069252077,0.8364542936288089,0.8352354570637119,0.8352354570637119,0.8352354570637119,0.835567867036011,0.8346814404432134,0.8354570637119113,0.8357894736842105,0.8363434903047091,0.8364542936288089,0.8366759002770083,0.835567867036011,0.8365650969529086,0.8373407202216067,0.8366759002770083,0.8382271468144045,0.8378947368421052,0.838781163434903,0.8383379501385042,0.8396675900277009,0.8378947368421052,0.8391135734072022,0.8391135734072022,0.8388919667590028,0.8388919667590028,0.8388919667590028,0.8388919667590028,0.8388919667590028,0.8388919667590028,0.8388919667590028,0.8393351800554016,0.8411080332409973,0.8403324099722992,0.8408864265927978,0.8408864265927978,0.8390027700831025,0.8396675900277009,0.8396675900277009,0.8405540166204987,0.8398891966759002,0.8401108033240997,0.8401108033240997,0.8398891966759002,0.84,0.8397783933518006,0.8392243767313019,0.8393351800554016,0.8401108033240997,0.841218836565097,0.841218836565097,0.8414404432132964,0.8425484764542936,0.8421052631578947,0.8436565096952908,0.8431024930747922,0.8414404432132964,0.841218836565097,0.8409972299168975,0.8414404432132964,0.8418836565096953,0.8417728531855956,0.8421052631578947,0.8421052631578947,0.8421052631578947,0.8418836565096953,0.8425484764542936,0.8425484764542936,0.8425484764542936,0.8425484764542936,0.8425484764542936,0.8427700831024931,0.8427700831024931,0.8418836565096953,0.8396675900277009,0.8418836565096953,0.8408864265927978,0.8418836565096953,0.8413296398891966,0.8416620498614958,0.8411080332409973,0.8411080332409973,0.8413296398891966,0.8413296398891966,0.8413296398891966,0.8413296398891966,0.8413296398891966,0.8406648199445983,0.8411080332409973,0.8418836565096953,0.8418836565096953,0.8418836565096953,0.8409972299168975,0.8383379501385042,0.8386703601108033,0.8374515235457064,0.8377839335180055,0.8402216066481994,0.8401108033240997,0.8395567867036011,0.8396675900277009,0.8403324099722992,0.8381163434903047,0.8394459833795014,0.8393351800554016,0.8394459833795014,0.8394459833795014,0.8401108033240997,0.838781163434903,0.8390027700831025,0.838781163434903,0.8393351800554016,0.840775623268698,0.840775623268698,0.8416620498614958,0.8418836565096953,0.8404432132963989,0.8408864265927978,0.8393351800554016,0.8404432132963989,0.840775623268698,0.8403324099722992,0.8403324099722992,0.8403324099722992,0.8401108033240997,0.8409972299168975,0.8411080332409973,0.841218836565097,0.8417728531855956,0.843213296398892,0.8415512465373961,0.8414404432132964,0.8422160664819944,0.8416620498614958,0.8416620498614958,0.8416620498614958,0.8416620498614958,0.8423268698060942,0.8416620498614958,0.8413296398891966,0.8413296398891966,0.8406648199445983,0.8404432132963989,0.8404432132963989,0.8404432132963989,0.8404432132963989,0.8404432132963989,0.8397783933518006,0.8395567867036011,0.8395567867036011,0.8395567867036011,0.841218836565097,0.8416620498614958,0.8416620498614958,0.840775623268698,0.840775623268698,0.840775623268698,0.840775623268698,0.840775623268698,0.840775623268698,0.840775623268698,0.8414404432132964,0.8411080332409973,0.8423268698060942,0.8415512465373961,0.8421052631578947,0.8421052631578947,0.8421052631578947,0.8419944598337951,0.8404432132963989,0.8404432132963989,0.8404432132963989,0.84,0.8406648199445983,0.8406648199445983,0.8406648199445983,0.8406648199445983,0.8415512465373961,0.8416620498614958,0.8435457063711911,0.8434349030470915,0.8434349030470915,0.8426592797783934,0.8438781163434903,0.8438781163434903,0.8438781163434903,0.8438781163434903,0.8438781163434903,0.8444321329639889,0.8438781163434903,0.8438781163434903,0.8438781163434903,0.8440997229916898,0.8440997229916898,0.8440997229916898,0.84398891966759,0.843213296398892,0.843213296398892,0.8416620498614958,0.8426592797783934,0.84398891966759,0.8418836565096953,0.8418836565096953,0.8418836565096953,0.8418836565096953,0.8409972299168975,0.8402216066481994,0.8423268698060942,0.8406648199445983,0.8398891966759002,0.8417728531855956,0.8417728531855956,0.8415512465373961,0.841218836565097,0.8417728531855956,0.8413296398891966,0.8415512465373961,0.8424376731301939,0.8424376731301939,0.8426592797783934,0.8426592797783934,0.8425484764542936,0.8413296398891966,0.8426592797783934,0.8423268698060942,0.8433240997229917,0.8433240997229917,0.8433240997229917,0.8433240997229917,0.8433240997229917,0.8433240997229917,0.8431024930747922,0.8433240997229917,0.8433240997229917,0.8445429362880886,0.8426592797783934,0.8422160664819944,0.8440997229916898,0.8445429362880886,0.8443213296398892,0.8443213296398892,0.8450969529085872,0.8438781163434903,0.8438781163434903,0.8450969529085872,0.8434349030470915,0.8437673130193906,0.8438781163434903,0.8433240997229917,0.8435457063711911,0.8435457063711911,0.8437673130193906,0.8437673130193906,0.8437673130193906,0.8437673130193906,0.8437673130193906,0.8437673130193906,0.8437673130193906,0.8435457063711911,0.8438781163434903,0.8440997229916898,0.8442105263157895
1.0,0.998005540166205,0.998005540166205,0.9939058171745152,0.9939058171745152,0.9939058171745152,0.9939058171745152,0.9930193905817174,0.9957894736842106,0.9960110803324099,0.9930193905817174,0.9930193905817174,0.9960110803324099,0.9930193905817174,0.9960110803324099,0.9955678670360111,0.9930193905817174,0.9930193905817174,0.9930193905817174,0.9930193905817174,0.9908033240997229,0.9910249307479224,0.9916897506925207,0.9916897506925207,0.9919113573407202,0.9931301939058171,0.9871468144044321,0.9871468144044321,0.9871468144044321,0.9871468144044321,0.9871468144044321,0.9871468144044321,0.9912465373961219,0.9871468144044321,0.9903601108033241,0.9903601108033241,0.9903601108033241,0.9903601108033241,0.9903601108033241,0.9905817174515236,0.9905817174515236,0.9905817174515236,0.9933518005540166,0.9899168975069252,0.9931301939058171,0.9896952908587258,0.9896952908587258,0.9922437673130194,0.9922437673130194,0.9926869806094183,0.9896952908587258,0.9901385041551246,0.9871468144044321,0.9901385041551246,0.9901385041551246,0.9901385041551246,0.9884764542936288,0.9899168975069252,0.9903601108033241,0.9908033240997229,0.9838227146814404,0.9827146814404432,0.9827146814404432,0.9827146814404432,0.9827146814404432,0.984819944598338,0.9827146814404432,0.9830470914127424,0.981606648199446,0.9829362880886426,0.9828254847645429,0.9834903047091412,0.9837119113573407,0.9837119113573407,0.9840443213296399,0.9840443213296399,0.9840443213296399,0.9841551246537397,0.9831578947368421,0.9840443213296399,0.9840443213296399,0.983601108033241,0.9838227146814404,0.9838227146814404,0.9838227146814404,0.9838227146814404,0.9838227146814404,0.984819944598338,0.9841551246537397,0.983601108033241,0.9828254847645429,0.9787257617728532,0.979168975069252,0.979612188365651,0.9798337950138504,0.9798337950138504,0.9798337950138504,0.9798337950138504,0.9789473684210527,0.9789473684210527,0.9789473684210527,0.9789473684210527,0.9789473684210527,0.9789473684210527,0.9789473684210527,0.9789473684210527,0.9789473684210527,0.9789473684210527,0.9789473684210527,0.9789473684210527,0.9789473684210527,0.9789473684210527,0.9789473684210527,0.9789473684210527,0.9789473684210527,0.9789473684210527,0.9789473684210527,0.9789473684210527,0.9789473684210527,0.9789473684210527,0.9789473684210527,0.9789473684210527,0.9789473684210527,0.9789473684210527,0.9789473684210527,0.9789473684210527,0.9789473684210527,0.9789473684210527,0.9789473684210527,0.9789473684210527,0.9789473684210527,0.9789473684210527,0.9789473684210527,0.9789473684210527,0.9789473684210527,0.9789473684210527,0.9789473684210527,0.9789473684210527,0.9789473684210527,0.9789473684210527,0.9789473684210527,0.9789473684210527,0.9789473684210527,0.9789473684210527,0.9789473684210527,0.9789473684210527,0.9789473684210527,0.9789473684210527,0.9789473684210527,0.9789473684210527,0.9789473684210527,0.9789473684210527,0.9789473684210527,0.9789473684210527,0.9789473684210527,0.9789473684210527,0.9789473684210527,0.9789473684210527,0.9789473684210527,0.9789473684210527,0.9789473684210527,0.9789473684210527,0.9789473684210527,0.9789473684210527,0.9789473684210527,0.9789473684210527,0.9789473684210527,0.9789473684210527,0.9789473684210527,0.9789473684210527,0.9789473684210527,0.9789473684210527,0.9789473684210527,0.9789473684210527,0.9789473684210527,0.9789473684210527,0.9789473684210527,0.9789473684210527,0.9789473684210527,0.9789473684210527,0.9789473684210527,0.9789473684210527,0.9789473684210527,0.9789473684210527,0.9789473684210527,0.9789473684210527,0.9789473684210527,0.9789473684210527,0.9789473684210527,0.9789473684210527,0.9789473684210527,0.9789473684210527,0.9789473684210527,0.9789473684210527,0.9789473684210527,0.9789473684210527,0.9789473684210527,0.9789473684210527,0.9789473684210527,0.9789473684210527,0.9789473684210527,0.9789473684210527,0.9789473684210527,0.9789473684210527,0.9789473684210527,0.9789473684210527,0.9789473684210527,0.9789473684210527,0.9789473684210527,0.9789473684210527,0.9789473684210527,0.9789473684210527,0.9789473684210527,0.9789473684210527,0.9789473684210527,0.9789473684210527,0.9789473684210527,0.9789473684210527,0.9789473684210527,0.9789473684210527,0.9789473684210527,0.9789473684210527,0.9789473684210527,0.9789473684210527,0.9789473684210527,0.9789473684210527,0.9789473684210527,0.9789473684210527,0.9789473684210527,0.9789473684210527,0.9789473684210527,0.9789473684210527,0.9789473684210527,0.9789473684210527,0.9789473684210527,0.9789473684210527,0.9789473684210527,0.9789473684210527,0.9789473684210527,0.9789473684210527,0.9789473684210527,0.9782825484764542,0.9782825484764542,0.9780609418282549,0.9780609418282549,0.9780609418282549,0.9780609418282549,0.9780609418282549,0.9780609418282549,0.9789473684210527,0.9811634349030471,0.9811634349030471,0.9811634349030471,0.9811634349030471,0.9811634349030471,0.9811634349030471,0.9811634349030471,0.9811634349030471,0.9811634349030471,0.9811634349030471,0.9811634349030471,0.9811634349030471,0.9811634349030471,0.9811634349030471,0.9811634349030471,0.9811634349030471,0.9811634349030471,0.9811634349030471,0.9811634349030471,0.9811634349030471,0.9811634349030471,0.9811634349030471,0.9811634349030471,0.9811634349030471,0.9811634349030471,0.9811634349030471,0.9811634349030471,0.9811634349030471,0.9811634349030471,0.9811634349030471,0.9811634349030471,0.9811634349030471,0.9811634349030471,0.9811634349030471,0.9811634349030471,0.9811634349030471,0.9811634349030471,0.9811634349030471,0.9811634349030471,0.9811634349030471,0.9811634349030471,0.9811634349030471,0.979612188365651,0.979612188365651,0.9797229916897507,0.9797229916897507,0.9802770083102493,0.9801662049861496,0.9801662049861496,0.9797229916897507,0.973185595567867,0.973185595567867,0.973185595567867,0.973185595567867,0.9766204986149585,0.973185595567867,0.9780609418282549,0.9770637119113573,0.9775069252077563,0.9769529085872576,0.9769529085872576,0.9761772853185595,0.9771745152354571,0.9771745152354571,0.9766204986149585,0.9757340720221607,0.976398891966759,0.976398891966759,0.976398891966759,0.976398891966759,0.976398891966759,0.976398891966759,0.976398891966759,0.976398891966759,0.9757340720221607,0.976398891966759,0.976398891966759,0.976398891966759,0.976398891966759,0.976398891966759,0.976398891966759,0.976398891966759,0.976398891966759,0.976398891966759,0.976398891966759,0.976398891966759,0.9776177285318559,0.9761772853185595,0.9768421052631578,0.9768421052631578,0.9768421052631578,0.9768421052631578,0.9768421052631578,0.9768421052631578,0.9768421052631578,0.9768421052631578,0.9768421052631578,0.9768421052631578,0.9768421052631578,0.9768421052631578,0.9768421052631578,0.9768421052631578,0.9768421052631578,0.9768421052631578,0.9768421052631578,0.9768421052631578,0.9768421052631578,0.9768421052631578,0.9768421052631578,0.9768421052631578,0.9768421052631578,0.9768421052631578,0.9768421052631578,0.9768421052631578,0.9768421052631578,0.9768421052631578,0.9768421052631578,0.9768421052631578,0.9768421052631578,0.9768421052631578,0.9768421052631578,0.9768421052631578,0.9768421052631578,0.9768421052631578,0.9768421052631578,0.9768421052631578,0.9768421052631578,0.9768421052631578,0.9768421052631578,0.9768421052631578,0.9768421052631578,0.9768421052631578,0.9768421052631578,0.9768421052631578,0.9768421052631578,0.9768421052631578,0.9768421052631578,0.9768421052631578,0.9772853185595568,0.9772853185595568,0.9770637119113573,0.9770637119113573,0.9770637119113573,0.9770637119113573,0.9770637119113573,0.9770637119113573,0.9770637119113573,0.9770637119113573,0.9771745152354571,0.9771745152354571,0.9771745152354571,0.9769529085872576,0.976398891966759,0.9773961218836565,0.9773961218836565,0.9773961218836565,0.9769529085872576,0.9785041551246537,0.979168975069252,0.979168975069252,0.979168975069252,0.979168975069252,0.979168975069252,0.979168975069252,0.979168975069252,0.979168975069252,0.979168975069252,0.979168975069252,0.979168975069252,0.979168975069252,0.979168975069252,0.979168975069252,0.979168975069252,0.979168975069252,0.979168975069252,0.979168975069252,0.979168975069252,0.979168975069252,0.979168975069252,0.979612188365651,0.979612188365651,0.979168975069252,0.979168975069252,0.9787257617728532,0.9779501385041551,0.9779501385041551,0.9770637119113573,0.9766204986149585,0.9766204986149585,0.9766204986149585,0.9766204986149585,0.9766204986149585,0.9766204986149585,0.9766204986149585,0.9766204986149585,0.9770637119113573,0.9770637119113573,0.9770637119113573,0.9749584487534626,0.9755124653739612,0.9732963988919667,0.9737396121883657,0.9729639889196676,0.9729639889196676,0.9729639889196676,0.9729639889196676,0.9729639889196676,0.9757340720221607,0.9755124653739612,0.9755124653739612,0.9728531855955679,0.9724099722991689,0.9724099722991689,0.9724099722991689,0.9724099722991689,0.9724099722991689,0.9730747922437674,0.9735180055401662,0.9737396121883657,0.9754016620498615,0.9737396121883657,0.9735180055401662,0.9739612188365651,0.9721883656509696,0.9724099722991689,0.9737396121883657,0.9752908587257618,0.973628808864266,0.9747368421052631,0.9749584487534626,0.9749584487534626,0.9747368421052631,0.974404432132964,0.974404432132964,0.974404432132964,0.9741828254847645,0.9741828254847645,0.9729639889196676,0.973628808864266,0.9748476454293629,0.973185595567867,0.9748476454293629,0.9746260387811634,0.9735180055401662,0.9720775623268698,0.9750692520775623,0.9752908587257618,0.9750692520775623,0.9734072022160665,0.974404432132964,0.974404432132964,0.9738504155124654,0.974404432132964,0.9739612188365651,0.9752908587257618,0.9756232686980609,0.9761772853185595,0.9757340720221607,0.9757340720221607,0.9759556786703601,0.9759556786703601,0.9759556786703601,0.9759556786703601,0.9759556786703601,0.9751800554016621,0.9755124653739612,0.9755124653739612,0.9755124653739612,0.9748476454293629,0.9748476454293629,0.9748476454293629,0.9739612188365651,0.9761772853185595,0.9761772853185595,0.9761772853185595,0.9761772853185595,0.9761772853185595,0.9761772853185595,0.9761772853185595,0.9761772853185595,0.9761772853185595,0.9761772853185595,0.9761772853185595,0.9761772853185595,0.9761772853185595,0.9761772853185595,0.9761772853185595,0.9761772853185595,0.9761772853185595,0.9761772853185595,0.9761772853185595,0.9761772853185595,0.9761772853185595,0.9761772853185595,0.9761772853185595,0.9761772853185595,0.9761772853185595,0.9761772853185595,0.9761772853185595,0.9761772853185595,0.9761772853185595,0.9761772853185595,0.9761772853185595,0.9761772853185595,0.9761772853185595,0.9755124653739612,0.9755124653739612,0.9755124653739612,0.9755124653739612,0.9755124653739612,0.9755124653739612,0.9755124653739612,0.9737396121883657,0.9739612188365651,0.9741828254847645,0.973628808864266,0.973628808864266,0.973628808864266,0.973628808864266,0.973628808864266,0.973628808864266,0.973628808864266,0.973628808864266,0.973628808864266,0.973628808864266,0.973628808864266,0.973628808864266,0.973628808864266,0.973628808864266,0.973628808864266,0.973628808864266,0.973628808864266,0.973628808864266,0.973628808864266,0.973628808864266,0.973628808864266,0.973628808864266,0.973628808864266,0.973628808864266,0.973628808864266,0.973628808864266,0.973628808864266,0.973628808864266,0.973628808864266,0.973628808864266,0.973628808864266,0.973628808864266,0.973628808864266,0.9650969529085872,0.9643213296398891,0.9643213296398891,0.9643213296398891,0.9643213296398891,0.9643213296398891,0.9643213296398891,0.9643213296398891,0.9643213296398891,0.9643213296398891,0.9643213296398891,0.9643213296398891,0.9643213296398891,0.9643213296398891,0.9643213296398891,0.9643213296398891,0.9643213296398891,0.9643213296398891,0.9643213296398891,0.9644321329639889,0.9647645429362881,0.9643213296398891,0.9640997229916898,0.9650969529085872,0.9650969529085872,0.9650969529085872,0.9650969529085872,0.9650969529085872,0.9650969529085872,0.9650969529085872,0.9650969529085872,0.9650969529085872,0.9650969529085872,0.9650969529085872,0.9650969529085872,0.9650969529085872,0.9650969529085872,0.9650969529085872,0.9650969529085872,0.9643213296398891,0.9645429362880886,0.9646537396121884,0.9643213296398891,0.9646537396121884,0.9646537396121884,0.9646537396121884,0.9640997229916898,0.9648753462603878,0.9638781163434903,0.9648753462603878,0.9650969529085872,0.9650969529085872,0.9650969529085872,0.9650969529085872,0.9650969529085872,0.9650969529085872,0.9650969529085872,0.9650969529085872,0.9648753462603878,0.9648753462603878,0.9648753462603878,0.9648753462603878,0.9648753462603878,0.9648753462603878,0.9648753462603878,0.9648753462603878,0.9648753462603878,0.9648753462603878,0.9648753462603878,0.9648753462603878,0.9648753462603878,0.9648753462603878,0.9648753462603878,0.9648753462603878,0.9648753462603878,0.9648753462603878,0.9648753462603878,0.9648753462603878,0.9648753462603878,0.9648753462603878,0.9648753462603878,0.9648753462603878,0.9648753462603878,0.9648753462603878,0.9648753462603878,0.9648753462603878,0.9648753462603878,0.9648753462603878,0.9648753462603878,0.9648753462603878,0.9648753462603878,0.9648753462603878,0.966426592797784,0.9668698060941828,0.9634349030470915,0.9634349030470915,0.9662049861495845,0.9634349030470915,0.965983379501385,0.9668698060941828,0.9634349030470915,0.9662049861495845,0.9662049861495845,0.9662049861495845,0.9662049861495845,0.9662049861495845,0.9662049861495845,0.9662049861495845,0.9662049861495845,0.9662049861495845,0.9662049861495845,0.9662049861495845,0.9662049861495845,0.9662049861495845,0.9662049861495845,0.9662049861495845,0.9662049861495845,0.9662049861495845,0.9662049861495845,0.9662049861495845,0.9662049861495845,0.9662049861495845,0.9662049861495845,0.9662049861495845,0.9662049861495845,0.9662049861495845,0.9634349030470915,0.966426592797784,0.966426592797784,0.9657617728531855,0.9657617728531855,0.9657617728531855,0.966426592797784,0.966426592797784,0.966426592797784,0.9662049861495845,0.9662049861495845,0.9662049861495845,0.9662049861495845,0.965983379501385,0.965983379501385,0.9658725761772853,0.9658725761772853,0.9658725761772853,0.9658725761772853,0.9658725761772853,0.9658725761772853,0.9658725761772853,0.9658725761772853,0.9658725761772853,0.9658725761772853,0.9658725761772853,0.9658725761772853,0.9633240997229917,0.9658725761772853,0.9656509695290859,0.9644321329639889,0.965207756232687,0.9645429362880886,0.9649861495844876,0.9650969529085872,0.9650969529085872,0.9650969529085872,0.9650969529085872,0.9650969529085872,0.9650969529085872,0.9650969529085872,0.9650969529085872,0.9653185595567867,0.9653185595567867,0.9653185595567867,0.9653185595567867,0.965207756232687,0.9655401662049862,0.9655401662049862,0.9655401662049862,0.9655401662049862,0.9655401662049862,0.9655401662049862,0.9655401662049862,0.9655401662049862,0.9655401662049862,0.9655401662049862,0.9655401662049862,0.9655401662049862,0.9655401662049862,0.9655401662049862,0.9655401662049862,0.9653185595567867,0.965207756232687,0.9645429362880886,0.96398891966759,0.9649861495844876,0.9643213296398891,0.9638781163434903,0.963213296398892,0.9638781163434903,0.9646537396121884,0.96398891966759,0.96398891966759,0.96398891966759,0.9644321329639889,0.9644321329639889,0.9624376731301939,0.9623268698060942,0.9625484764542936,0.9628808864265928,0.9628808864265928,0.96398891966759,0.96398891966759,0.9634349030470915,0.9643213296398891,0.9647645429362881,0.9644321329639889,0.9583379501385042,0.9594459833795014,0.9601108033240997,0.9605540166204987,0.9614404432132964,0.9616620498614958,0.9616620498614958,0.9606648199445983,0.961218836565097,0.961218836565097,0.961218836565097,0.961218836565097,0.961218836565097,0.961218836565097,0.961218836565097,0.961218836565097,0.961218836565097,0.9608864265927978,0.9618836565096953,0.9618836565096953,0.9618836565096953,0.9618836565096953,0.9618836565096953,0.9618836565096953,0.9618836565096953,0.9618836565096953,0.9618836565096953,0.9618836565096953,0.9618836565096953,0.9618836565096953,0.9618836565096953,0.9618836565096953,0.9618836565096953,0.9618836565096953,0.9618836565096953,0.9618836565096953,0.9618836565096953,0.9618836565096953,0.9618836565096953,0.9618836565096953,0.9618836565096953,0.9618836565096953,0.9618836565096953,0.9618836565096953,0.9618836565096953,0.9618836565096953,0.9618836565096953,0.9618836565096953,0.9618836565096953,0.9618836565096953,0.9618836565096953,0.9618836565096953,0.9618836565096953,0.9618836565096953,0.9618836565096953,0.9616620498614958,0.9616620498614958,0.9611080332409973,0.960775623268698,0.960775623268698,0.960775623268698,0.960775623268698,0.960775623268698,0.960775623268698,0.960775623268698,0.960775623268698,0.960775623268698,0.9609972299168975,0.9609972299168975,0.9609972299168975,0.9609972299168975,0.9609972299168975,0.9609972299168975,0.9609972299168975,0.9609972299168975,0.9609972299168975,0.9609972299168975,0.9609972299168975,0.9609972299168975,0.9609972299168975,0.9609972299168975,0.9609972299168975,0.9609972299168975,0.9609972299168975,0.9609972299168975,0.961218836565097,0.960775623268698,0.961218836565097,0.961218836565097,0.9603324099722992,0.960775623268698,0.961218836565097,0.9609972299168975,0.9603324099722992,0.9603324099722992,0.9619944598337951,0.9615512465373961,0.9617728531855956,0.9617728531855956,0.9601108033240997,0.9596675900277009,0.9596675900277009,0.960775623268698,0.9593351800554016,0.9601108033240997,0.9601108033240997,0.9590027700831025,0.9585595567867036,0.9585595567867036,0.9585595567867036,0.9584487534626038,0.9590027700831025,0.9592243767313019,0.9586703601108033,0.958781163434903,0.9595567867036011,0.9583379501385042,0.9595567867036011,0.9595567867036011,0.9588919667590028,0.9593351800554016,0.9565650969529086,0.9577839335180055,0.9577839335180055,0.9605540166204987,0.9590027700831025,0.9602216066481994,0.9602216066481994,0.9602216066481994,0.9595567867036011,0.9596675900277009,0.96,0.9593351800554016,0.9593351800554016,0.9592243767313019,0.9598891966759002,0.9598891966759002,0.9598891966759002,0.9598891966759002,0.9596675900277009,0.9594459833795014,0.9564542936288088,0.9570083102493074,0.9575623268698061,0.9576731301939058,0.9572299168975069,0.9586703601108033,0.9590027700831025,0.9590027700831025,0.9590027700831025,0.9593351800554016,0.9596675900277009,0.961218836565097,0.961218836565097,0.96,0.961218836565097,0.961218836565097,0.961218836565097,0.961218836565097,0.961218836565097,0.961218836565097,0.961218836565097,0.961218836565097,0.961218836565097,0.961218836565097,0.961218836565097,0.961218836565097,0.961218836565097,0.961218836565097,0.961218836565097,0.961218836565097,0.961218836565097,0.961218836565097,0.961218836565097,0.961218836565097,0.961218836565097,0.961218836565097,0.961218836565097,0.961218836565097,0.961218836565097,0.961218836565097,0.961218836565097,0.961218836565097,0.961218836565097,0.961218836565097,0.961218836565097,0.961218836565097,0.961218836565097,0.961218836565097,0.961218836565097,0.961218836565097,0.961218836565097,0.961218836565097,0.961218836565097,0.961218836565097,0.961218836565097,0.961218836565097,0.9611080332409973,0.9609972299168975,0.960775623268698,0.960775623268698,0.9613296398891967,0.9614404432132964,0.9618836565096953,0.9606648199445983,0.9606648199445983,0.9606648199445983,0.9606648199445983,0.9606648199445983,0.9606648199445983,0.9606648199445983,0.9606648199445983,0.9606648199445983,0.9606648199445983,0.9606648199445983,0.9606648199445983,0.9606648199445983,0.9606648199445983,0.9606648199445983,0.9606648199445983,0.9588919667590028,0.9588919667590028,0.9606648199445983,0.9606648199445983,0.9606648199445983,0.9581163434903047,0.9581163434903047,0.9588919667590028,0.9586703601108033,0.9581163434903047,0.9581163434903047,0.9583379501385042,0.9583379501385042,0.9583379501385042,0.9583379501385042,0.9583379501385042,0.9588919667590028,0.9581163434903047,0.960775623268698,0.9603324099722992,0.960775623268698,0.9601108033240997,0.9594459833795014,0.9602216066481994,0.9602216066481994,0.9602216066481994,0.9602216066481994,0.9602216066481994,0.9597783933518006,0.9616620498614958,0.9597783933518006,0.9621052631578947,0.9621052631578947,0.9621052631578947,0.9621052631578947,0.9621052631578947,0.9621052631578947,0.9621052631578947,0.9621052631578947,0.9621052631578947,0.9621052631578947,0.9621052631578947,0.9621052631578947,0.9608864265927978,0.9608864265927978,0.9628808864265928,0.9628808864265928,0.9631024930747922,0.9628808864265928,0.9625484764542936,0.9628808864265928,0.9624376731301939,0.9633240997229917,0.9637673130193906,0.9637673130193906,0.9637673130193906,0.96398891966759,0.96398891966759,0.96398891966759,0.96398891966759,0.96398891966759,0.96398891966759,0.9633240997229917,0.9633240997229917,0.9635457063711912,0.9637673130193906,0.9637673130193906,0.9631024930747922,0.9631024930747922,0.9631024930747922,0.9623268698060942,0.9633240997229917,0.9631024930747922,0.9633240997229917,0.9626592797783934,0.9628808864265928,0.9633240997229917,0.9624376731301939,0.9628808864265928,0.9628808864265928,0.9629916897506925,0.963213296398892,0.9626592797783934,0.9626592797783934,0.9628808864265928,0.9628808864265928,0.9628808864265928,0.9628808864265928,0.9625484764542936,0.9624376731301939,0.9624376731301939,0.9624376731301939,0.9624376731301939,0.9622160664819944,0.9622160664819944,0.9624376731301939,0.9622160664819944,0.9625484764542936,0.9622160664819944,0.9622160664819944,0.9625484764542936,0.9628808864265928,0.9628808864265928,0.9633240997229917,0.9634349030470915,0.9628808864265928,0.9628808864265928,0.9626592797783934,0.9626592797783934,0.9626592797783934,0.961218836565097,0.9619944598337951,0.961218836565097,0.960775623268698,0.961218836565097,0.9626592797783934,0.9602216066481994,0.963213296398892,0.9627700831024931,0.9615512465373961,0.9617728531855956,0.9617728531855956,0.9617728531855956,0.9617728531855956,0.9617728531855956,0.9617728531855956,0.9617728531855956,0.9622160664819944,0.9617728531855956,0.9617728531855956,0.9624376731301939,0.9624376731301939,0.9624376731301939,0.9624376731301939,0.9624376731301939,0.9624376731301939,0.9624376731301939,0.9624376731301939,0.9624376731301939,0.9622160664819944,0.9624376731301939,0.9622160664819944,0.9622160664819944,0.9634349030470915,0.9634349030470915,0.9615512465373961,0.9623268698060942,0.9623268698060942,0.9623268698060942,0.9627700831024931,0.9629916897506925,0.963213296398892,0.9617728531855956,0.9619944598337951,0.9619944598337951,0.9629916897506925,0.9627700831024931,0.9627700831024931,0.9622160664819944,0.9619944598337951,0.9617728531855956,0.9617728531855956,0.9611080332409973,0.9613296398891967,0.9615512465373961,0.9615512465373961,0.9628808864265928,0.9618836565096953,0.9619944598337951,0.9623268698060942,0.9621052631578947,0.9618836565096953,0.9622160664819944,0.9622160664819944,0.9622160664819944,0.9622160664819944,0.9622160664819944,0.9622160664819944,0.9622160664819944,0.9622160664819944,0.9622160664819944,0.9622160664819944,0.9622160664819944,0.9613296398891967,0.9613296398891967,0.9613296398891967,0.9613296398891967,0.9613296398891967,0.9613296398891967,0.9613296398891967,0.9613296398891967,0.9617728531855956,0.9617728531855956,0.9602216066481994,0.961218836565097,0.960775623268698,0.9616620498614958,0.960775623268698,0.9608864265927978,0.960775623268698,0.960775623268698,0.960775623268698,0.9614404432132964,0.9614404432132964,0.9614404432132964,0.9598891966759002,0.9616620498614958,0.9614404432132964,0.9614404432132964,0.9614404432132964,0.9614404432132964,0.9614404432132964,0.9614404432132964,0.9614404432132964,0.9614404432132964,0.9614404432132964,0.9614404432132964,0.9614404432132964,0.9614404432132964,0.9608864265927978,0.9614404432132964,0.9614404432132964,0.9614404432132964,0.9596675900277009,0.9596675900277009,0.9596675900277009,0.9596675900277009,0.9596675900277009,0.9596675900277009,0.9596675900277009,0.9596675900277009,0.9596675900277009,0.9596675900277009,0.9596675900277009,0.9604432132963989,0.9611080332409973,0.9611080332409973,0.9611080332409973,0.9603324099722992,0.9611080332409973,0.9602216066481994,0.9605540166204987,0.9605540166204987,0.9604432132963989,0.9601108033240997,0.9602216066481994,0.9603324099722992,0.9603324099722992,0.9603324099722992,0.9588919667590028,0.9597783933518006,0.9597783933518006,0.9597783933518006,0.9597783933518006,0.9597783933518006,0.9609972299168975,0.9583379501385042,0.9606648199445983,0.9606648199445983,0.9606648199445983,0.9606648199445983,0.9606648199445983,0.9606648199445983,0.9606648199445983,0.9606648199445983,0.9606648199445983,0.9606648199445983,0.9606648199445983,0.9602216066481994,0.9615512465373961,0.9615512465373961,0.9608864265927978,0.9608864265927978,0.9608864265927978,0.9608864265927978,0.9608864265927978,0.9608864265927978,0.9608864265927978,0.9594459833795014,0.9602216066481994,0.9594459833795014,0.9606648199445983,0.9594459833795014,0.9606648199445983,0.9590027700831025,0.9590027700831025,0.9590027700831025,0.9594459833795014,0.9592243767313019,0.9608864265927978,0.9604432132963989,0.9602216066481994,0.9608864265927978,0.9608864265927978,0.9608864265927978,0.9606648199445983,0.9588919667590028,0.958781163434903,0.9604432132963989,0.96,0.9602216066481994,0.9602216066481994,0.9602216066481994,0.9602216066481994,0.9598891966759002,0.9598891966759002,0.9593351800554016,0.9593351800554016,0.9593351800554016,0.9593351800554016,0.9593351800554016,0.9593351800554016,0.9593351800554016,0.9593351800554016,0.9593351800554016,0.9593351800554016,0.9593351800554016,0.9593351800554016,0.9593351800554016,0.9593351800554016,0.9593351800554016,0.9593351800554016,0.9593351800554016,0.9593351800554016,0.9593351800554016,0.9593351800554016,0.9593351800554016,0.9593351800554016,0.9593351800554016,0.9593351800554016,0.9593351800554016,0.9593351800554016,0.9593351800554016,0.9593351800554016,0.9593351800554016,0.9593351800554016,0.9593351800554016,0.9593351800554016,0.9593351800554016,0.9593351800554016,0.9584487534626038,0.9595567867036011,0.9595567867036011,0.9595567867036011,0.9595567867036011,0.9595567867036011,0.9595567867036011,0.9578947368421052,0.9578947368421052,0.9595567867036011,0.9597783933518006,0.9597783933518006,0.9597783933518006,0.9597783933518006,0.9597783933518006,0.9574515235457064,0.9597783933518006,0.9596675900277009,0.9590027700831025,0.9577839335180055,0.958005540166205,0.9594459833795014,0.9594459833795014,0.9606648199445983,0.9602216066481994,0.9602216066481994,0.9602216066481994,0.9602216066481994,0.9602216066481994,0.9602216066481994,0.9602216066481994,0.9602216066481994,0.9602216066481994,0.9602216066481994,0.9602216066481994,0.9602216066481994,0.9602216066481994,0.9608864265927978,0.9622160664819944,0.9622160664819944,0.9621052631578947,0.9601108033240997,0.9614404432132964,0.9616620498614958,0.9621052631578947,0.961218836565097,0.961218836565097,0.961218836565097,0.961218836565097,0.961218836565097,0.961218836565097,0.9615512465373961,0.960775623268698,0.9588919667590028,0.958781163434903,0.9608864265927978,0.9608864265927978,0.9608864265927978,0.9604432132963989,0.9604432132963989,0.9602216066481994,0.96,0.9597783933518006,0.9592243767313019,0.9592243767313019,0.9596675900277009,0.961218836565097,0.960775623268698,0.9614404432132964,0.9609972299168975,0.960775623268698,0.9609972299168975,0.9609972299168975,0.9609972299168975,0.9609972299168975,0.9609972299168975,0.9609972299168975,0.9609972299168975,0.9609972299168975,0.9609972299168975,0.9609972299168975,0.9609972299168975,0.9603324099722992,0.9609972299168975,0.9598891966759002,0.9598891966759002,0.9598891966759002,0.9598891966759002,0.9598891966759002,0.9595567867036011,0.9597783933518006,0.9609972299168975,0.9605540166204987,0.960775623268698,0.96,0.9592243767313019,0.958781163434903,0.9594459833795014,0.9594459833795014,0.9594459833795014,0.9591135734072023,0.9593351800554016,0.9593351800554016,0.9593351800554016,0.9593351800554016,0.9593351800554016,0.9593351800554016,0.9593351800554016,0.9593351800554016,0.9593351800554016,0.9593351800554016,0.9593351800554016,0.9593351800554016,0.9593351800554016,0.9593351800554016,0.9593351800554016,0.9593351800554016,0.9593351800554016,0.9593351800554016,0.9593351800554016,0.9593351800554016,0.9593351800554016,0.9593351800554016,0.9593351800554016,0.9593351800554016,0.9593351800554016,0.9593351800554016,0.9593351800554016,0.9593351800554016,0.9593351800554016,0.9593351800554016,0.9593351800554016,0.9593351800554016,0.9593351800554016,0.9593351800554016,0.9593351800554016,0.9593351800554016,0.9593351800554016,0.9593351800554016,0.9593351800554016,0.9593351800554016,0.9593351800554016,0.9593351800554016,0.9593351800554016,0.9593351800554016,0.9593351800554016,0.9593351800554016,0.9593351800554016,0.9593351800554016,0.9593351800554016,0.9593351800554016,0.9593351800554016,0.9593351800554016,0.9593351800554016,0.9593351800554016,0.9593351800554016,0.9593351800554016,0.9593351800554016,0.9593351800554016,0.9593351800554016,0.9593351800554016,0.9593351800554016,0.9593351800554016,0.9593351800554016,0.9593351800554016,0.9593351800554016,0.9593351800554016,0.9593351800554016,0.9593351800554016,0.9593351800554016,0.9593351800554016,0.9593351800554016,0.9593351800554016,0.9593351800554016,0.9593351800554016,0.9593351800554016,0.9593351800554016,0.9593351800554016,0.9593351800554016,0.9593351800554016,0.9593351800554016,0.9593351800554016,0.9593351800554016,0.9593351800554016,0.9593351800554016,0.9593351800554016,0.9593351800554016,0.9593351800554016,0.9593351800554016,0.9593351800554016,0.9593351800554016,0.9593351800554016,0.9593351800554016,0.9593351800554016,0.9593351800554016,0.9593351800554016,0.9593351800554016,0.9593351800554016,0.9593351800554016,0.9588919667590028,0.9590027700831025,0.9591135734072023,0.9595567867036011,0.9591135734072023,0.9591135734072023,0.9591135734072023,0.9591135734072023,0.9591135734072023,0.9591135734072023,0.9591135734072023,0.9591135734072023,0.9591135734072023,0.9591135734072023,0.9591135734072023,0.9591135734072023,0.9591135734072023,0.9591135734072023,0.9591135734072023,0.9591135734072023,0.9591135734072023,0.9591135734072023,0.9591135734072023,0.9591135734072023,0.9591135734072023,0.9591135734072023,0.9591135734072023,0.9591135734072023,0.9591135734072023,0.9591135734072023,0.9591135734072023,0.9591135734072023,0.9591135734072023,0.9591135734072023,0.9591135734072023,0.9591135734072023,0.9591135734072023,0.9591135734072023,0.9591135734072023,0.9591135734072023,0.9591135734072023,0.9591135734072023,0.9591135734072023,0.9591135734072023,0.9591135734072023,0.9595567867036011,0.9595567867036011,0.9595567867036011,0.9595567867036011,0.9595567867036011,0.9602216066481994,0.9604432132963989,0.9604432132963989,0.9597783933518006,0.9597783933518006,0.9597783933518006,0.9597783933518006,0.9597783933518006,0.9597783933518006,0.9597783933518006,0.9597783933518006,0.9597783933518006,0.96,0.96,0.96,0.9598891966759002,0.96,0.9585595567867036,0.9602216066481994,0.9602216066481994,0.9602216066481994,0.9602216066481994,0.9602216066481994,0.9602216066481994,0.9602216066481994,0.9602216066481994,0.9602216066481994,0.9602216066481994,0.9602216066481994,0.9602216066481994,0.9602216066481994,0.9601108033240997,0.96,0.9602216066481994,0.9602216066481994,0.9602216066481994,0.9602216066481994,0.9602216066481994,0.9602216066481994,0.9602216066481994,0.9602216066481994,0.9602216066481994,0.9602216066481994,0.9602216066481994,0.9602216066481994,0.9602216066481994,0.9602216066481994,0.9602216066481994,0.9602216066481994,0.9602216066481994,0.9602216066481994,0.9602216066481994,0.9602216066481994,0.9602216066481994,0.9602216066481994,0.9602216066481994,0.9602216066481994,0.9602216066481994,0.9602216066481994,0.9602216066481994,0.9602216066481994,0.9602216066481994,0.9602216066481994,0.9602216066481994,0.9602216066481994,0.9602216066481994,0.9602216066481994,0.9602216066481994,0.9602216066481994,0.9602216066481994,0.9602216066481994,0.9602216066481994,0.9602216066481994,0.9602216066481994,0.9602216066481994,0.9602216066481994,0.9602216066481994,0.9602216066481994,0.9602216066481994,0.9602216066481994,0.9602216066481994,0.9602216066481994,0.9602216066481994,0.9602216066481994,0.9602216066481994,0.9602216066481994,0.9602216066481994,0.9602216066481994,0.9602216066481994,0.9602216066481994,0.9602216066481994,0.9602216066481994,0.9602216066481994,0.9602216066481994,0.9602216066481994,0.9602216066481994,0.9602216066481994,0.9602216066481994,0.9602216066481994,0.9602216066481994,0.9602216066481994,0.9602216066481994,0.9602216066481994,0.9602216066481994,0.9602216066481994,0.9602216066481994,0.9602216066481994,0.9602216066481994,0.9602216066481994,0.9602216066481994,0.9602216066481994,0.9602216066481994,0.9602216066481994,0.9602216066481994,0.9602216066481994,0.9602216066481994,0.9602216066481994,0.9602216066481994,0.9602216066481994,0.9602216066481994,0.9602216066481994,0.9602216066481994,0.9602216066481994,0.9602216066481994,0.9602216066481994,0.9602216066481994,0.9602216066481994,0.9602216066481994,0.9602216066481994,0.9602216066481994,0.9602216066481994,0.9602216066481994,0.9602216066481994,0.9602216066481994,0.9602216066481994,0.9602216066481994,0.9602216066481994,0.9602216066481994,0.9602216066481994,0.9602216066481994,0.9602216066481994,0.9602216066481994,0.9602216066481994,0.9602216066481994,0.9602216066481994,0.9602216066481994,0.9602216066481994,0.9602216066481994,0.9602216066481994,0.9602216066481994,0.9602216066481994,0.9602216066481994,0.9602216066481994,0.9602216066481994,0.9602216066481994,0.9602216066481994,0.9602216066481994,0.9602216066481994,0.9602216066481994,0.9602216066481994,0.9602216066481994,0.9602216066481994,0.9602216066481994,0.9602216066481994,0.9602216066481994,0.9602216066481994,0.9602216066481994,0.9602216066481994,0.9602216066481994,0.9602216066481994,0.9602216066481994,0.9602216066481994,0.9602216066481994,0.9602216066481994,0.9602216066481994,0.9602216066481994,0.9602216066481994,0.9602216066481994,0.9602216066481994,0.9602216066481994,0.9602216066481994,0.9602216066481994,0.9602216066481994,0.9602216066481994,0.9602216066481994,0.9602216066481994,0.9602216066481994,0.9602216066481994,0.96,0.9592243767313019,0.958781163434903,0.958781163434903,0.958781163434903,0.958781163434903,0.958781163434903,0.958781163434903,0.958781163434903,0.958781163434903,0.958781163434903,0.958781163434903,0.9585595567867036,0.9585595567867036,0.9585595567867036,0.9606648199445983,0.9590027700831025,0.9592243767313019,0.9604432132963989,0.9604432132963989,0.9604432132963989,0.9604432132963989,0.9604432132963989,0.9604432132963989,0.9604432132963989,0.9604432132963989,0.9604432132963989,0.9604432132963989,0.9590027700831025,0.9602216066481994,0.9604432132963989,0.9604432132963989,0.9611080332409973,0.9595567867036011,0.9595567867036011,0.9595567867036011,0.9595567867036011,0.9608864265927978,0.9608864265927978,0.9608864265927978,0.9608864265927978,0.9608864265927978,0.9594459833795014,0.9604432132963989,0.9592243767313019,0.9604432132963989,0.9604432132963989,0.9594459833795014,0.9604432132963989,0.9602216066481994,0.9596675900277009,0.9611080332409973,0.9611080332409973,0.9611080332409973,0.9611080332409973,0.9611080332409973,0.9584487534626038,0.9584487534626038,0.9606648199445983,0.9611080332409973,0.9592243767313019,0.9592243767313019,0.9592243767313019,0.9592243767313019,0.9592243767313019,0.9592243767313019,0.9592243767313019,0.9592243767313019,0.9592243767313019,0.9592243767313019,0.9592243767313019,0.9592243767313019,0.9592243767313019,0.9592243767313019,0.9592243767313019,0.9592243767313019,0.9592243767313019,0.9592243767313019,0.9592243767313019,0.9592243767313019,0.9592243767313019,0.9592243767313019,0.9592243767313019,0.9592243767313019,0.9592243767313019,0.9606648199445983,0.9606648199445983,0.9604432132963989,0.9604432132963989,0.9606648199445983,0.9604432132963989,0.9602216066481994,0.9529085872576177,0.9529085872576177,0.9582271468144045,0.958005540166205,0.958005540166205,0.9585595567867036,0.958781163434903,0.958781163434903,0.958781163434903,0.958781163434903,0.958781163434903,0.958781163434903,0.958781163434903,0.9378393351800554,0.9441551246537396,0.9539058171745153,0.9529085872576177,0.9529085872576177,0.952797783933518,0.9524653739612189,0.9524653739612189,0.9524653739612189,0.9531301939058172,0.9539058171745153,0.9541274238227146,0.9535734072022161,0.9535734072022161,0.9535734072022161,0.9535734072022161,0.9526869806094183,0.9529085872576177,0.9529085872576177,0.9529085872576177,0.9529085872576177,0.9529085872576177,0.9529085872576177,0.9529085872576177,0.9529085872576177,0.9529085872576177,0.9529085872576177,0.9529085872576177,0.9529085872576177,0.9529085872576177,0.9529085872576177,0.9529085872576177,0.9529085872576177,0.9529085872576177,0.9529085872576177,0.9529085872576177,0.9529085872576177,0.9533518005540166,0.9524653739612189,0.9526869806094183,0.9543490304709141,0.9545706371191136,0.9522437673130194,0.9539058171745153,0.9539058171745153,0.9539058171745153,0.9539058171745153,0.9539058171745153,0.9539058171745153,0.9539058171745153,0.9539058171745153,0.9539058171745153,0.9531301939058172,0.9540166204986149,0.9542382271468144,0.9521329639889197,0.9523545706371191,0.9534626038781163,0.9545706371191136,0.9545706371191136,0.9545706371191136,0.9545706371191136,0.9545706371191136,0.9523545706371191,0.9540166204986149,0.9533518005540166,0.9533518005540166,0.9533518005540166,0.9533518005540166,0.9533518005540166,0.9532409972299168,0.9532409972299168,0.9532409972299168,0.9524653739612189,0.9539058171745153,0.9518005540166204,0.9504709141274238,0.9512465373961219,0.9521329639889197,0.950803324099723,0.9499168975069252,0.9499168975069252,0.9499168975069252,0.9499168975069252,0.9499168975069252,0.9499168975069252,0.9499168975069252,0.9499168975069252,0.9499168975069252,0.9499168975069252,0.9499168975069252,0.9499168975069252,0.9499168975069252,0.9499168975069252,0.9499168975069252,0.9501385041551247,0.9501385041551247,0.9501385041551247,0.949584487534626,0.9492520775623269,0.9511357340720221,0.9511357340720221,0.9511357340720221,0.9505817174515235,0.9505817174515235,0.9505817174515235,0.9505817174515235,0.9505817174515235,0.9498060941828255,0.9491412742382271,0.9499168975069252,0.9499168975069252,0.9499168975069252,0.9499168975069252,0.9499168975069252,0.9499168975069252,0.9499168975069252,0.9499168975069252,0.9499168975069252,0.9499168975069252,0.9499168975069252,0.9499168975069252,0.9499168975069252,0.9499168975069252,0.9499168975069252,0.9499168975069252,0.9512465373961219,0.9499168975069252,0.9499168975069252,0.9499168975069252,0.9458171745152355,0.9491412742382271,0.9493628808864266,0.9489196675900277,0.9522437673130194,0.9529085872576177,0.9493628808864266,0.9499168975069252,0.9496952908587257,0.9499168975069252,0.9484764542936288,0.950360110803324,0.950360110803324,0.950360110803324,0.950360110803324,0.950360110803324,0.950360110803324,0.950360110803324,0.950360110803324,0.950360110803324,0.950360110803324,0.950360110803324,0.950360110803324,0.950360110803324,0.950360110803324,0.950360110803324,0.950360110803324,0.950360110803324,0.950360110803324,0.950360110803324,0.950360110803324,0.950360110803324,0.950360110803324,0.950360110803324,0.950360110803324,0.950360110803324,0.950360110803324,0.950360110803324,0.950360110803324,0.950360110803324,0.950360110803324,0.950360110803324,0.950360110803324,0.950360110803324,0.950360110803324,0.950360110803324,0.950360110803324,0.950360110803324,0.950360110803324,0.950360110803324,0.950360110803324,0.950360110803324,0.950360110803324,0.950360110803324,0.950360110803324,0.950360110803324,0.950360110803324,0.950360110803324,0.950360110803324,0.950360110803324,0.950360110803324,0.950360110803324,0.950360110803324,0.950360110803324,0.950360110803324,0.950360110803324,0.950360110803324,0.950360110803324,0.950360110803324,0.950360110803324,0.950360110803324,0.950360110803324,0.950360110803324,0.950360110803324,0.950360110803324,0.950360110803324,0.950360110803324,0.9499168975069252,0.9499168975069252,0.9499168975069252,0.9499168975069252,0.9499168975069252,0.9499168975069252,0.9499168975069252,0.9499168975069252,0.9499168975069252,0.9499168975069252,0.9499168975069252,0.9499168975069252,0.9499168975069252,0.9499168975069252,0.9499168975069252,0.9499168975069252,0.9499168975069252,0.9499168975069252,0.9499168975069252,0.9499168975069252,0.9499168975069252,0.9499168975069252,0.9499168975069252,0.9499168975069252,0.9499168975069252,0.9499168975069252,0.9499168975069252,0.9499168975069252,0.9499168975069252,0.9499168975069252,0.9499168975069252,0.9499168975069252,0.9499168975069252,0.9499168975069252,0.9499168975069252,0.9499168975069252,0.9499168975069252,0.9499168975069252,0.9499168975069252,0.9499168975069252,0.9499168975069252,0.9499168975069252,0.9499168975069252,0.9499168975069252,0.9499168975069252,0.9499168975069252,0.9499168975069252,0.9499168975069252,0.9499168975069252,0.9499168975069252,0.9499168975069252,0.9499168975069252,0.9499168975069252,0.9499168975069252,0.9499168975069252,0.9499168975069252,0.9499168975069252,0.9499168975069252,0.9499168975069252,0.9499168975069252,0.9499168975069252,0.9499168975069252,0.9499168975069252,0.9499168975069252,0.9499168975069252,0.9499168975069252,0.9499168975069252,0.9499168975069252,0.9499168975069252,0.9499168975069252,0.9499168975069252,0.9499168975069252,0.9499168975069252,0.9499168975069252,0.9499168975069252,0.9499168975069252,0.9499168975069252,0.9499168975069252,0.9499168975069252,0.9499168975069252,0.9499168975069252,0.9499168975069252,0.9499168975069252,0.9499168975069252,0.9499168975069252,0.9499168975069252,0.9499168975069252,0.9499168975069252,0.9499168975069252,0.9499168975069252,0.9499168975069252,0.9499168975069252,0.9499168975069252,0.9499168975069252,0.9499168975069252,0.9499168975069252,0.9499168975069252,0.9499168975069252,0.9499168975069252,0.9499168975069252,0.9499168975069252,0.9499168975069252,0.9499168975069252,0.9499168975069252,0.9499168975069252,0.9499168975069252,0.9499168975069252,0.9499168975069252,0.9499168975069252,0.9499168975069252,0.9499168975069252,0.9499168975069252,0.9499168975069252,0.9499168975069252,0.9499168975069252,0.9499168975069252,0.9499168975069252,0.9499168975069252,0.9499168975069252,0.9499168975069252,0.9499168975069252,0.9499168975069252,0.9499168975069252,0.9499168975069252,0.9499168975069252,0.9499168975069252,0.9499168975069252,0.9499168975069252,0.9499168975069252,0.9499168975069252,0.9499168975069252,0.9499168975069252,0.9499168975069252,0.9499168975069252,0.9499168975069252,0.9499168975069252,0.9499168975069252,0.9499168975069252,0.9499168975069252,0.9499168975069252,0.9499168975069252,0.9499168975069252,0.9499168975069252,0.9499168975069252,0.9499168975069252,0.9499168975069252,0.9499168975069252,0.9499168975069252,0.9499168975069252,0.9499168975069252,0.9499168975069252,0.9499168975069252,0.9499168975069252,0.9499168975069252,0.9499168975069252,0.9499168975069252,0.9499168975069252,0.9499168975069252,0.9499168975069252,0.9499168975069252,0.9499168975069252,0.9499168975069252,0.9499168975069252,0.9499168975069252,0.9499168975069252,0.9499168975069252,0.9499168975069252,0.9499168975069252,0.9499168975069252,0.9499168975069252,0.9499168975069252,0.9499168975069252,0.9499168975069252,0.9499168975069252,0.9499168975069252,0.9499168975069252,0.9499168975069252,0.9499168975069252,0.9499168975069252,0.9499168975069252,0.9499168975069252,0.9499168975069252,0.9499168975069252,0.9499168975069252,0.9499168975069252,0.9499168975069252,0.9499168975069252,0.9499168975069252,0.9499168975069252,0.9499168975069252,0.9499168975069252,0.9499168975069252,0.9499168975069252,0.9499168975069252,0.9499168975069252,0.9499168975069252,0.9499168975069252,0.9499168975069252,0.9499168975069252,0.9499168975069252,0.9499168975069252,0.9499168975069252,0.9499168975069252,0.9499168975069252,0.9499168975069252,0.9499168975069252,0.9499168975069252,0.9499168975069252,0.9499168975069252,0.9499168975069252,0.9499168975069252,0.9499168975069252,0.9499168975069252,0.9499168975069252,0.9499168975069252,0.9499168975069252,0.9499168975069252,0.9499168975069252,0.9499168975069252,0.9499168975069252,0.9499168975069252,0.9499168975069252,0.9499168975069252,0.9499168975069252,0.9499168975069252,0.9499168975069252,0.9499168975069252,0.9499168975069252,0.9499168975069252,0.9499168975069252,0.9499168975069252,0.9499168975069252,0.9499168975069252,0.9499168975069252,0.9499168975069252,0.9499168975069252,0.9499168975069252,0.9499168975069252,0.9499168975069252,0.9499168975069252,0.9499168975069252,0.9499168975069252,0.9499168975069252,0.9499168975069252,0.9499168975069252,0.9499168975069252,0.9499168975069252,0.9499168975069252,0.9499168975069252,0.9499168975069252,0.9499168975069252,0.9499168975069252,0.9499168975069252,0.9499168975069252,0.9499168975069252,0.9499168975069252,0.9499168975069252,0.9499168975069252,0.9499168975069252,0.9499168975069252,0.9499168975069252,0.9499168975069252,0.9499168975069252,0.9499168975069252,0.9499168975069252,0.9499168975069252,0.9499168975069252,0.9499168975069252,0.9499168975069252,0.9499168975069252,0.9499168975069252,0.9499168975069252,0.9499168975069252,0.9499168975069252,0.9499168975069252,0.9499168975069252,0.9499168975069252,0.9499168975069252,0.9499168975069252,0.9499168975069252,0.9499168975069252,0.9499168975069252,0.9499168975069252,0.9499168975069252,0.9499168975069252,0.9499168975069252,0.9499168975069252,0.9499168975069252,0.9499168975069252,0.9499168975069252,0.9499168975069252,0.9499168975069252,0.9499168975069252,0.9499168975069252,0.9499168975069252,0.9499168975069252,0.9499168975069252,0.9499168975069252,0.9499168975069252,0.9499168975069252,0.9499168975069252,0.9499168975069252,0.9499168975069252,0.9499168975069252,0.9499168975069252,0.9499168975069252,0.9499168975069252,0.9499168975069252,0.9499168975069252,0.9499168975069252,0.9499168975069252,0.9499168975069252,0.9499168975069252,0.9499168975069252,0.9499168975069252,0.9499168975069252,0.9499168975069252,0.9499168975069252,0.9499168975069252,0.9499168975069252,0.9499168975069252,0.9499168975069252,0.9499168975069252,0.9499168975069252,0.9499168975069252,0.9499168975069252,0.9499168975069252,0.9499168975069252,0.9499168975069252,0.9499168975069252,0.9499168975069252,0.9499168975069252,0.9499168975069252,0.9499168975069252,0.9499168975069252,0.9499168975069252,0.9499168975069252,0.9499168975069252,0.9499168975069252,0.9499168975069252,0.9499168975069252,0.9499168975069252,0.9499168975069252,0.9499168975069252,0.9499168975069252,0.9499168975069252,0.9499168975069252,0.9499168975069252,0.9499168975069252,0.9499168975069252,0.9499168975069252,0.9499168975069252,0.9499168975069252,0.9499168975069252,0.9499168975069252,0.9499168975069252,0.9499168975069252,0.9499168975069252,0.9499168975069252,0.9499168975069252,0.9499168975069252,0.9499168975069252,0.9499168975069252,0.9499168975069252,0.9499168975069252,0.9499168975069252,0.9499168975069252,0.9499168975069252,0.9499168975069252,0.9499168975069252,0.9499168975069252,0.9499168975069252,0.9499168975069252,0.9499168975069252,0.9499168975069252,0.9499168975069252,0.9499168975069252,0.9499168975069252,0.9499168975069252,0.9499168975069252,0.9499168975069252,0.9499168975069252,0.9499168975069252,0.9499168975069252,0.9499168975069252,0.9499168975069252,0.9499168975069252,0.9499168975069252,0.9499168975069252,0.9499168975069252,0.9499168975069252,0.9499168975069252,0.9499168975069252,0.9499168975069252,0.9499168975069252,0.9499168975069252,0.9499168975069252,0.9499168975069252,0.9499168975069252,0.9499168975069252,0.9499168975069252,0.9499168975069252,0.9499168975069252,0.9499168975069252,0.9499168975069252,0.9499168975069252,0.9499168975069252,0.9499168975069252,0.9499168975069252,0.9499168975069252,0.9499168975069252,0.9499168975069252,0.9499168975069252,0.9499168975069252,0.9499168975069252,0.9499168975069252,0.9499168975069252,0.9499168975069252,0.9499168975069252,0.9499168975069252,0.9499168975069252,0.9499168975069252,0.9499168975069252,0.9499168975069252,0.9499168975069252,0.9499168975069252,0.9499168975069252,0.9499168975069252,0.9499168975069252,0.9499168975069252,0.9499168975069252,0.9499168975069252,0.9499168975069252,0.9499168975069252,0.9499168975069252,0.9499168975069252,0.9499168975069252,0.9499168975069252,0.9499168975069252,0.9499168975069252,0.9499168975069252,0.9499168975069252,0.9499168975069252,0.9499168975069252,0.9499168975069252,0.9499168975069252,0.9499168975069252,0.9489196675900277,0.9485872576177286,0.9457063711911358,0.9490304709141274,0.9490304709141274,0.949584487534626,0.949584487534626,0.949584487534626,0.9486980609418283,0.9486980609418283,0.9461495844875346,0.9484764542936288,0.9484764542936288,0.9484764542936288,0.9484764542936288,0.947590027700831,0.947590027700831,0.9461495844875346,0.9484764542936288,0.9484764542936288,0.9484764542936288,0.9484764542936288,0.9484764542936288,0.9484764542936288,0.9484764542936288,0.9484764542936288,0.9484764542936288,0.9484764542936288,0.9484764542936288,0.9484764542936288,0.9484764542936288,0.9484764542936288,0.9484764542936288,0.9484764542936288,0.9484764542936288,0.9484764542936288,0.9484764542936288,0.9484764542936288,0.9484764542936288,0.9484764542936288,0.9484764542936288,0.9484764542936288,0.9484764542936288,0.9484764542936288,0.9484764542936288,0.9484764542936288,0.9484764542936288,0.9484764542936288,0.9484764542936288,0.9484764542936288,0.9484764542936288,0.9484764542936288,0.9484764542936288,0.9484764542936288,0.9484764542936288,0.9484764542936288,0.9484764542936288,0.9484764542936288,0.9484764542936288,0.9484764542936288,0.9484764542936288,0.9484764542936288,0.9484764542936288,0.9484764542936288,0.9484764542936288,0.9484764542936288,0.9484764542936288,0.9484764542936288,0.9484764542936288,0.9484764542936288,0.9484764542936288,0.9484764542936288,0.9484764542936288,0.9484764542936288,0.9484764542936288,0.9484764542936288,0.9484764542936288,0.9484764542936288,0.9484764542936288,0.9482548476454293,0.9482548476454293,0.9482548476454293,0.9484764542936288,0.9484764542936288,0.9484764542936288,0.9484764542936288,0.9484764542936288,0.9484764542936288,0.9484764542936288,0.9484764542936288,0.9484764542936288,0.9484764542936288,0.9484764542936288,0.9484764542936288,0.9484764542936288,0.9484764542936288,0.9484764542936288,0.9484764542936288,0.9484764542936288,0.9484764542936288,0.9484764542936288,0.9484764542936288,0.9484764542936288,0.9484764542936288,0.9484764542936288,0.9484764542936288,0.9484764542936288,0.9484764542936288,0.9484764542936288,0.9484764542936288,0.9484764542936288,0.9484764542936288,0.9484764542936288,0.9484764542936288,0.9484764542936288,0.9484764542936288,0.9484764542936288,0.9484764542936288,0.9484764542936288,0.9484764542936288,0.9484764542936288,0.9484764542936288,0.9484764542936288,0.9484764542936288,0.9484764542936288,0.9484764542936288,0.9484764542936288,0.9484764542936288,0.9484764542936288,0.9484764542936288,0.9484764542936288,0.9484764542936288,0.9484764542936288,0.9484764542936288,0.9484764542936288,0.9484764542936288,0.9484764542936288,0.9484764542936288,0.9484764542936288,0.9484764542936288,0.9484764542936288,0.9484764542936288,0.9484764542936288,0.9484764542936288,0.9484764542936288,0.9484764542936288,0.9484764542936288,0.9484764542936288,0.9484764542936288,0.9484764542936288,0.9484764542936288,0.9484764542936288,0.9484764542936288,0.9484764542936288,0.9484764542936288,0.9484764542936288,0.9484764542936288,0.9484764542936288,0.9484764542936288,0.9484764542936288,0.9484764542936288,0.9484764542936288,0.9484764542936288,0.9484764542936288,0.9484764542936288,0.9484764542936288,0.9484764542936288,0.9484764542936288,0.9484764542936288,0.9484764542936288,0.9484764542936288,0.9484764542936288,0.9484764542936288,0.9484764542936288,0.9484764542936288,0.9484764542936288,0.9484764542936288,0.9484764542936288,0.9484764542936288,0.9484764542936288,0.9484764542936288,0.9484764542936288,0.9484764542936288,0.9484764542936288,0.9484764542936288,0.9484764542936288,0.9484764542936288,0.9484764542936288,0.9484764542936288,0.9484764542936288,0.9484764542936288,0.9484764542936288,0.9484764542936288,0.9484764542936288,0.9484764542936288,0.9484764542936288,0.9484764542936288,0.9484764542936288,0.9484764542936288,0.9484764542936288,0.9484764542936288,0.9484764542936288,0.9484764542936288,0.9484764542936288,0.9484764542936288,0.9484764542936288,0.9484764542936288,0.9484764542936288,0.9484764542936288,0.9484764542936288,0.9484764542936288,0.9484764542936288,0.9484764542936288,0.9484764542936288,0.9484764542936288,0.9484764542936288,0.9484764542936288,0.9484764542936288,0.9484764542936288,0.9484764542936288,0.9484764542936288,0.9484764542936288,0.9484764542936288,0.9484764542936288,0.9484764542936288,0.9484764542936288,0.9484764542936288,0.9484764542936288,0.9484764542936288,0.9484764542936288,0.9484764542936288,0.9484764542936288,0.9484764542936288,0.9484764542936288,0.9484764542936288,0.9484764542936288,0.9484764542936288,0.9484764542936288,0.9484764542936288,0.9484764542936288,0.9484764542936288,0.9484764542936288,0.9484764542936288,0.9484764542936288,0.9484764542936288,0.9484764542936288,0.9484764542936288,0.9484764542936288,0.9484764542936288,0.9484764542936288,0.9484764542936288,0.9484764542936288,0.9484764542936288,0.9484764542936288,0.9484764542936288,0.9484764542936288,0.9484764542936288,0.9484764542936288,0.9484764542936288,0.9484764542936288,0.9484764542936288,0.9484764542936288,0.9484764542936288,0.9484764542936288,0.9484764542936288,0.9484764542936288,0.9484764542936288,0.9484764542936288,0.9484764542936288,0.9484764542936288,0.9484764542936288,0.9484764542936288,0.9484764542936288,0.9484764542936288,0.9484764542936288,0.9484764542936288,0.9484764542936288,0.9484764542936288,0.9484764542936288,0.9484764542936288,0.9484764542936288,0.9484764542936288,0.9484764542936288,0.9484764542936288,0.9484764542936288,0.9484764542936288,0.9484764542936288,0.9484764542936288,0.9484764542936288,0.9484764542936288,0.9484764542936288,0.9484764542936288,0.9484764542936288,0.9484764542936288,0.9484764542936288,0.9484764542936288,0.9484764542936288,0.9484764542936288,0.9484764542936288,0.9484764542936288,0.9484764542936288,0.9484764542936288,0.9484764542936288,0.9484764542936288,0.9484764542936288,0.9484764542936288,0.9484764542936288,0.9484764542936288,0.9484764542936288,0.9484764542936288,0.9484764542936288,0.9484764542936288,0.9484764542936288,0.9484764542936288,0.9484764542936288,0.9484764542936288,0.9484764542936288,0.9484764542936288,0.9484764542936288,0.9484764542936288,0.9484764542936288,0.9484764542936288,0.9486980609418283,0.9486980609418283,0.9486980609418283,0.9486980609418283,0.9486980609418283,0.9486980609418283,0.9486980609418283,0.9486980609418283,0.9486980609418283,0.9486980609418283,0.9486980609418283,0.9486980609418283,0.9486980609418283,0.9486980609418283,0.9486980609418283,0.9486980609418283,0.9486980609418283,0.9486980609418283,0.9486980609418283,0.9486980609418283,0.9486980609418283,0.9486980609418283,0.9486980609418283,0.9486980609418283,0.9486980609418283,0.9486980609418283,0.9486980609418283,0.9486980609418283,0.9486980609418283,0.9486980609418283,0.9486980609418283,0.9486980609418283,0.9486980609418283,0.9486980609418283,0.9486980609418283,0.9486980609418283,0.9486980609418283,0.9486980609418283,0.9486980609418283,0.9486980609418283,0.9486980609418283,0.9486980609418283,0.9486980609418283,0.9486980609418283,0.9486980609418283,0.9486980609418283,0.9486980609418283,0.9486980609418283,0.9486980609418283,0.9486980609418283,0.9486980609418283,0.9486980609418283,0.9486980609418283,0.9486980609418283,0.9486980609418283,0.9486980609418283,0.9486980609418283,0.9486980609418283,0.9486980609418283,0.9486980609418283,0.9486980609418283,0.9486980609418283,0.9486980609418283,0.9486980609418283,0.9486980609418283,0.9486980609418283,0.9486980609418283,0.9486980609418283,0.9486980609418283,0.9486980609418283,0.9486980609418283,0.9486980609418283,0.9486980609418283,0.9486980609418283,0.9486980609418283,0.9486980609418283,0.9486980609418283,0.9486980609418283,0.9486980609418283,0.9486980609418283,0.9486980609418283,0.9486980609418283,0.9486980609418283,0.9486980609418283,0.9486980609418283,0.9484764542936288,0.94803324099723,0.94803324099723,0.94803324099723,0.94803324099723,0.94803324099723,0.94803324099723,0.9489196675900277,0.9482548476454293,0.9482548476454293,0.9482548476454293,0.9482548476454293,0.9482548476454293,0.9482548476454293,0.9482548476454293,0.9482548476454293,0.9482548476454293,0.9482548476454293,0.9482548476454293,0.9482548476454293,0.9482548476454293,0.9482548476454293,0.9482548476454293,0.9482548476454293,0.9482548476454293,0.9482548476454293,0.9482548476454293,0.9482548476454293,0.9482548476454293,0.9482548476454293,0.9482548476454293,0.9482548476454293,0.9482548476454293,0.9482548476454293,0.9482548476454293,0.9482548476454293,0.9482548476454293,0.9482548476454293,0.9482548476454293,0.9482548476454293,0.9482548476454293,0.9482548476454293,0.9482548476454293,0.9482548476454293,0.9482548476454293,0.9482548476454293,0.9461495844875346,0.9457063711911358,0.947590027700831,0.94803324099723,0.9459279778393351,0.9465927977839336,0.9473684210526315,0.9463711911357341,0.9478116343490305,0.9478116343490305,0.9478116343490305,0.947590027700831,0.94803324099723,0.9478116343490305,0.9463711911357341,0.9407202216066483,0.9407202216066483,0.9407202216066483,0.9407202216066483,0.9464819944598338,0.9464819944598338,0.9400554016620498,0.934404432132964,0.9402770083102493,0.934404432132964,0.934404432132964,0.934404432132964,0.934404432132964,0.934404432132964,0.934404432132964,0.934404432132964,0.934404432132964,0.934404432132964,0.934404432132964,0.9437119113573407,0.9459279778393351,0.9461495844875346,0.9461495844875346,0.9461495844875346,0.9461495844875346,0.9461495844875346,0.9461495844875346,0.9461495844875346,0.9461495844875346,0.9461495844875346,0.9461495844875346,0.9461495844875346,0.9465927977839336,0.9463711911357341,0.9463711911357341,0.9463711911357341,0.9447091412742382,0.9465927977839336,0.9440443213296399,0.944819944598338,0.9472576177285319,0.9461495844875346,0.9461495844875346,0.9461495844875346,0.9457063711911358,0.9459279778393351,0.9444875346260387,0.9453739612188365,0.9453739612188365,0.9453739612188365,0.9453739612188365,0.9453739612188365,0.9453739612188365,0.9453739612188365,0.9453739612188365,0.9453739612188365,0.9453739612188365,0.945595567867036,0.9465927977839336,0.9465927977839336,0.9470360110803324,0.9470360110803324,0.9470360110803324,0.9470360110803324,0.9468144044321329,0.9472576177285319,0.9472576177285319,0.9472576177285319,0.9472576177285319,0.9470360110803324,0.9478116343490305,0.9470360110803324,0.9470360110803324,0.9470360110803324,0.9470360110803324,0.9468144044321329,0.9468144044321329,0.9461495844875346,0.9366204986149584,0.945595567867036,0.945595567867036,0.945595567867036,0.945595567867036,0.945595567867036,0.9454847645429363,0.944819944598338,0.944819944598338,0.944819944598338,0.9452631578947368,0.9452631578947368,0.9452631578947368,0.9452631578947368,0.9452631578947368,0.9452631578947368,0.9454847645429363,0.9454847645429363,0.944819944598338,0.944819944598338,0.9452631578947368,0.9452631578947368,0.9452631578947368,0.9452631578947368,0.9452631578947368,0.9453739612188365,0.943601108033241,0.9438227146814404,0.9438227146814404,0.9438227146814404,0.9438227146814404,0.9438227146814404,0.9449307479224377,0.9443767313019391,0.943601108033241,0.9441551246537396,0.9445983379501385,0.9445983379501385,0.9447091412742382,0.9445983379501385,0.9445983379501385,0.9445983379501385,0.9443767313019391,0.9442659279778394,0.9443767313019391,0.9445983379501385,0.9449307479224377,0.9439335180055402,0.944819944598338,0.9445983379501385,0.9445983379501385,0.9445983379501385,0.9445983379501385,0.9445983379501385,0.9449307479224377,0.9449307479224377,0.9445983379501385,0.944819944598338,0.9447091412742382,0.944819944598338,0.9444875346260387,0.944819944598338,0.9444875346260387,0.9444875346260387,0.9444875346260387,0.9441551246537396,0.9447091412742382,0.9447091412742382,0.9447091412742382,0.9447091412742382,0.9438227146814404,0.9443767313019391,0.9437119113573407,0.9444875346260387,0.9441551246537396,0.9440443213296399,0.9437119113573407,0.9437119113573407,0.9447091412742382,0.9437119113573407,0.9437119113573407,0.9444875346260387,0.9439335180055402,0.9444875346260387,0.9443767313019391,0.9443767313019391,0.9441551246537396,0.9441551246537396,0.9441551246537396,0.9441551246537396,0.9441551246537396,0.9444875346260387,0.9439335180055402,0.9441551246537396,0.9444875346260387,0.9444875346260387,0.9441551246537396,0.9441551246537396,0.9441551246537396,0.9444875346260387,0.9445983379501385,0.9443767313019391,0.944819944598338,0.9444875346260387,0.9445983379501385,0.9445983379501385,0.9445983379501385,0.9445983379501385,0.9445983379501385,0.9445983379501385,0.9445983379501385,0.9445983379501385,0.9445983379501385,0.9445983379501385,0.9445983379501385,0.9445983379501385,0.9447091412742382,0.9443767313019391,0.9443767313019391,0.9443767313019391,0.9443767313019391,0.9443767313019391,0.944819944598338,0.944819944598338,0.944819944598338,0.944819944598338,0.944819944598338,0.944819944598338,0.944819944598338,0.944819944598338,0.944819944598338,0.944819944598338,0.944819944598338,0.944819944598338,0.944819944598338,0.944819944598338,0.944819944598338,0.944819944598338,0.944819944598338,0.944819944598338,0.944819944598338,0.944819944598338,0.944819944598338,0.9447091412742382,0.944819944598338,0.944819944598338,0.944819944598338,0.944819944598338,0.944819944598338,0.9439335180055402,0.9434903047091413,0.9434903047091413,0.9434903047091413,0.9434903047091413,0.9434903047091413,0.9434903047091413,0.9434903047091413,0.9434903047091413,0.9434903047091413,0.9434903047091413,0.9434903047091413,0.9434903047091413,0.9434903047091413,0.9434903047091413,0.9434903047091413,0.9434903047091413,0.9434903047091413,0.9434903047091413,0.9434903047091413,0.9434903047091413,0.9434903047091413,0.9443767313019391,0.9443767313019391,0.9443767313019391,0.9445983379501385,0.9445983379501385,0.9433795013850416,0.9388365650969529,0.9427146814404432,0.9422714681440443,0.9397229916897507,0.9433795013850416,0.9429362880886426,0.9392797783933517,0.9422714681440443,0.9422714681440443,0.9422714681440443,0.9422714681440443,0.942382271468144,0.9422714681440443,0.9422714681440443,0.9422714681440443,0.9422714681440443,0.9422714681440443,0.9422714681440443,0.9422714681440443,0.9422714681440443,0.9438227146814404,0.9427146814404432,0.9422714681440443,0.9427146814404432,0.9408310249307479,0.9408310249307479,0.9412742382271468,0.9412742382271468,0.9410526315789474,0.9410526315789474,0.9409418282548476,0.9413850415512466,0.9413850415512466,0.9418282548476454,0.9418282548476454,0.9418282548476454,0.9418282548476454,0.9418282548476454,0.9418282548476454,0.941606648199446,0.9409418282548476,0.9409418282548476,0.9404986149584488,0.9404986149584488,0.9404986149584488,0.9404986149584488,0.9404986149584488,0.9404986149584488,0.9404986149584488,0.9404986149584488,0.9404986149584488,0.9407202216066483,0.9407202216066483,0.9407202216066483,0.9407202216066483,0.9407202216066483,0.9407202216066483,0.9407202216066483,0.9407202216066483,0.9407202216066483,0.9407202216066483,0.9407202216066483,0.9407202216066483,0.9407202216066483,0.9407202216066483,0.9408310249307479,0.9404986149584488,0.9404986149584488,0.9404986149584488,0.9402770083102493,0.9407202216066483,0.9407202216066483,0.9407202216066483,0.9404986149584488,0.9404986149584488,0.9404986149584488,0.9404986149584488,0.9404986149584488,0.9404986149584488,0.9404986149584488,0.9404986149584488,0.9404986149584488,0.9404986149584488,0.9404986149584488,0.9404986149584488,0.9398337950138504,0.9407202216066483,0.9406094182825485,0.9406094182825485,0.9406094182825485,0.9406094182825485,0.9406094182825485,0.9406094182825485,0.9408310249307479,0.9408310249307479,0.9408310249307479,0.9408310249307479,0.9408310249307479,0.9408310249307479,0.9408310249307479,0.9408310249307479,0.9408310249307479,0.9408310249307479,0.9408310249307479,0.9408310249307479,0.9408310249307479,0.9408310249307479,0.9408310249307479,0.9408310249307479,0.9408310249307479,0.9408310249307479,0.9408310249307479,0.9408310249307479,0.9408310249307479,0.9408310249307479,0.9408310249307479,0.9408310249307479,0.9408310249307479,0.9408310249307479,0.9408310249307479,0.9408310249307479,0.9408310249307479,0.9408310249307479,0.9408310249307479,0.9408310249307479,0.9408310249307479,0.9408310249307479,0.9408310249307479,0.9408310249307479,0.9408310249307479,0.9408310249307479,0.9408310249307479,0.9408310249307479,0.9408310249307479,0.9408310249307479,0.9408310249307479,0.9408310249307479,0.9408310249307479,0.9408310249307479,0.9408310249307479,0.9408310249307479,0.9408310249307479,0.9408310249307479,0.9414958448753462,0.9414958448753462,0.9414958448753462,0.941606648199446,0.9408310249307479,0.9420498614958449,0.9420498614958449,0.9418282548476454,0.9413850415512466,0.9406094182825485,0.9409418282548476,0.9411634349030471,0.9410526315789474,0.9410526315789474,0.9412742382271468,0.9412742382271468,0.9412742382271468,0.9412742382271468,0.9412742382271468,0.9412742382271468,0.9412742382271468,0.9414958448753462,0.9414958448753462,0.9414958448753462,0.9414958448753462,0.9414958448753462,0.9414958448753462,0.9414958448753462,0.9414958448753462,0.9414958448753462,0.9414958448753462,0.9414958448753462,0.9414958448753462,0.9414958448753462,0.9414958448753462,0.9414958448753462,0.9414958448753462,0.9414958448753462,0.9414958448753462,0.9414958448753462,0.9414958448753462,0.9414958448753462,0.9414958448753462,0.9414958448753462,0.9414958448753462,0.9414958448753462,0.9412742382271468,0.9412742382271468,0.9412742382271468,0.9412742382271468,0.9417174515235457,0.9417174515235457,0.9417174515235457,0.9417174515235457,0.9417174515235457,0.9411634349030471,0.9411634349030471,0.9411634349030471,0.9411634349030471,0.9411634349030471,0.9411634349030471,0.9411634349030471,0.9411634349030471,0.9411634349030471,0.9411634349030471,0.9411634349030471,0.9411634349030471,0.9411634349030471,0.9411634349030471,0.9411634349030471,0.9411634349030471,0.9411634349030471,0.9411634349030471,0.9411634349030471,0.9411634349030471,0.9411634349030471,0.9411634349030471,0.9411634349030471,0.9411634349030471,0.9411634349030471,0.9411634349030471,0.9411634349030471,0.9411634349030471,0.9411634349030471,0.9411634349030471,0.9411634349030471,0.9411634349030471,0.9411634349030471,0.9411634349030471,0.9411634349030471,0.9411634349030471,0.9411634349030471,0.9411634349030471,0.9411634349030471,0.9411634349030471,0.9411634349030471,0.9411634349030471,0.9411634349030471,0.9411634349030471,0.9411634349030471,0.9411634349030471,0.9411634349030471,0.9411634349030471,0.9411634349030471,0.9411634349030471,0.9411634349030471,0.9411634349030471,0.9411634349030471,0.9411634349030471,0.9411634349030471,0.9411634349030471,0.9411634349030471,0.9411634349030471,0.9411634349030471,0.9411634349030471,0.9411634349030471,0.9411634349030471,0.9411634349030471,0.9411634349030471,0.9411634349030471,0.9411634349030471,0.9411634349030471,0.9411634349030471,0.9411634349030471,0.9411634349030471,0.9411634349030471,0.9411634349030471,0.9411634349030471,0.9411634349030471,0.9411634349030471,0.9411634349030471,0.9411634349030471,0.9411634349030471,0.9411634349030471,0.9411634349030471,0.9411634349030471,0.9411634349030471,0.9411634349030471,0.9411634349030471,0.9411634349030471,0.9411634349030471,0.9411634349030471,0.9411634349030471,0.9411634349030471,0.9411634349030471,0.9411634349030471,0.9411634349030471,0.9411634349030471,0.9411634349030471,0.9411634349030471,0.9411634349030471,0.9409418282548476,0.9409418282548476,0.9409418282548476,0.9409418282548476,0.9409418282548476,0.9409418282548476,0.9409418282548476,0.9409418282548476,0.9409418282548476,0.9409418282548476,0.9409418282548476,0.9409418282548476,0.9409418282548476,0.9409418282548476,0.9409418282548476,0.9409418282548476,0.9409418282548476,0.9409418282548476,0.9409418282548476,0.9409418282548476,0.9409418282548476,0.9409418282548476,0.9409418282548476,0.9409418282548476,0.9409418282548476,0.9409418282548476,0.9409418282548476,0.9409418282548476,0.9409418282548476,0.9409418282548476,0.9409418282548476,0.9409418282548476,0.9409418282548476,0.9409418282548476,0.9409418282548476,0.9409418282548476,0.9409418282548476,0.9409418282548476,0.9409418282548476,0.9409418282548476,0.9409418282548476,0.9409418282548476,0.9409418282548476,0.9404986149584488,0.9414958448753462,0.9417174515235457,0.9412742382271468,0.9413850415512466,0.9413850415512466,0.9412742382271468,0.9417174515235457,0.9417174515235457,0.9412742382271468,0.9412742382271468,0.9412742382271468,0.9412742382271468,0.9412742382271468,0.9412742382271468,0.9412742382271468,0.9412742382271468,0.9412742382271468,0.9412742382271468,0.9412742382271468,0.9408310249307479,0.9408310249307479,0.9408310249307479,0.9417174515235457,0.9407202216066483,0.9417174515235457,0.9408310249307479,0.9406094182825485,0.940387811634349,0.9410526315789474,0.9404986149584488,0.9421606648199446,0.9421606648199446,0.9404986149584488,0.9408310249307479,0.9408310249307479,0.9407202216066483,0.9421606648199446,0.9408310249307479,0.9410526315789474,0.9410526315789474,0.9410526315789474,0.9410526315789474,0.9410526315789474,0.9410526315789474,0.9410526315789474,0.9410526315789474,0.9410526315789474,0.9410526315789474,0.9410526315789474,0.9410526315789474,0.9410526315789474,0.9410526315789474,0.9410526315789474,0.9410526315789474,0.9410526315789474,0.9410526315789474,0.9410526315789474,0.9410526315789474,0.9410526315789474,0.9410526315789474,0.9410526315789474,0.9410526315789474,0.9410526315789474,0.9410526315789474,0.9410526315789474,0.9410526315789474,0.9398337950138504,0.9398337950138504,0.9410526315789474,0.9410526315789474,0.9410526315789474,0.9410526315789474,0.9410526315789474,0.9410526315789474,0.9410526315789474,0.9410526315789474,0.9410526315789474,0.9410526315789474,0.9410526315789474,0.9410526315789474,0.9410526315789474,0.9410526315789474,0.9410526315789474,0.9410526315789474,0.9410526315789474,0.9410526315789474,0.9410526315789474,0.9410526315789474,0.9410526315789474,0.9410526315789474,0.9410526315789474,0.9410526315789474,0.9417174515235457,0.9400554016620498,0.9410526315789474,0.9402770083102493,0.941606648199446,0.9414958448753462,0.9414958448753462,0.9421606648199446,0.9413850415512466,0.9421606648199446,0.9414958448753462,0.9414958448753462,0.9414958448753462,0.941606648199446,0.9421606648199446,0.9421606648199446,0.9402770083102493,0.9402770083102493,0.9402770083102493,0.9402770083102493,0.9402770083102493,0.9402770083102493,0.9399445983379502,0.9399445983379502,0.9399445983379502,0.9399445983379502,0.9399445983379502,0.9399445983379502,0.9399445983379502,0.9399445983379502,0.9399445983379502,0.9399445983379502,0.9399445983379502,0.9399445983379502,0.9399445983379502,0.9399445983379502,0.9399445983379502,0.9399445983379502,0.9399445983379502,0.9399445983379502,0.9399445983379502,0.9399445983379502,0.9399445983379502,0.9399445983379502,0.9399445983379502,0.9399445983379502,0.9399445983379502,0.9399445983379502,0.9399445983379502,0.9399445983379502,0.9399445983379502,0.9399445983379502,0.9399445983379502,0.9399445983379502,0.9399445983379502,0.9399445983379502,0.9399445983379502,0.9399445983379502,0.9399445983379502,0.9399445983379502,0.9399445983379502,0.9399445983379502,0.9399445983379502,0.9399445983379502,0.9399445983379502,0.9399445983379502,0.9399445983379502,0.9399445983379502,0.9399445983379502,0.9399445983379502,0.9399445983379502,0.9399445983379502,0.9399445983379502,0.9399445983379502,0.9399445983379502,0.9399445983379502,0.9399445983379502,0.9399445983379502,0.9399445983379502,0.9399445983379502,0.9399445983379502,0.9406094182825485,0.9411634349030471,0.941606648199446,0.9397229916897507,0.9413850415512466,0.941606648199446,0.941606648199446,0.941606648199446,0.9413850415512466,0.9411634349030471,0.9401662049861496,0.9406094182825485,0.9411634349030471,0.941606648199446,0.9413850415512466,0.9413850415512466,0.9399445983379502,0.9401662049861496,0.9399445983379502,0.9413850415512466,0.940387811634349,0.940387811634349,0.940387811634349,0.940387811634349,0.940387811634349,0.940387811634349,0.940387811634349,0.9392797783933517,0.9414958448753462,0.9412742382271468,0.9414958448753462,0.9414958448753462,0.9413850415512466,0.9418282548476454,0.9420498614958449,0.9399445983379502,0.9399445983379502,0.9399445983379502,0.9399445983379502,0.9399445983379502,0.9414958448753462,0.9397229916897507,0.9397229916897507,0.9397229916897507,0.9397229916897507,0.9397229916897507,0.9397229916897507,0.9397229916897507,0.9397229916897507,0.9397229916897507,0.9397229916897507,0.9397229916897507,0.9397229916897507,0.9397229916897507,0.9397229916897507,0.9397229916897507,0.9397229916897507,0.9397229916897507,0.9397229916897507,0.9397229916897507,0.9397229916897507,0.9397229916897507,0.9397229916897507,0.9397229916897507,0.9397229916897507,0.9397229916897507,0.9397229916897507,0.9397229916897507,0.9397229916897507,0.9397229916897507,0.9397229916897507,0.9397229916897507,0.9397229916897507,0.9397229916897507,0.9397229916897507,0.9397229916897507,0.9397229916897507,0.9397229916897507,0.9397229916897507,0.9397229916897507,0.9397229916897507,0.9397229916897507,0.9397229916897507,0.9397229916897507,0.9397229916897507,0.9397229916897507,0.9397229916897507,0.9397229916897507,0.9397229916897507,0.9397229916897507,0.9397229916897507,0.9397229916897507,0.9397229916897507,0.9397229916897507,0.9397229916897507,0.9397229916897507,0.9397229916897507,0.9397229916897507,0.9397229916897507,0.9397229916897507,0.9397229916897507,0.9397229916897507,0.9397229916897507,0.9397229916897507,0.9397229916897507,0.9397229916897507,0.9397229916897507,0.9397229916897507,0.9397229916897507,0.9397229916897507,0.9397229916897507,0.9397229916897507,0.9397229916897507,0.9397229916897507,0.9397229916897507,0.9397229916897507,0.9397229916897507,0.9397229916897507,0.9397229916897507,0.9397229916897507,0.9397229916897507,0.9397229916897507,0.9397229916897507,0.9397229916897507,0.9397229916897507,0.9397229916897507,0.9397229916897507,0.9397229916897507,0.9397229916897507,0.9397229916897507,0.9397229916897507,0.9397229916897507,0.9397229916897507,0.9397229916897507,0.9397229916897507,0.9397229916897507,0.9397229916897507,0.9397229916897507,0.9397229916897507,0.9395013850415512,0.9395013850415512,0.9395013850415512,0.9395013850415512,0.9395013850415512,0.9395013850415512,0.940387811634349,0.940387811634349,0.940387811634349,0.940387811634349,0.940387811634349,0.9399445983379502,0.9399445983379502,0.9399445983379502,0.9399445983379502,0.9407202216066483,0.9399445983379502,0.9399445983379502,0.9399445983379502,0.9399445983379502,0.9418282548476454,0.9409418282548476,0.9409418282548476,0.940387811634349,0.9406094182825485,0.9418282548476454,0.9401662049861496,0.941606648199446,0.9402770083102493,0.9402770083102493,0.9409418282548476,0.9409418282548476,0.9406094182825485,0.9406094182825485,0.9406094182825485,0.9406094182825485,0.9406094182825485,0.9406094182825485,0.9406094182825485,0.9406094182825485,0.9406094182825485,0.9406094182825485,0.9406094182825485,0.9406094182825485,0.9406094182825485,0.9406094182825485,0.9406094182825485,0.9406094182825485,0.9406094182825485,0.9406094182825485,0.9406094182825485,0.9406094182825485,0.9406094182825485,0.9406094182825485,0.9406094182825485,0.9406094182825485,0.9406094182825485,0.9406094182825485,0.9406094182825485,0.9406094182825485,0.9406094182825485,0.9406094182825485,0.9406094182825485,0.9406094182825485,0.9406094182825485,0.9406094182825485,0.9406094182825485,0.9406094182825485,0.9406094182825485,0.9406094182825485,0.9406094182825485,0.9406094182825485,0.9406094182825485,0.9406094182825485,0.9406094182825485,0.9406094182825485,0.9406094182825485,0.9406094182825485,0.9406094182825485,0.9406094182825485,0.9406094182825485,0.9406094182825485,0.9406094182825485,0.9406094182825485,0.9406094182825485,0.9406094182825485,0.9406094182825485,0.9406094182825485,0.9406094182825485,0.9406094182825485,0.9406094182825485,0.9406094182825485,0.9406094182825485,0.9406094182825485,0.9406094182825485,0.9406094182825485,0.9406094182825485,0.9406094182825485,0.9406094182825485,0.9406094182825485,0.9406094182825485,0.9406094182825485,0.9406094182825485,0.9406094182825485,0.9406094182825485,0.9406094182825485,0.9406094182825485,0.9406094182825485,0.9406094182825485,0.9406094182825485,0.9406094182825485,0.9406094182825485,0.9406094182825485,0.9406094182825485,0.9406094182825485,0.9406094182825485,0.9406094182825485,0.9406094182825485,0.9406094182825485,0.9406094182825485,0.9406094182825485,0.9406094182825485,0.9406094182825485,0.9406094182825485,0.9406094182825485,0.9406094182825485,0.9406094182825485,0.9406094182825485,0.9406094182825485,0.9406094182825485,0.9406094182825485,0.9411634349030471,0.9411634349030471,0.9417174515235457,0.9417174515235457,0.9417174515235457,0.9417174515235457,0.9417174515235457,0.9417174515235457,0.9417174515235457,0.9417174515235457,0.9417174515235457,0.9417174515235457,0.9417174515235457,0.9417174515235457,0.9417174515235457,0.9417174515235457,0.9417174515235457,0.9417174515235457,0.9417174515235457,0.9417174515235457,0.9417174515235457,0.9417174515235457,0.9417174515235457,0.9417174515235457,0.9417174515235457,0.9417174515235457,0.9417174515235457,0.9417174515235457,0.9417174515235457,0.9417174515235457,0.9417174515235457,0.9417174515235457,0.9417174515235457,0.9417174515235457,0.9417174515235457,0.9417174515235457,0.9417174515235457,0.9417174515235457,0.9417174515235457,0.9417174515235457,0.9417174515235457,0.9417174515235457,0.9417174515235457,0.9417174515235457,0.9417174515235457,0.9417174515235457,0.9417174515235457,0.9417174515235457,0.9417174515235457,0.9417174515235457,0.9417174515235457,0.9417174515235457,0.9417174515235457,0.9417174515235457,0.9417174515235457,0.9417174515235457,0.9417174515235457,0.9417174515235457,0.9417174515235457,0.9417174515235457,0.9417174515235457,0.9417174515235457,0.9417174515235457,0.9417174515235457,0.9417174515235457,0.9417174515235457,0.9417174515235457,0.9417174515235457,0.9417174515235457,0.9417174515235457,0.9417174515235457,0.9417174515235457,0.9417174515235457,0.9417174515235457,0.9417174515235457,0.9417174515235457,0.9417174515235457,0.9417174515235457,0.9417174515235457,0.9417174515235457,0.9417174515235457,0.9417174515235457,0.9417174515235457,0.9417174515235457,0.9417174515235457,0.9417174515235457,0.9417174515235457,0.9417174515235457,0.9417174515235457,0.9417174515235457,0.9417174515235457,0.9417174515235457,0.9417174515235457,0.9417174515235457,0.9417174515235457,0.9417174515235457,0.9417174515235457,0.9417174515235457,0.9417174515235457,0.9417174515235457,0.9417174515235457,0.9417174515235457,0.9417174515235457,0.9417174515235457,0.9417174515235457,0.9417174515235457,0.9417174515235457,0.9417174515235457,0.9417174515235457,0.9417174515235457,0.9417174515235457,0.9417174515235457,0.9417174515235457,0.9417174515235457,0.9417174515235457,0.9417174515235457,0.9417174515235457,0.9417174515235457,0.9417174515235457,0.9417174515235457,0.9417174515235457,0.9417174515235457,0.9417174515235457,0.9417174515235457,0.9417174515235457,0.9417174515235457,0.9417174515235457,0.9417174515235457,0.9417174515235457,0.9417174515235457,0.9417174515235457,0.9417174515235457,0.9417174515235457,0.9417174515235457,0.9417174515235457,0.9412742382271468,0.9412742382271468,0.9412742382271468,0.9412742382271468,0.9412742382271468,0.9413850415512466,0.9422714681440443,0.9408310249307479,0.9408310249307479,0.9407202216066483,0.9407202216066483,0.9407202216066483,0.9407202216066483,0.9407202216066483,0.9407202216066483,0.9407202216066483,0.9407202216066483,0.9407202216066483,0.9407202216066483,0.9407202216066483,0.9407202216066483,0.9407202216066483,0.9407202216066483,0.9407202216066483,0.9407202216066483,0.9407202216066483,0.9407202216066483,0.9407202216066483,0.9407202216066483,0.9407202216066483,0.9407202216066483,0.9407202216066483,0.9407202216066483,0.9407202216066483,0.9407202216066483,0.9407202216066483,0.9407202216066483,0.9407202216066483,0.9407202216066483,0.9404986149584488,0.9404986149584488,0.9404986149584488,0.9404986149584488,0.9404986149584488,0.9404986149584488,0.9404986149584488,0.9404986149584488,0.9404986149584488,0.9404986149584488,0.9404986149584488,0.9404986149584488,0.9404986149584488,0.9404986149584488,0.9404986149584488,0.9404986149584488,0.9404986149584488,0.9404986149584488,0.9404986149584488,0.9404986149584488,0.9404986149584488,0.9404986149584488,0.9404986149584488,0.9404986149584488,0.9404986149584488,0.9404986149584488,0.9404986149584488,0.9404986149584488,0.9404986149584488,0.9404986149584488,0.9404986149584488,0.9404986149584488,0.9419390581717452,0.9419390581717452,0.9419390581717452,0.9419390581717452,0.9419390581717452,0.9419390581717452,0.9419390581717452,0.9419390581717452,0.9419390581717452,0.9419390581717452,0.9419390581717452,0.9419390581717452,0.9419390581717452,0.9419390581717452,0.9419390581717452,0.9419390581717452,0.9419390581717452,0.9419390581717452,0.9419390581717452,0.9419390581717452,0.9419390581717452,0.9419390581717452,0.9419390581717452,0.9419390581717452,0.9419390581717452,0.9419390581717452,0.9419390581717452,0.9419390581717452,0.9419390581717452,0.9419390581717452,0.9419390581717452,0.9419390581717452,0.9419390581717452,0.9419390581717452,0.9419390581717452,0.9419390581717452,0.9419390581717452,0.9419390581717452,0.9419390581717452,0.9419390581717452,0.9419390581717452,0.9419390581717452,0.9419390581717452,0.9419390581717452,0.9419390581717452,0.9419390581717452,0.9419390581717452,0.9419390581717452,0.9419390581717452,0.9419390581717452,0.9419390581717452,0.9419390581717452,0.9419390581717452,0.9419390581717452,0.9419390581717452,0.9419390581717452,0.9419390581717452,0.9419390581717452,0.9419390581717452,0.9419390581717452,0.9419390581717452,0.9419390581717452,0.9419390581717452,0.9419390581717452,0.9419390581717452,0.9419390581717452,0.9419390581717452,0.9419390581717452,0.9419390581717452,0.9419390581717452,0.9419390581717452,0.9419390581717452,0.9419390581717452,0.9419390581717452,0.9419390581717452,0.9419390581717452,0.9419390581717452,0.9419390581717452,0.9419390581717452,0.9419390581717452,0.9419390581717452,0.9419390581717452,0.9419390581717452,0.9419390581717452,0.9419390581717452,0.9419390581717452,0.9419390581717452,0.9419390581717452,0.9419390581717452,0.9419390581717452,0.9419390581717452,0.9419390581717452,0.9419390581717452,0.9419390581717452,0.9419390581717452,0.9419390581717452,0.9419390581717452,0.9419390581717452,0.9419390581717452,0.9419390581717452,0.9419390581717452,0.9419390581717452,0.9419390581717452,0.9419390581717452,0.9419390581717452,0.9419390581717452,0.9419390581717452,0.9419390581717452,0.9419390581717452,0.9419390581717452,0.9419390581717452,0.9419390581717452,0.9419390581717452,0.9419390581717452,0.9419390581717452,0.9419390581717452,0.9419390581717452,0.9419390581717452,0.9419390581717452,0.9419390581717452,0.9419390581717452,0.9419390581717452,0.9419390581717452,0.9419390581717452,0.9419390581717452,0.9419390581717452,0.9419390581717452,0.9419390581717452,0.9419390581717452,0.9419390581717452,0.9419390581717452,0.9419390581717452,0.9419390581717452,0.9419390581717452,0.9419390581717452,0.9419390581717452,0.9419390581717452,0.9419390581717452,0.9419390581717452,0.9419390581717452,0.9419390581717452,0.9419390581717452,0.9419390581717452,0.9419390581717452,0.9419390581717452,0.9419390581717452,0.9419390581717452,0.9419390581717452,0.9419390581717452,0.9419390581717452,0.9419390581717452,0.9419390581717452,0.9419390581717452,0.9419390581717452,0.9419390581717452,0.9419390581717452,0.9419390581717452,0.9419390581717452,0.9419390581717452,0.9419390581717452,0.9419390581717452,0.9419390581717452,0.9419390581717452,0.9419390581717452,0.9419390581717452,0.9419390581717452,0.9419390581717452,0.9419390581717452,0.9419390581717452,0.9419390581717452,0.9419390581717452,0.9419390581717452,0.9419390581717452,0.9419390581717452,0.9419390581717452,0.9419390581717452,0.9419390581717452,0.9419390581717452,0.9419390581717452,0.9419390581717452,0.9419390581717452,0.9419390581717452,0.9419390581717452,0.9419390581717452,0.9419390581717452,0.9419390581717452,0.9419390581717452,0.9419390581717452,0.9419390581717452,0.9419390581717452,0.9419390581717452,0.9419390581717452,0.9419390581717452,0.9419390581717452,0.9419390581717452,0.9419390581717452,0.9419390581717452,0.9419390581717452,0.9419390581717452,0.9419390581717452,0.9419390581717452,0.9419390581717452,0.9419390581717452,0.9419390581717452,0.9419390581717452,0.9419390581717452,0.9419390581717452,0.9419390581717452,0.9419390581717452,0.9419390581717452,0.9419390581717452,0.9419390581717452,0.9419390581717452,0.9419390581717452,0.9419390581717452,0.9419390581717452,0.9419390581717452,0.9419390581717452,0.9419390581717452,0.9419390581717452,0.9419390581717452,0.9419390581717452,0.9419390581717452,0.9419390581717452,0.9419390581717452,0.9419390581717452,0.9419390581717452,0.9419390581717452,0.9419390581717452,0.9419390581717452,0.9419390581717452,0.9419390581717452,0.9419390581717452,0.9419390581717452,0.9419390581717452,0.9419390581717452,0.9419390581717452,0.9419390581717452,0.9419390581717452,0.9419390581717452,0.9419390581717452,0.9419390581717452,0.9419390581717452,0.9419390581717452,0.9419390581717452,0.9419390581717452,0.9419390581717452,0.9419390581717452,0.9419390581717452,0.9419390581717452,0.9419390581717452,0.9419390581717452,0.9419390581717452,0.9419390581717452,0.9419390581717452,0.9419390581717452,0.9419390581717452,0.9419390581717452,0.9419390581717452,0.9417174515235457,0.9417174515235457,0.9417174515235457,0.9417174515235457,0.9417174515235457,0.9417174515235457,0.9417174515235457,0.9417174515235457,0.9417174515235457,0.9417174515235457,0.9417174515235457,0.9417174515235457,0.9417174515235457,0.9417174515235457,0.9417174515235457,0.9417174515235457,0.9417174515235457,0.9417174515235457,0.9417174515235457,0.9417174515235457,0.9417174515235457,0.9417174515235457,0.9417174515235457,0.9417174515235457,0.9417174515235457,0.9417174515235457,0.9417174515235457,0.9417174515235457,0.9417174515235457,0.9417174515235457,0.9417174515235457,0.9417174515235457,0.9417174515235457,0.9417174515235457,0.9417174515235457,0.9417174515235457,0.9417174515235457,0.9417174515235457,0.9417174515235457,0.9417174515235457,0.9417174515235457,0.9417174515235457,0.9417174515235457,0.9417174515235457,0.9417174515235457,0.9417174515235457,0.9417174515235457,0.9417174515235457,0.9417174515235457,0.9417174515235457,0.9417174515235457,0.9417174515235457,0.9417174515235457,0.9417174515235457,0.9417174515235457,0.9417174515235457,0.9417174515235457,0.9417174515235457,0.9417174515235457,0.9417174515235457,0.9417174515235457,0.9417174515235457,0.9417174515235457,0.9417174515235457,0.9417174515235457,0.9417174515235457,0.9417174515235457,0.9417174515235457,0.9417174515235457,0.9417174515235457,0.9417174515235457,0.9417174515235457,0.9417174515235457,0.9417174515235457,0.9417174515235457,0.9417174515235457,0.9417174515235457,0.9417174515235457,0.9417174515235457,0.9417174515235457,0.9417174515235457,0.9417174515235457,0.9417174515235457,0.9417174515235457,0.9417174515235457,0.9417174515235457,0.9417174515235457,0.9417174515235457,0.9417174515235457,0.9417174515235457,0.9417174515235457,0.9417174515235457,0.9417174515235457,0.9417174515235457,0.9417174515235457,0.9417174515235457,0.9417174515235457,0.9417174515235457,0.9417174515235457,0.9417174515235457,0.9417174515235457,0.9417174515235457,0.9417174515235457,0.9417174515235457,0.9417174515235457,0.9417174515235457,0.9417174515235457,0.9417174515235457,0.9417174515235457,0.9417174515235457,0.9417174515235457,0.9417174515235457,0.9417174515235457,0.9417174515235457,0.9417174515235457,0.9417174515235457,0.9417174515235457,0.9417174515235457,0.9417174515235457,0.9417174515235457,0.9417174515235457,0.9417174515235457,0.9417174515235457,0.9417174515235457,0.9417174515235457,0.9417174515235457,0.9417174515235457,0.9417174515235457,0.9417174515235457,0.9417174515235457,0.9417174515235457,0.9417174515235457,0.9417174515235457,0.9417174515235457,0.9417174515235457,0.9417174515235457,0.9417174515235457,0.9417174515235457,0.9417174515235457,0.9417174515235457,0.9417174515235457,0.9417174515235457,0.9417174515235457,0.9417174515235457,0.9417174515235457,0.9417174515235457,0.9417174515235457,0.9417174515235457,0.9417174515235457,0.9417174515235457,0.9417174515235457,0.9417174515235457,0.9417174515235457,0.9417174515235457,0.9417174515235457,0.9417174515235457,0.9417174515235457,0.9417174515235457,0.9417174515235457,0.9417174515235457,0.9417174515235457,0.9417174515235457,0.9417174515235457,0.9417174515235457,0.9417174515235457,0.9417174515235457,0.9417174515235457,0.9417174515235457,0.9417174515235457,0.9417174515235457,0.9417174515235457,0.9417174515235457,0.9417174515235457,0.9417174515235457,0.9417174515235457,0.9417174515235457,0.9417174515235457,0.9417174515235457,0.9417174515235457,0.9417174515235457,0.9417174515235457,0.9417174515235457,0.9417174515235457,0.9417174515235457,0.9417174515235457,0.9417174515235457,0.9417174515235457,0.9417174515235457,0.9417174515235457,0.9417174515235457,0.9417174515235457,0.9417174515235457,0.9417174515235457,0.9417174515235457,0.9417174515235457,0.9417174515235457,0.9417174515235457,0.9417174515235457,0.9417174515235457,0.9417174515235457,0.9417174515235457,0.9417174515235457,0.9417174515235457,0.9417174515235457,0.9417174515235457,0.9417174515235457,0.9417174515235457,0.9417174515235457,0.9417174515235457,0.9417174515235457,0.9417174515235457,0.9417174515235457,0.9417174515235457,0.9417174515235457,0.9417174515235457,0.9417174515235457,0.9417174515235457,0.9417174515235457,0.9417174515235457,0.9417174515235457,0.9417174515235457,0.9417174515235457,0.9417174515235457,0.9417174515235457,0.9417174515235457,0.9417174515235457,0.9417174515235457,0.9417174515235457,0.9417174515235457,0.9417174515235457,0.9417174515235457,0.9417174515235457,0.9417174515235457,0.9417174515235457,0.9417174515235457,0.9417174515235457,0.9417174515235457,0.9417174515235457,0.9417174515235457,0.9417174515235457,0.9417174515235457,0.9417174515235457,0.9417174515235457,0.9417174515235457,0.9417174515235457,0.9417174515235457,0.9417174515235457,0.9417174515235457,0.9417174515235457,0.9417174515235457,0.9417174515235457,0.9417174515235457,0.9417174515235457,0.9417174515235457,0.9417174515235457,0.9417174515235457,0.9417174515235457,0.9417174515235457,0.9417174515235457,0.9417174515235457,0.9417174515235457,0.9417174515235457,0.9417174515235457,0.9417174515235457,0.9417174515235457,0.9417174515235457,0.9417174515235457,0.9417174515235457,0.9417174515235457,0.9417174515235457,0.9417174515235457,0.9417174515235457,0.9417174515235457,0.9417174515235457,0.9417174515235457,0.9417174515235457,0.9417174515235457,0.9417174515235457,0.9417174515235457,0.9417174515235457,0.9417174515235457,0.9417174515235457,0.9417174515235457,0.9417174515235457,0.9417174515235457,0.9417174515235457,0.9417174515235457,0.9417174515235457,0.9417174515235457,0.9417174515235457,0.9417174515235457,0.9417174515235457,0.9417174515235457,0.9417174515235457,0.9417174515235457,0.9417174515235457,0.9417174515235457,0.9417174515235457,0.9417174515235457,0.9417174515235457,0.9417174515235457,0.9417174515235457,0.9417174515235457,0.9417174515235457,0.9417174515235457,0.9417174515235457,0.9417174515235457,0.9417174515235457,0.9417174515235457,0.9417174515235457,0.9417174515235457,0.9417174515235457,0.9417174515235457,0.9417174515235457,0.9417174515235457,0.9417174515235457,0.9417174515235457,0.9417174515235457,0.9417174515235457,0.9417174515235457,0.9417174515235457,0.9417174515235457,0.9417174515235457,0.9417174515235457,0.9417174515235457,0.9417174515235457,0.9417174515235457,0.9417174515235457,0.9417174515235457,0.9417174515235457,0.9417174515235457,0.9417174515235457,0.9417174515235457,0.9417174515235457,0.9417174515235457,0.9417174515235457,0.9417174515235457,0.9417174515235457,0.9417174515235457,0.9417174515235457,0.9417174515235457,0.9417174515235457,0.9417174515235457,0.9417174515235457,0.9417174515235457,0.9417174515235457,0.9417174515235457,0.9417174515235457,0.9417174515235457,0.9417174515235457,0.9417174515235457,0.9417174515235457,0.9417174515235457,0.9417174515235457,0.9417174515235457,0.9417174515235457,0.9417174515235457,0.9417174515235457,0.9417174515235457,0.9417174515235457,0.9417174515235457,0.9417174515235457,0.9417174515235457,0.9417174515235457,0.9417174515235457,0.9417174515235457,0.9417174515235457,0.9417174515235457,0.9417174515235457,0.9417174515235457,0.9417174515235457,0.9417174515235457,0.9417174515235457,0.9417174515235457,0.9417174515235457,0.9417174515235457,0.9417174515235457,0.9417174515235457,0.9417174515235457,0.9417174515235457,0.9417174515235457,0.9417174515235457,0.9417174515235457,0.9417174515235457,0.9417174515235457,0.9417174515235457,0.9417174515235457,0.9417174515235457,0.9417174515235457,0.9417174515235457,0.9417174515235457,0.9417174515235457,0.9417174515235457,0.9417174515235457,0.9417174515235457,0.9417174515235457,0.9417174515235457,0.9417174515235457,0.9417174515235457,0.9417174515235457,0.9417174515235457,0.9417174515235457,0.9417174515235457,0.9417174515235457,0.9417174515235457,0.9417174515235457,0.9417174515235457,0.9417174515235457,0.9417174515235457,0.9417174515235457,0.9417174515235457,0.9417174515235457,0.9417174515235457,0.9417174515235457,0.9417174515235457,0.9417174515235457,0.9417174515235457,0.9417174515235457,0.9417174515235457,0.9417174515235457,0.9417174515235457,0.9417174515235457,0.9417174515235457,0.9417174515235457,0.9417174515235457,0.9417174515235457,0.9417174515235457,0.9417174515235457,0.9417174515235457,0.9417174515235457,0.9417174515235457,0.9417174515235457,0.9417174515235457,0.9417174515235457,0.9417174515235457,0.9417174515235457,0.9417174515235457,0.9417174515235457,0.9417174515235457,0.9417174515235457,0.9417174515235457,0.9417174515235457,0.9417174515235457,0.9417174515235457,0.9417174515235457,0.9417174515235457,0.9417174515235457,0.9417174515235457,0.9417174515235457,0.9417174515235457,0.9417174515235457,0.9417174515235457,0.9417174515235457,0.9417174515235457,0.9417174515235457,0.9417174515235457,0.9417174515235457,0.9417174515235457,0.9417174515235457,0.9417174515235457,0.9417174515235457,0.9417174515235457,0.9417174515235457
1.0,1.0,1.0,1.0,1.0,1.0,1.0,1.0,1.0,1.0,1.0,1.0,1.0,1.0,1.0,1.0,1.0,1.0,1.0,1.0,1.0,1.0,1.0,1.0,1.0,1.0,1.0,1.0,1.0,1.0,1.0,1.0,1.0,1.0,1.0,1.0,1.0,1.0,1.0,1.0,1.0,1.0,1.0,1.0,1.0,1.0,1.0,1.0,1.0,1.0,1.0,1.0,1.0,1.0,1.0,1.0,1.0,1.0,1.0,1.0,1.0,1.0,1.0,1.0,1.0,1.0,1.0,1.0,1.0,1.0,1.0,1.0,1.0,1.0,1.0,1.0,1.0,1.0,1.0,1.0,1.0,1.0,1.0,1.0,1.0,1.0,1.0,1.0,1.0,1.0,1.0,1.0,1.0,1.0,1.0,1.0,1.0,1.0,1.0,1.0,1.0,1.0,1.0,1.0,1.0,1.0,1.0,1.0,1.0,1.0,1.0,1.0,1.0,1.0,1.0,1.0,1.0,1.0,1.0,1.0,1.0,1.0,1.0,1.0,1.0,1.0,1.0,1.0,1.0,1.0,1.0,1.0,1.0,1.0,1.0,1.0,1.0,1.0,1.0,1.0,1.0,1.0,1.0,1.0,1.0,1.0,1.0,1.0,1.0,1.0,1.0,1.0,1.0,1.0,1.0,1.0,1.0,1.0,1.0,1.0,1.0,1.0,1.0,1.0,1.0,1.0,1.0,1.0,1.0,1.0,1.0,1.0,1.0,1.0,1.0,1.0,1.0,1.0,1.0,1.0,1.0,1.0,1.0,1.0,1.0,1.0,1.0,1.0,1.0,1.0,1.0,1.0,1.0,1.0,1.0,1.0,1.0,1.0,1.0,1.0,1.0,1.0,1.0,1.0,1.0,1.0,1.0,1.0,1.0,1.0,1.0,1.0,1.0,1.0,1.0,1.0,1.0,1.0,1.0,1.0,1.0,1.0,1.0,1.0,1.0,1.0,1.0,1.0,1.0,1.0,1.0,1.0,1.0,1.0,1.0,1.0,1.0,1.0,1.0,1.0,1.0,1.0,1.0,1.0,1.0,1.0,1.0,1.0,1.0,1.0,1.0,1.0,1.0,1.0,1.0,1.0,1.0,1.0,1.0,1.0,1.0,1.0,1.0,1.0,1.0,1.0,1.0,1.0,1.0,1.0,1.0,1.0,1.0,1.0,1.0,1.0,1.0,1.0,1.0,1.0,1.0,1.0,1.0,1.0,1.0,1.0,1.0,0.9995567867036012,0.9995567867036012,0.9995567867036012,0.9995567867036012,0.9995567867036012,0.9995567867036012,0.9995567867036012,0.9995567867036012,0.9995567867036012,0.9995567867036012,0.9995567867036012,0.9995567867036012,0.9995567867036012,0.9995567867036012,0.9995567867036012,0.9995567867036012,0.9995567867036012,0.9995567867036012,0.9995567867036012,0.9995567867036012,0.9995567867036012,0.9995567867036012,0.9995567867036012,0.9995567867036012,0.9995567867036012,0.9995567867036012,0.9995567867036012,0.9995567867036012,0.9995567867036012,0.9995567867036012,0.9995567867036012,0.9995567867036012,0.9995567867036012,0.9995567867036012,0.9995567867036012,0.9995567867036012,0.9995567867036012,0.9995567867036012,0.9995567867036012,0.9995567867036012,0.9995567867036012,0.9995567867036012,0.9995567867036012,0.9995567867036012,0.9995567867036012,0.9995567867036012,0.9995567867036012,0.9995567867036012,0.9995567867036012,0.9995567867036012,0.9995567867036012,0.9995567867036012,0.9995567867036012,0.9995567867036012,0.9995567867036012,0.9995567867036012,0.9995567867036012,0.9995567867036012,0.9995567867036012,0.9995567867036012,0.9995567867036012,0.9995567867036012,0.9995567867036012,0.9995567867036012,0.9995567867036012,0.9995567867036012,0.9995567867036012,0.9995567867036012,0.9995567867036012,0.9995567867036012,0.9995567867036012,0.9995567867036012,0.9995567867036012,0.9995567867036012,0.9995567867036012,0.9995567867036012,0.9995567867036012,0.9995567867036012,0.9995567867036012,0.9995567867036012,0.9995567867036012,0.9995567867036012,0.9995567867036012,0.9995567867036012,0.9995567867036012,0.9995567867036012,0.9995567867036012,0.9995567867036012,0.9995567867036012,0.9995567867036012,0.9995567867036012,0.9995567867036012,0.9995567867036012,0.9995567867036012,0.9995567867036012,0.9995567867036012,0.9995567867036012,0.9995567867036012,0.9995567867036012,0.9995567867036012,0.9995567867036012,0.9995567867036012,0.9995567867036012,0.9995567867036012,0.9995567867036012,0.9995567867036012,0.9995567867036012,0.9995567867036012,0.9995567867036012,0.9995567867036012,0.9995567867036012,0.9995567867036012,0.9995567867036012,0.9995567867036012,0.9995567867036012,0.9995567867036012,0.9995567867036012,0.9995567867036012,0.9995567867036012,0.9995567867036012,0.9995567867036012,0.9995567867036012,0.9995567867036012,0.9995567867036012,0.9995567867036012,0.9995567867036012,0.9995567867036012,0.9995567867036012,0.9995567867036012,0.9995567867036012,0.9995567867036012,0.9995567867036012,0.9995567867036012,0.9995567867036012,0.9995567867036012,0.9995567867036012,0.9995567867036012,0.9995567867036012,0.9995567867036012,0.9995567867036012,0.9995567867036012,0.9995567867036012,0.9995567867036012,0.9995567867036012,0.9995567867036012,0.9995567867036012,0.9995567867036012,0.9995567867036012,0.9995567867036012,0.9995567867036012,0.9995567867036012,0.9995567867036012,0.9995567867036012,0.9995567867036012,0.9995567867036012,0.9995567867036012,0.9995567867036012,0.9995567867036012,0.9995567867036012,0.9995567867036012,0.9995567867036012,0.9995567867036012,0.9995567867036012,0.9995567867036012,0.9995567867036012,0.9995567867036012,0.9995567867036012,0.9995567867036012,0.9995567867036012,0.9995567867036012,0.9995567867036012,0.9995567867036012,0.9995567867036012,0.9995567867036012,0.9995567867036012,0.9995567867036012,0.9995567867036012,0.9995567867036012,0.9995567867036012,0.9995567867036012,0.9995567867036012,0.9995567867036012,0.9995567867036012,0.9995567867036012,0.9995567867036012,0.9995567867036012,0.9995567867036012,0.9995567867036012,0.9995567867036012,0.9995567867036012,0.9995567867036012,0.9995567867036012,0.9995567867036012,0.9995567867036012,0.9995567867036012,0.9995567867036012,0.9995567867036012,0.9995567867036012,0.9995567867036012,0.9995567867036012,0.9995567867036012,0.9995567867036012,0.9995567867036012,0.9995567867036012,0.9995567867036012,0.9995567867036012,0.9995567867036012,0.9995567867036012,0.9995567867036012,0.9995567867036012,0.9995567867036012,0.9995567867036012,0.9995567867036012,0.9995567867036012,0.9995567867036012,0.9995567867036012,0.9995567867036012,0.9995567867036012,0.9995567867036012,0.9995567867036012,0.9995567867036012,0.9995567867036012,0.9995567867036012,0.9995567867036012,0.9995567867036012,0.9995567867036012,0.9995567867036012,0.9995567867036012,0.9995567867036012,0.9995567867036012,0.9995567867036012,0.9995567867036012,0.9995567867036012,0.9995567867036012,0.9995567867036012,0.9995567867036012,0.9995567867036012,0.9995567867036012,0.9995567867036012,0.9995567867036012,0.9995567867036012,0.9995567867036012,0.9995567867036012,0.9995567867036012,0.9995567867036012,0.9995567867036012,0.9995567867036012,0.9995567867036012,0.9995567867036012,0.9995567867036012,0.9995567867036012,0.9977839335180055,0.9977839335180055,0.9977839335180055,0.9977839335180055,0.9977839335180055,0.9977839335180055,0.9977839335180055,0.9977839335180055,0.9977839335180055,0.9977839335180055,0.9977839335180055,0.9977839335180055,0.9977839335180055,0.9977839335180055,0.9977839335180055,0.9977839335180055,0.9977839335180055,0.998005540166205,0.998005540166205,0.998005540166205,0.9953462603878116,0.9953462603878116,0.9953462603878116,0.9952354570637119,0.9939058171745152,0.9953462603878116,0.9953462603878116,0.9953462603878116,0.9953462603878116,0.9951246537396122,0.9944598337950139,0.9944598337950139,0.9944598337950139,0.9945706371191135,0.9910249307479224,0.9921329639889197,0.9918005540166205,0.9909141274238227,0.9914681440443214,0.9914681440443214,0.9914681440443214,0.9914681440443214,0.9914681440443214,0.9914681440443214,0.9914681440443214,0.9914681440443214,0.9914681440443214,0.9914681440443214,0.9914681440443214,0.9914681440443214,0.9914681440443214,0.9914681440443214,0.9914681440443214,0.9914681440443214,0.9914681440443214,0.9914681440443214,0.9914681440443214,0.9914681440443214,0.9914681440443214,0.9914681440443214,0.9914681440443214,0.9914681440443214,0.9914681440443214,0.9914681440443214,0.9914681440443214,0.9914681440443214,0.9914681440443214,0.9914681440443214,0.9914681440443214,0.9914681440443214,0.9914681440443214,0.9914681440443214,0.9914681440443214,0.9914681440443214,0.9914681440443214,0.9914681440443214,0.9914681440443214,0.992797783933518,0.992797783933518,0.9908033240997229,0.9908033240997229,0.9908033240997229,0.9908033240997229,0.9908033240997229,0.9908033240997229,0.9908033240997229,0.9908033240997229,0.9908033240997229,0.9908033240997229,0.9908033240997229,0.9908033240997229,0.9908033240997229,0.9908033240997229,0.9908033240997229,0.9908033240997229,0.9908033240997229,0.9908033240997229,0.9908033240997229,0.9908033240997229,0.9908033240997229,0.9908033240997229,0.9908033240997229,0.9908033240997229,0.9908033240997229,0.9908033240997229,0.9908033240997229,0.9908033240997229,0.9908033240997229,0.9908033240997229,0.9908033240997229,0.9908033240997229,0.9878116343490305,0.9894736842105263,0.9894736842105263,0.9894736842105263,0.9894736842105263,0.9894736842105263,0.9894736842105263,0.9894736842105263,0.9894736842105263,0.9894736842105263,0.9894736842105263,0.9894736842105263,0.9894736842105263,0.9894736842105263,0.9894736842105263,0.9894736842105263,0.9894736842105263,0.9894736842105263,0.9894736842105263,0.9894736842105263,0.9894736842105263,0.9894736842105263,0.9894736842105263,0.9894736842105263,0.9894736842105263,0.9894736842105263,0.9894736842105263,0.9894736842105263,0.9894736842105263,0.9894736842105263,0.9894736842105263,0.9894736842105263,0.9894736842105263,0.9894736842105263,0.9894736842105263,0.9894736842105263,0.9894736842105263,0.9894736842105263,0.9894736842105263,0.9894736842105263,0.9894736842105263,0.9894736842105263,0.9894736842105263,0.9894736842105263,0.9894736842105263,0.9894736842105263,0.9894736842105263,0.9894736842105263,0.9894736842105263,0.9894736842105263,0.9894736842105263,0.9894736842105263,0.9894736842105263,0.9894736842105263,0.9894736842105263,0.9894736842105263,0.9894736842105263,0.9894736842105263,0.9894736842105263,0.9894736842105263,0.9894736842105263,0.9894736842105263,0.9894736842105263,0.9894736842105263,0.9894736842105263,0.9894736842105263,0.9894736842105263,0.9894736842105263,0.9894736842105263,0.9894736842105263,0.9894736842105263,0.9894736842105263,0.9894736842105263,0.9894736842105263,0.9894736842105263,0.9894736842105263,0.9894736842105263,0.9894736842105263,0.9894736842105263,0.9894736842105263,0.9894736842105263,0.9894736842105263,0.9894736842105263,0.9894736842105263,0.9894736842105263,0.9894736842105263,0.9894736842105263,0.9894736842105263,0.9894736842105263,0.9894736842105263,0.9894736842105263,0.9894736842105263,0.9894736842105263,0.9894736842105263,0.9894736842105263,0.9905817174515236,0.9899168975069252,0.9905817174515236,0.9889196675900277,0.9889196675900277,0.9889196675900277,0.9889196675900277,0.9889196675900277,0.9889196675900277,0.9889196675900277,0.990027700831025,0.990027700831025,0.990027700831025,0.990027700831025,0.990027700831025,0.9891412742382272,0.9860387811634349,0.9860387811634349,0.9860387811634349,0.9860387811634349,0.9860387811634349,0.9860387811634349,0.9860387811634349,0.9860387811634349,0.9860387811634349,0.9860387811634349,0.9860387811634349,0.9860387811634349,0.9860387811634349,0.9860387811634349,0.9860387811634349,0.9860387811634349,0.9841551246537397,0.9841551246537397,0.9841551246537397,0.9841551246537397,0.987590027700831,0.9873684210526316,0.9834903047091412,0.9839335180055402,0.9821606648199446,0.9829362880886426,0.9844875346260388,0.9826038781163435,0.9826038781163435,0.9826038781163435,0.9826038781163435,0.9826038781163435,0.9826038781163435,0.9826038781163435,0.9826038781163435,0.9826038781163435,0.9826038781163435,0.9826038781163435,0.9826038781163435,0.9826038781163435,0.9826038781163435,0.9826038781163435,0.9826038781163435,0.9826038781163435,0.9826038781163435,0.9826038781163435,0.9826038781163435,0.9814958448753462,0.9814958448753462,0.9814958448753462,0.9814958448753462,0.9814958448753462,0.9814958448753462,0.9810526315789474,0.9810526315789474,0.9810526315789474,0.9810526315789474,0.9810526315789474,0.9810526315789474,0.9810526315789474,0.9810526315789474,0.9810526315789474,0.9810526315789474,0.9810526315789474,0.9810526315789474,0.9810526315789474,0.9810526315789474,0.9810526315789474,0.9810526315789474,0.9810526315789474,0.9810526315789474,0.9810526315789474,0.9810526315789474,0.9810526315789474,0.9810526315789474,0.9810526315789474,0.9810526315789474,0.9810526315789474,0.9810526315789474,0.9810526315789474,0.9810526315789474,0.9810526315789474,0.9810526315789474,0.9810526315789474,0.9810526315789474,0.9810526315789474,0.9814958448753462,0.9814958448753462,0.9814958448753462,0.9814958448753462,0.9814958448753462,0.9814958448753462,0.9814958448753462,0.9814958448753462,0.9814958448753462,0.9814958448753462,0.9814958448753462,0.9814958448753462,0.9814958448753462,0.9814958448753462,0.9814958448753462,0.9814958448753462,0.9814958448753462,0.9814958448753462,0.9814958448753462,0.9814958448753462,0.9814958448753462,0.9814958448753462,0.9814958448753462,0.9814958448753462,0.9814958448753462,0.9814958448753462,0.9814958448753462,0.9814958448753462,0.9814958448753462,0.9814958448753462,0.9814958448753462,0.9814958448753462,0.9814958448753462,0.9814958448753462,0.9814958448753462,0.9814958448753462,0.9814958448753462,0.9814958448753462,0.9814958448753462,0.9814958448753462,0.9814958448753462,0.9814958448753462,0.9814958448753462,0.9814958448753462,0.9814958448753462,0.9814958448753462,0.9814958448753462,0.9814958448753462,0.9814958448753462,0.9814958448753462,0.9814958448753462,0.9814958448753462,0.9814958448753462,0.9814958448753462,0.9814958448753462,0.9809418282548477,0.9812742382271468,0.9812742382271468,0.9812742382271468,0.9806094182825484,0.9806094182825484,0.9806094182825484,0.9806094182825484,0.9806094182825484,0.9806094182825484,0.9806094182825484,0.9806094182825484,0.9806094182825484,0.9806094182825484,0.9803878116343491,0.9808310249307479,0.9808310249307479,0.9808310249307479,0.9808310249307479,0.9808310249307479,0.9808310249307479,0.9810526315789474,0.9806094182825484,0.9806094182825484,0.9818282548476455,0.9818282548476455,0.981606648199446,0.9803878116343491,0.9803878116343491,0.9801662049861496,0.9801662049861496,0.9801662049861496,0.9801662049861496,0.9801662049861496,0.9801662049861496,0.9801662049861496,0.9801662049861496,0.9801662049861496,0.9801662049861496,0.9801662049861496,0.9801662049861496,0.9801662049861496,0.9801662049861496,0.9801662049861496,0.9801662049861496,0.9801662049861496,0.9801662049861496,0.9801662049861496,0.9801662049861496,0.9801662049861496,0.9801662049861496,0.9801662049861496,0.9801662049861496,0.9801662049861496,0.9801662049861496,0.9801662049861496,0.9801662049861496,0.9801662049861496,0.9801662049861496,0.9801662049861496,0.9801662049861496,0.9801662049861496,0.9801662049861496,0.9801662049861496,0.9801662049861496,0.9801662049861496,0.9801662049861496,0.9801662049861496,0.9801662049861496,0.9801662049861496,0.9801662049861496,0.9801662049861496,0.9801662049861496,0.9801662049861496,0.9801662049861496,0.9801662049861496,0.9801662049861496,0.9801662049861496,0.9801662049861496,0.9797229916897507,0.9797229916897507,0.9797229916897507,0.9797229916897507,0.9797229916897507,0.9797229916897507,0.9797229916897507,0.9797229916897507,0.9797229916897507,0.9797229916897507,0.9797229916897507,0.9797229916897507,0.9797229916897507,0.9797229916897507,0.9797229916897507,0.9797229916897507,0.9797229916897507,0.9797229916897507,0.9797229916897507,0.9797229916897507,0.9797229916897507,0.9797229916897507,0.9797229916897507,0.9797229916897507,0.9797229916897507,0.9798337950138504,0.9798337950138504,0.979612188365651,0.979612188365651,0.979612188365651,0.979612188365651,0.979612188365651,0.979612188365651,0.979612188365651,0.979612188365651,0.979612188365651,0.979612188365651,0.979612188365651,0.979612188365651,0.979612188365651,0.979612188365651,0.979612188365651,0.9801662049861496,0.979612188365651,0.9795013850415513,0.9811634349030471,0.979612188365651,0.979612188365651,0.979612188365651,0.978393351800554,0.9781717451523546,0.9781717451523546,0.9781717451523546,0.9781717451523546,0.9781717451523546,0.9781717451523546,0.9781717451523546,0.9781717451523546,0.9781717451523546,0.9781717451523546,0.9781717451523546,0.9781717451523546,0.9781717451523546,0.9781717451523546,0.9781717451523546,0.9781717451523546,0.9781717451523546,0.9781717451523546,0.9781717451523546,0.9781717451523546,0.9781717451523546,0.9781717451523546,0.9781717451523546,0.9781717451523546,0.9781717451523546,0.9781717451523546,0.9781717451523546,0.9781717451523546,0.9781717451523546,0.9781717451523546,0.9781717451523546,0.9781717451523546,0.9781717451523546,0.9781717451523546,0.9781717451523546,0.9781717451523546,0.9781717451523546,0.9781717451523546,0.9781717451523546,0.9779501385041551,0.9779501385041551,0.9779501385041551,0.9779501385041551,0.9779501385041551,0.9779501385041551,0.9779501385041551,0.9781717451523546,0.9780609418282549,0.9780609418282549,0.9780609418282549,0.9780609418282549,0.9780609418282549,0.9780609418282549,0.9780609418282549,0.9780609418282549,0.9795013850415513,0.9795013850415513,0.9795013850415513,0.9795013850415513,0.9790581717451523,0.9806094182825484,0.9806094182825484,0.9799445983379501,0.9799445983379501,0.9799445983379501,0.9799445983379501,0.9799445983379501,0.9799445983379501,0.9799445983379501,0.9799445983379501,0.9799445983379501,0.9787257617728532,0.9803878116343491,0.9786149584487535,0.978393351800554,0.978393351800554,0.9793905817174515,0.9793905817174515,0.9793905817174515,0.9778393351800554,0.9776177285318559,0.9776177285318559,0.9776177285318559,0.9776177285318559,0.9776177285318559,0.9776177285318559,0.9776177285318559,0.9776177285318559,0.9762880886426593,0.9780609418282549,0.9780609418282549,0.9780609418282549,0.9780609418282549,0.9780609418282549,0.9780609418282549,0.9780609418282549,0.9780609418282549,0.9780609418282549,0.9780609418282549,0.9780609418282549,0.9780609418282549,0.9769529085872576,0.9769529085872576,0.9773961218836565,0.9773961218836565,0.9773961218836565,0.9773961218836565,0.9773961218836565,0.9773961218836565,0.9773961218836565,0.9773961218836565,0.9773961218836565,0.9773961218836565,0.9761772853185595,0.9761772853185595,0.9761772853185595,0.9761772853185595,0.976398891966759,0.976398891966759,0.976398891966759,0.976398891966759,0.976398891966759,0.976398891966759,0.9770637119113573,0.9770637119113573,0.9770637119113573,0.9770637119113573,0.9770637119113573,0.9770637119113573,0.9770637119113573,0.9770637119113573,0.9770637119113573,0.9770637119113573,0.9770637119113573,0.9770637119113573,0.9770637119113573,0.9770637119113573,0.9770637119113573,0.9770637119113573,0.9766204986149585,0.9766204986149585,0.976398891966759,0.9761772853185595,0.9776177285318559,0.9776177285318559,0.9776177285318559,0.9778393351800554,0.9778393351800554,0.9778393351800554,0.9778393351800554,0.976398891966759,0.9778393351800554,0.9778393351800554,0.9778393351800554,0.9778393351800554,0.9778393351800554,0.9778393351800554,0.9778393351800554,0.9778393351800554,0.9778393351800554,0.9766204986149585,0.9766204986149585,0.9766204986149585,0.9770637119113573,0.9770637119113573,0.9770637119113573,0.9770637119113573,0.9770637119113573,0.9770637119113573,0.9770637119113573,0.9770637119113573,0.9770637119113573,0.9770637119113573,0.9770637119113573,0.9770637119113573,0.9770637119113573,0.9770637119113573,0.9770637119113573,0.9770637119113573,0.9770637119113573,0.9770637119113573,0.9770637119113573,0.9770637119113573,0.9770637119113573,0.9770637119113573,0.9770637119113573,0.9770637119113573,0.9770637119113573,0.9770637119113573,0.9770637119113573,0.9770637119113573,0.9755124653739612,0.9755124653739612,0.9767313019390582,0.9750692520775623,0.9757340720221607,0.9755124653739612,0.9755124653739612,0.9757340720221607,0.9767313019390582,0.9765096952908587,0.9752908587257618,0.9752908587257618,0.9752908587257618,0.9752908587257618,0.9757340720221607,0.9769529085872576,0.9765096952908587,0.9766204986149585,0.9756232686980609,0.9775069252077563,0.9768421052631578,0.9766204986149585,0.9760664819944599,0.9765096952908587,0.9765096952908587,0.9765096952908587,0.9765096952908587,0.9765096952908587,0.9765096952908587,0.9765096952908587,0.9765096952908587,0.9762880886426593,0.9762880886426593,0.9767313019390582,0.9767313019390582,0.9767313019390582,0.9767313019390582,0.9767313019390582,0.9767313019390582,0.9767313019390582,0.9767313019390582,0.9767313019390582,0.9767313019390582,0.9767313019390582,0.9767313019390582,0.9767313019390582,0.9775069252077563,0.9772853185595568,0.9767313019390582,0.9767313019390582,0.9765096952908587,0.9775069252077563,0.9775069252077563,0.9765096952908587,0.9762880886426593,0.9762880886426593,0.9762880886426593,0.9772853185595568,0.9762880886426593,0.9760664819944599,0.9765096952908587,0.9779501385041551,0.9767313019390582,0.9767313019390582,0.9767313019390582,0.9767313019390582,0.9767313019390582,0.9767313019390582,0.9767313019390582,0.9767313019390582,0.9767313019390582,0.9767313019390582,0.9781717451523546,0.9765096952908587,0.9773961218836565,0.9773961218836565,0.9773961218836565,0.9773961218836565,0.9773961218836565,0.9773961218836565,0.9769529085872576,0.9769529085872576,0.9769529085872576,0.9769529085872576,0.9769529085872576,0.9762880886426593,0.9762880886426593,0.9762880886426593,0.9767313019390582,0.9767313019390582,0.9767313019390582,0.9762880886426593,0.9749584487534626,0.9747368421052631,0.9745152354570638,0.9769529085872576,0.9759556786703601,0.9759556786703601,0.9776177285318559,0.9761772853185595,0.9776177285318559,0.9759556786703601,0.9769529085872576,0.9766204986149585,0.9718559556786703,0.9720775623268698,0.9720775623268698,0.9720775623268698,0.9720775623268698,0.9720775623268698,0.9720775623268698,0.9727423822714681,0.9727423822714681,0.9727423822714681,0.974404432132964,0.974404432132964,0.974404432132964,0.9737396121883657,0.9741828254847645,0.9749584487534626,0.9749584487534626,0.9742936288088643,0.9739612188365651,0.9746260387811634,0.9730747922437674,0.973185595567867,0.9730747922437674,0.9724099722991689,0.973628808864266,0.9734072022160665,0.9734072022160665,0.9738504155124654,0.9738504155124654,0.9729639889196676,0.973628808864266,0.973628808864266,0.9734072022160665,0.9734072022160665,0.9734072022160665,0.9724099722991689,0.9734072022160665,0.9724099722991689,0.9728531855955679,0.9740720221606648,0.9738504155124654,0.9740720221606648,0.9730747922437674,0.9742936288088643,0.9742936288088643,0.9742936288088643,0.9742936288088643,0.9742936288088643,0.9742936288088643,0.9756232686980609,0.9751800554016621,0.9751800554016621,0.9751800554016621,0.9751800554016621,0.9751800554016621,0.9734072022160665,0.9734072022160665,0.9734072022160665,0.9734072022160665,0.9734072022160665,0.9734072022160665,0.9734072022160665,0.9734072022160665,0.9734072022160665,0.9734072022160665,0.9734072022160665,0.9734072022160665,0.9734072022160665,0.9734072022160665,0.9734072022160665,0.9734072022160665,0.9734072022160665,0.9734072022160665,0.9734072022160665,0.9734072022160665,0.9734072022160665,0.9734072022160665,0.9734072022160665,0.9734072022160665,0.9734072022160665,0.9734072022160665,0.9734072022160665,0.9734072022160665,0.9734072022160665,0.9734072022160665,0.9734072022160665,0.9734072022160665,0.9734072022160665,0.9734072022160665,0.9734072022160665,0.9734072022160665,0.9734072022160665,0.9734072022160665,0.9734072022160665,0.9734072022160665,0.9734072022160665,0.9734072022160665,0.9734072022160665,0.9734072022160665,0.9734072022160665,0.9734072022160665,0.9734072022160665,0.9734072022160665,0.9734072022160665,0.9734072022160665,0.9734072022160665,0.9734072022160665,0.9734072022160665,0.9734072022160665,0.9734072022160665,0.9734072022160665,0.9734072022160665,0.9734072022160665,0.9734072022160665,0.9734072022160665,0.9734072022160665,0.9734072022160665,0.9734072022160665,0.9734072022160665,0.9734072022160665,0.9734072022160665,0.9734072022160665,0.9734072022160665,0.9734072022160665,0.9734072022160665,0.9734072022160665,0.9734072022160665,0.9734072022160665,0.9734072022160665,0.9734072022160665,0.9734072022160665,0.9734072022160665,0.9734072022160665,0.9734072022160665,0.9734072022160665,0.9734072022160665,0.9734072022160665,0.9734072022160665,0.9734072022160665,0.9734072022160665,0.9734072022160665,0.9734072022160665,0.9734072022160665,0.9734072022160665,0.9734072022160665,0.9734072022160665,0.9734072022160665,0.9734072022160665,0.9734072022160665,0.9734072022160665,0.9734072022160665,0.9734072022160665,0.973628808864266,0.973628808864266,0.973628808864266,0.973628808864266,0.973628808864266,0.973628808864266,0.973628808864266,0.973628808864266,0.973628808864266,0.973628808864266,0.9717451523545706,0.9745152354570638,0.9745152354570638,0.9738504155124654,0.9738504155124654,0.9738504155124654,0.9742936288088643,0.973628808864266,0.973628808864266,0.973628808864266,0.973628808864266,0.973628808864266,0.973628808864266,0.973628808864266,0.973628808864266,0.973628808864266,0.9730747922437674,0.9732963988919667,0.9725207756232687,0.9722991689750693,0.9722991689750693,0.9722991689750693,0.9737396121883657,0.971191135734072,0.9722991689750693,0.9722991689750693,0.9722991689750693,0.9722991689750693,0.9722991689750693,0.9722991689750693,0.9722991689750693,0.9722991689750693,0.9739612188365651,0.9741828254847645,0.9737396121883657,0.9737396121883657,0.9737396121883657,0.974404432132964,0.9759556786703601,0.9760664819944599,0.9760664819944599,0.9754016620498615,0.9747368421052631,0.9746260387811634,0.9727423822714681,0.9752908587257618,0.9752908587257618,0.9752908587257618,0.9752908587257618,0.9752908587257618,0.9752908587257618,0.9745152354570638,0.9756232686980609,0.9737396121883657,0.9754016620498615,0.9747368421052631,0.9747368421052631,0.9747368421052631,0.9747368421052631,0.9747368421052631,0.9747368421052631,0.9747368421052631,0.9735180055401662,0.9737396121883657,0.9735180055401662,0.9738504155124654,0.9738504155124654,0.9738504155124654,0.9738504155124654,0.9738504155124654,0.9738504155124654,0.9742936288088643,0.9747368421052631,0.9745152354570638,0.9745152354570638,0.9742936288088643,0.9742936288088643,0.9739612188365651,0.9747368421052631,0.973628808864266,0.9747368421052631,0.9745152354570638,0.9742936288088643,0.9737396121883657,0.9745152354570638,0.9737396121883657,0.9737396121883657,0.9737396121883657,0.9737396121883657,0.9737396121883657,0.9737396121883657,0.9737396121883657,0.9737396121883657,0.9737396121883657,0.9737396121883657,0.9737396121883657,0.9737396121883657,0.9737396121883657,0.9737396121883657,0.9737396121883657,0.9734072022160665,0.9737396121883657,0.9737396121883657,0.9735180055401662,0.974404432132964,0.9737396121883657,0.9742936288088643,0.9737396121883657,0.9737396121883657,0.9734072022160665,0.9737396121883657,0.9734072022160665,0.9747368421052631,0.9748476454293629,0.9734072022160665,0.9748476454293629,0.9729639889196676,0.9750692520775623,0.9750692520775623,0.9748476454293629,0.9738504155124654,0.973628808864266,0.9750692520775623,0.9750692520775623,0.973628808864266,0.9750692520775623,0.9746260387811634,0.9734072022160665,0.973185595567867,0.973628808864266,0.9734072022160665,0.9734072022160665,0.973185595567867,0.9725207756232687,0.9752908587257618,0.9752908587257618,0.9752908587257618,0.9741828254847645,0.9742936288088643,0.9742936288088643,0.9742936288088643,0.9742936288088643,0.9746260387811634,0.9735180055401662,0.9741828254847645,0.9739612188365651,0.9741828254847645,0.9741828254847645,0.9737396121883657,0.9737396121883657,0.9749584487534626,0.9737396121883657,0.9737396121883657,0.9737396121883657,0.9737396121883657,0.9737396121883657,0.9737396121883657,0.9737396121883657,0.9737396121883657,0.9737396121883657,0.9737396121883657,0.9737396121883657,0.9737396121883657,0.9737396121883657,0.9737396121883657,0.9737396121883657,0.9737396121883657,0.9737396121883657,0.9737396121883657,0.9737396121883657,0.9737396121883657,0.9737396121883657,0.9737396121883657,0.9737396121883657,0.9737396121883657,0.9737396121883657,0.9737396121883657,0.9737396121883657,0.9737396121883657,0.9754016620498615,0.9737396121883657,0.9737396121883657,0.9737396121883657,0.9735180055401662,0.9739612188365651,0.9749584487534626,0.9749584487534626,0.9741828254847645,0.9741828254847645,0.9741828254847645,0.974404432132964,0.9749584487534626,0.9741828254847645,0.9737396121883657,0.9749584487534626,0.9754016620498615,0.9749584487534626,0.9749584487534626,0.9749584487534626,0.9749584487534626,0.9749584487534626,0.9749584487534626,0.9749584487534626,0.9749584487534626,0.9749584487534626,0.9749584487534626,0.9749584487534626,0.9749584487534626,0.9749584487534626,0.9749584487534626,0.9749584487534626,0.9749584487534626,0.9749584487534626,0.9749584487534626,0.9749584487534626,0.9749584487534626,0.9749584487534626,0.9749584487534626,0.9749584487534626,0.9751800554016621,0.9751800554016621,0.9751800554016621,0.9751800554016621,0.9751800554016621,0.9751800554016621,0.9751800554016621,0.9747368421052631,0.9747368421052631,0.9747368421052631,0.9747368421052631,0.9747368421052631,0.9747368421052631,0.9747368421052631,0.9747368421052631,0.9747368421052631,0.9747368421052631,0.9747368421052631,0.9747368421052631,0.9747368421052631,0.9747368421052631,0.9747368421052631,0.9747368421052631,0.9747368421052631,0.9747368421052631,0.9747368421052631,0.9747368421052631,0.9747368421052631,0.9747368421052631,0.9747368421052631,0.9747368421052631,0.9747368421052631,0.9747368421052631,0.9747368421052631,0.9747368421052631,0.9747368421052631,0.9747368421052631,0.9747368421052631,0.9747368421052631,0.9747368421052631,0.9747368421052631,0.9747368421052631,0.9747368421052631,0.9747368421052631,0.9747368421052631,0.9747368421052631,0.9747368421052631,0.9741828254847645,0.9737396121883657,0.9737396121883657,0.9737396121883657,0.9737396121883657,0.9737396121883657,0.9737396121883657,0.9737396121883657,0.9737396121883657,0.9737396121883657,0.9737396121883657,0.9737396121883657,0.9737396121883657,0.9737396121883657,0.9737396121883657,0.9737396121883657,0.9737396121883657,0.9737396121883657,0.9737396121883657,0.9737396121883657,0.9737396121883657,0.9737396121883657,0.9737396121883657,0.9737396121883657,0.9737396121883657,0.9737396121883657,0.9737396121883657,0.9737396121883657,0.9737396121883657,0.9737396121883657,0.9737396121883657,0.9737396121883657,0.9737396121883657,0.9737396121883657,0.9737396121883657,0.9737396121883657,0.9737396121883657,0.9737396121883657,0.9737396121883657,0.9737396121883657,0.9737396121883657,0.9737396121883657,0.9737396121883657,0.9737396121883657,0.9737396121883657,0.9737396121883657,0.9737396121883657,0.9737396121883657,0.9737396121883657,0.9737396121883657,0.9737396121883657,0.9737396121883657,0.9737396121883657,0.9737396121883657,0.9737396121883657,0.9737396121883657,0.9737396121883657,0.9737396121883657,0.9737396121883657,0.9742936288088643,0.9742936288088643,0.9742936288088643,0.9747368421052631,0.9739612188365651,0.9735180055401662,0.9735180055401662,0.9735180055401662,0.9735180055401662,0.974404432132964,0.974404432132964,0.974404432132964,0.974404432132964,0.9741828254847645,0.9741828254847645,0.9741828254847645,0.9741828254847645,0.9741828254847645,0.9741828254847645,0.9741828254847645,0.9741828254847645,0.9729639889196676,0.9729639889196676,0.9754016620498615,0.9749584487534626,0.9749584487534626,0.9749584487534626,0.9741828254847645,0.9741828254847645,0.9725207756232687,0.9737396121883657,0.9737396121883657,0.9737396121883657,0.9737396121883657,0.9737396121883657,0.9737396121883657,0.9737396121883657,0.9737396121883657,0.9737396121883657,0.9737396121883657,0.9737396121883657,0.9737396121883657,0.9734072022160665,0.9734072022160665,0.9734072022160665,0.9734072022160665,0.9734072022160665,0.9734072022160665,0.9734072022160665,0.9740720221606648,0.9740720221606648,0.9737396121883657,0.9739612188365651,0.9739612188365651,0.9739612188365651,0.9739612188365651,0.9739612188365651,0.9739612188365651,0.9739612188365651,0.9739612188365651,0.9739612188365651,0.9739612188365651,0.9739612188365651,0.9739612188365651,0.9739612188365651,0.9739612188365651,0.9739612188365651,0.9739612188365651,0.9739612188365651,0.9739612188365651,0.9739612188365651,0.9739612188365651,0.9739612188365651,0.9739612188365651,0.9739612188365651,0.9739612188365651,0.9739612188365651,0.9739612188365651,0.9739612188365651,0.9739612188365651,0.9739612188365651,0.9739612188365651,0.9739612188365651,0.9739612188365651,0.9739612188365651,0.9739612188365651,0.9739612188365651,0.9739612188365651,0.9739612188365651,0.9739612188365651,0.9739612188365651,0.9739612188365651,0.9739612188365651,0.9739612188365651,0.9739612188365651,0.9739612188365651,0.9739612188365651,0.9739612188365651,0.9739612188365651,0.9739612188365651,0.9739612188365651,0.9739612188365651,0.9739612188365651,0.9739612188365651,0.9739612188365651,0.9739612188365651,0.9739612188365651,0.9739612188365651,0.9739612188365651,0.9739612188365651,0.9739612188365651,0.9739612188365651,0.9739612188365651,0.9739612188365651,0.9739612188365651,0.9739612188365651,0.9739612188365651,0.9739612188365651,0.9739612188365651,0.9739612188365651,0.9739612188365651,0.9739612188365651,0.9739612188365651,0.9739612188365651,0.9739612188365651,0.9739612188365651,0.9739612188365651,0.9739612188365651,0.9739612188365651,0.9739612188365651,0.9739612188365651,0.9739612188365651,0.9739612188365651,0.9739612188365651,0.9739612188365651,0.9739612188365651,0.9739612188365651,0.9739612188365651,0.9739612188365651,0.9739612188365651,0.9739612188365651,0.9739612188365651,0.9739612188365651,0.9739612188365651,0.9739612188365651,0.9739612188365651,0.9739612188365651,0.9739612188365651,0.9739612188365651,0.9739612188365651,0.9739612188365651,0.9739612188365651,0.9739612188365651,0.9739612188365651,0.9739612188365651,0.9739612188365651,0.9739612188365651,0.9739612188365651,0.9739612188365651,0.9739612188365651,0.9739612188365651,0.9739612188365651,0.9739612188365651,0.9739612188365651,0.9739612188365651,0.9739612188365651,0.9739612188365651,0.9739612188365651,0.9739612188365651,0.9739612188365651,0.9739612188365651,0.9739612188365651,0.9739612188365651,0.9739612188365651,0.9739612188365651,0.9739612188365651,0.9739612188365651,0.9739612188365651,0.9739612188365651,0.9739612188365651,0.9739612188365651,0.9739612188365651,0.9739612188365651,0.9739612188365651,0.9739612188365651,0.9739612188365651,0.9739612188365651,0.9739612188365651,0.9739612188365651,0.9739612188365651,0.9739612188365651,0.9739612188365651,0.9739612188365651,0.9739612188365651,0.9739612188365651,0.9739612188365651,0.9739612188365651,0.9739612188365651,0.9739612188365651,0.9739612188365651,0.9739612188365651,0.9739612188365651,0.9739612188365651,0.9739612188365651,0.9739612188365651,0.9739612188365651,0.9739612188365651,0.9739612188365651,0.9739612188365651,0.9739612188365651,0.9739612188365651,0.9739612188365651,0.9739612188365651,0.9739612188365651,0.9739612188365651,0.9739612188365651,0.9739612188365651,0.9739612188365651,0.9739612188365651,0.9739612188365651,0.9739612188365651,0.9739612188365651,0.9739612188365651,0.9739612188365651,0.9739612188365651,0.9739612188365651,0.9739612188365651,0.9739612188365651,0.9739612188365651,0.9739612188365651,0.9739612188365651,0.9739612188365651,0.9739612188365651,0.9739612188365651,0.9739612188365651,0.9739612188365651,0.9739612188365651,0.9739612188365651,0.9739612188365651,0.9739612188365651,0.9739612188365651,0.9739612188365651,0.9739612188365651,0.9739612188365651,0.9739612188365651,0.9739612188365651,0.9739612188365651,0.9739612188365651,0.9739612188365651,0.9739612188365651,0.9739612188365651,0.9739612188365651,0.9739612188365651,0.9739612188365651,0.9739612188365651,0.9739612188365651,0.9739612188365651,0.9739612188365651,0.9739612188365651,0.9739612188365651,0.9739612188365651,0.9739612188365651,0.9739612188365651,0.9739612188365651,0.9739612188365651,0.9739612188365651,0.9739612188365651,0.9739612188365651,0.9739612188365651,0.9739612188365651,0.9739612188365651,0.9739612188365651,0.9739612188365651,0.9739612188365651,0.9739612188365651,0.9739612188365651,0.9739612188365651,0.9739612188365651,0.9739612188365651,0.9739612188365651,0.9739612188365651,0.9739612188365651,0.9739612188365651,0.9739612188365651,0.9739612188365651,0.9739612188365651,0.9739612188365651,0.9739612188365651,0.9739612188365651,0.9739612188365651,0.9739612188365651,0.9739612188365651,0.9739612188365651,0.9739612188365651,0.9739612188365651,0.9739612188365651,0.9739612188365651,0.9739612188365651,0.9739612188365651,0.9739612188365651,0.9739612188365651,0.9739612188365651,0.9739612188365651,0.9739612188365651,0.9739612188365651,0.9739612188365651,0.9739612188365651,0.9739612188365651,0.9739612188365651,0.9739612188365651,0.9739612188365651,0.9739612188365651,0.9739612188365651,0.9739612188365651,0.9739612188365651,0.9739612188365651,0.9739612188365651,0.9739612188365651,0.9739612188365651,0.9739612188365651,0.9739612188365651,0.9739612188365651,0.9739612188365651,0.9739612188365651,0.9739612188365651,0.9739612188365651,0.9739612188365651,0.9739612188365651,0.9739612188365651,0.9739612188365651,0.9739612188365651,0.9739612188365651,0.9739612188365651,0.9739612188365651,0.9739612188365651,0.9739612188365651,0.9739612188365651,0.9739612188365651,0.9739612188365651,0.9739612188365651,0.9739612188365651,0.9739612188365651,0.9739612188365651,0.9739612188365651,0.9739612188365651,0.9739612188365651,0.9739612188365651,0.9739612188365651,0.9739612188365651,0.9739612188365651,0.9739612188365651,0.9739612188365651,0.9739612188365651,0.9739612188365651,0.9739612188365651,0.9739612188365651,0.9739612188365651,0.9739612188365651,0.9739612188365651,0.9739612188365651,0.9739612188365651,0.9739612188365651,0.9739612188365651,0.9739612188365651,0.9739612188365651,0.9739612188365651,0.9739612188365651,0.9739612188365651,0.9739612188365651,0.9739612188365651,0.9739612188365651,0.9739612188365651,0.9739612188365651,0.9739612188365651,0.9739612188365651,0.9739612188365651,0.9739612188365651,0.9739612188365651,0.9739612188365651,0.9739612188365651,0.9739612188365651,0.9739612188365651,0.9739612188365651,0.9739612188365651,0.9739612188365651,0.9739612188365651,0.9739612188365651,0.9739612188365651,0.9739612188365651,0.9739612188365651,0.9739612188365651,0.9739612188365651,0.9739612188365651,0.9739612188365651,0.9739612188365651,0.9739612188365651,0.9739612188365651,0.9739612188365651,0.9739612188365651,0.9739612188365651,0.9739612188365651,0.9739612188365651,0.9739612188365651,0.9739612188365651,0.9739612188365651,0.9739612188365651,0.9739612188365651,0.9739612188365651,0.9739612188365651,0.9739612188365651,0.9739612188365651,0.9739612188365651,0.9739612188365651,0.9739612188365651,0.9739612188365651,0.9739612188365651,0.9739612188365651,0.9739612188365651,0.9739612188365651,0.9739612188365651,0.9739612188365651,0.9739612188365651,0.9739612188365651,0.9739612188365651,0.9739612188365651,0.9739612188365651,0.9739612188365651,0.9739612188365651,0.9739612188365651,0.9739612188365651,0.9739612188365651,0.9739612188365651,0.9739612188365651,0.9739612188365651,0.9739612188365651,0.9739612188365651,0.9739612188365651,0.9739612188365651,0.9739612188365651,0.9739612188365651,0.9739612188365651,0.9739612188365651,0.9739612188365651,0.9739612188365651,0.9739612188365651,0.9739612188365651,0.9739612188365651,0.9739612188365651,0.9739612188365651,0.9739612188365651,0.9739612188365651,0.9739612188365651,0.9739612188365651,0.9739612188365651,0.9739612188365651,0.9739612188365651,0.9739612188365651,0.9739612188365651,0.9739612188365651,0.9739612188365651,0.9739612188365651,0.9739612188365651,0.9739612188365651,0.9739612188365651,0.9739612188365651,0.9739612188365651,0.9739612188365651,0.9739612188365651,0.9739612188365651,0.9739612188365651,0.9739612188365651,0.9739612188365651,0.9739612188365651,0.9739612188365651,0.9739612188365651,0.9739612188365651,0.9739612188365651,0.9739612188365651,0.9739612188365651,0.9739612188365651,0.9739612188365651,0.9739612188365651,0.9739612188365651,0.9739612188365651,0.9739612188365651,0.9739612188365651,0.9739612188365651,0.9739612188365651,0.9739612188365651,0.9739612188365651,0.9739612188365651,0.9739612188365651,0.9739612188365651,0.9739612188365651,0.9739612188365651,0.9739612188365651,0.9739612188365651,0.9739612188365651,0.9739612188365651,0.9739612188365651,0.9739612188365651,0.9739612188365651,0.9739612188365651,0.9739612188365651,0.9739612188365651,0.9739612188365651,0.9739612188365651,0.9739612188365651,0.9739612188365651,0.9739612188365651,0.9739612188365651,0.9739612188365651,0.9739612188365651,0.9739612188365651,0.9739612188365651,0.9739612188365651,0.9739612188365651,0.9739612188365651,0.9739612188365651,0.9739612188365651,0.9739612188365651,0.9739612188365651,0.9739612188365651,0.9739612188365651,0.9739612188365651,0.9739612188365651,0.9739612188365651,0.9739612188365651,0.9739612188365651,0.9739612188365651,0.9739612188365651,0.9739612188365651,0.9739612188365651,0.9739612188365651,0.9739612188365651,0.9739612188365651,0.9739612188365651,0.9739612188365651,0.9739612188365651,0.9739612188365651,0.9739612188365651,0.9739612188365651,0.9739612188365651,0.9739612188365651,0.9739612188365651,0.9739612188365651,0.9739612188365651,0.9739612188365651,0.9739612188365651,0.9739612188365651,0.9739612188365651,0.9739612188365651,0.9739612188365651,0.9739612188365651,0.9739612188365651,0.9739612188365651,0.9739612188365651,0.9739612188365651,0.9739612188365651,0.9739612188365651,0.9739612188365651,0.9739612188365651,0.9739612188365651,0.9739612188365651,0.9739612188365651,0.9739612188365651,0.9739612188365651,0.9739612188365651,0.9739612188365651,0.9739612188365651,0.9739612188365651,0.9739612188365651,0.9739612188365651,0.9739612188365651,0.9739612188365651,0.9739612188365651,0.9739612188365651,0.9739612188365651,0.9739612188365651,0.9739612188365651,0.9739612188365651,0.9739612188365651,0.9739612188365651,0.9739612188365651,0.9739612188365651,0.9739612188365651,0.9739612188365651,0.9739612188365651,0.9739612188365651,0.9739612188365651,0.9739612188365651,0.9739612188365651,0.9739612188365651,0.9739612188365651,0.9739612188365651,0.9739612188365651,0.9739612188365651,0.9739612188365651,0.9739612188365651,0.9739612188365651,0.9739612188365651,0.9739612188365651,0.9739612188365651,0.9739612188365651,0.9739612188365651,0.9739612188365651,0.9739612188365651,0.9739612188365651,0.9739612188365651,0.9739612188365651,0.9739612188365651,0.9739612188365651,0.9739612188365651,0.9739612188365651,0.9739612188365651,0.9732963988919667,0.9740720221606648,0.9742936288088643,0.973628808864266,0.9734072022160665,0.9734072022160665,0.9734072022160665,0.9742936288088643,0.9745152354570638,0.9725207756232687,0.9704155124653739,0.9704155124653739,0.9673130193905817,0.9673130193905817,0.9700831024930748,0.9700831024930748,0.9706371191135734,0.9706371191135734,0.9706371191135734,0.9706371191135734,0.9701939058171745,0.9694182825484765,0.9698614958448754,0.9697506925207756,0.9695290858725761,0.9708587257617729,0.9703047091412742,0.9696398891966759,0.9698614958448754,0.9705263157894737,0.9705263157894737,0.9703047091412742,0.9699722991689751,0.9698614958448754,0.9698614958448754,0.9698614958448754,0.9698614958448754,0.9698614958448754,0.9698614958448754,0.9698614958448754,0.9698614958448754,0.9698614958448754,0.9698614958448754,0.9698614958448754,0.9698614958448754,0.9698614958448754,0.9698614958448754,0.9698614958448754,0.9698614958448754,0.9698614958448754,0.9698614958448754,0.9704155124653739,0.9704155124653739,0.9704155124653739,0.9701939058171745,0.9701939058171745,0.9701939058171745,0.9704155124653739,0.9687534626038781,0.9689750692520775,0.969196675900277,0.969196675900277,0.969196675900277,0.969196675900277,0.969196675900277,0.969196675900277,0.9696398891966759,0.9696398891966759,0.9696398891966759,0.9696398891966759,0.9696398891966759,0.9696398891966759,0.9687534626038781,0.9687534626038781,0.9687534626038781,0.9689750692520775,0.9689750692520775,0.9695290858725761,0.9696398891966759,0.9696398891966759,0.9698614958448754,0.9698614958448754,0.9698614958448754,0.9698614958448754,0.971634349030471,0.9695290858725761,0.9699722991689751,0.9699722991689751,0.9699722991689751,0.9699722991689751,0.9699722991689751,0.9689750692520775,0.9708587257617729,0.9708587257617729,0.9708587257617729,0.9708587257617729,0.9708587257617729,0.9708587257617729,0.9708587257617729,0.9708587257617729,0.9708587257617729,0.9694182825484765,0.9699722991689751,0.9706371191135734,0.971191135734072,0.9706371191135734,0.9706371191135734,0.9707479224376732,0.9707479224376732,0.971191135734072,0.971191135734072,0.971191135734072,0.971191135734072,0.971191135734072,0.971191135734072,0.971191135734072,0.971191135734072,0.971191135734072,0.971191135734072,0.971191135734072,0.971191135734072,0.971191135734072,0.971191135734072,0.971191135734072,0.971191135734072,0.971191135734072,0.971191135734072,0.971191135734072,0.9709695290858725,0.9709695290858725,0.9715235457063712,0.9714127423822715,0.9714127423822715,0.9714127423822715,0.9714127423822715,0.9714127423822715,0.9714127423822715,0.971634349030471,0.971634349030471,0.971634349030471,0.971634349030471,0.971634349030471,0.971634349030471,0.971634349030471,0.9714127423822715,0.9714127423822715,0.971634349030471,0.9714127423822715,0.9701939058171745,0.9710803324099723,0.9710803324099723,0.9706371191135734,0.9701939058171745,0.971634349030471,0.971634349030471,0.971634349030471,0.971634349030471,0.971634349030471,0.9706371191135734,0.971634349030471,0.971634349030471,0.971634349030471,0.9708587257617729,0.9708587257617729,0.9715235457063712,0.9695290858725761,0.9686426592797784,0.9686426592797784,0.9686426592797784,0.9686426592797784,0.9686426592797784,0.9686426592797784,0.9686426592797784,0.9686426592797784,0.9688642659279778,0.9688642659279778,0.9688642659279778,0.9688642659279778,0.9688642659279778,0.9688642659279778,0.9688642659279778,0.9688642659279778,0.9688642659279778,0.9688642659279778,0.9688642659279778,0.9688642659279778,0.9688642659279778,0.9688642659279778,0.9688642659279778,0.9688642659279778,0.9688642659279778,0.9688642659279778,0.9688642659279778,0.9688642659279778,0.9688642659279778,0.9688642659279778,0.9688642659279778,0.9688642659279778,0.9688642659279778,0.9688642659279778,0.9688642659279778,0.9688642659279778,0.9688642659279778,0.9688642659279778,0.9688642659279778,0.9688642659279778,0.9688642659279778,0.9688642659279778,0.9688642659279778,0.9688642659279778,0.9688642659279778,0.9688642659279778,0.9697506925207756,0.9693074792243768,0.9693074792243768,0.9693074792243768,0.9693074792243768,0.9693074792243768,0.9693074792243768,0.9693074792243768,0.9693074792243768,0.9693074792243768,0.9693074792243768,0.9693074792243768,0.9693074792243768,0.9693074792243768,0.9693074792243768,0.9693074792243768,0.9693074792243768,0.9693074792243768,0.9693074792243768,0.9693074792243768,0.9693074792243768,0.9693074792243768,0.9693074792243768,0.9693074792243768,0.9693074792243768,0.9693074792243768,0.9693074792243768,0.9693074792243768,0.9693074792243768,0.9693074792243768,0.9693074792243768,0.9693074792243768,0.9693074792243768,0.9693074792243768,0.9693074792243768,0.9693074792243768,0.9693074792243768,0.9693074792243768,0.9693074792243768,0.9693074792243768,0.9693074792243768,0.9693074792243768,0.9693074792243768,0.9693074792243768,0.9693074792243768,0.9693074792243768,0.9693074792243768,0.9693074792243768,0.9693074792243768,0.9693074792243768,0.9693074792243768,0.9693074792243768,0.9693074792243768,0.9693074792243768,0.9693074792243768,0.9693074792243768,0.9693074792243768,0.9693074792243768,0.9693074792243768,0.9693074792243768,0.9693074792243768,0.9693074792243768,0.9693074792243768,0.9693074792243768,0.9693074792243768,0.9693074792243768,0.9693074792243768,0.9693074792243768,0.9693074792243768,0.9693074792243768,0.9693074792243768,0.9693074792243768,0.9693074792243768,0.9693074792243768,0.9693074792243768,0.9693074792243768,0.9693074792243768,0.9693074792243768,0.9693074792243768,0.9693074792243768,0.9693074792243768,0.9693074792243768,0.9693074792243768,0.9693074792243768,0.9693074792243768,0.9693074792243768,0.9693074792243768,0.9693074792243768,0.9693074792243768,0.9693074792243768,0.9693074792243768,0.9693074792243768,0.9693074792243768,0.9693074792243768,0.9693074792243768,0.9693074792243768,0.9693074792243768,0.9693074792243768,0.9693074792243768,0.9693074792243768,0.9693074792243768,0.9693074792243768,0.9693074792243768,0.9693074792243768,0.9693074792243768,0.9693074792243768,0.9693074792243768,0.9693074792243768,0.9693074792243768,0.9693074792243768,0.9693074792243768,0.9693074792243768,0.9693074792243768,0.9693074792243768,0.9693074792243768,0.9693074792243768,0.9693074792243768,0.9693074792243768,0.9693074792243768,0.9693074792243768,0.9693074792243768,0.9693074792243768,0.9693074792243768,0.9693074792243768,0.9693074792243768,0.9693074792243768,0.9693074792243768,0.9693074792243768,0.9693074792243768,0.9693074792243768,0.9693074792243768,0.9693074792243768,0.9693074792243768,0.9693074792243768,0.9693074792243768,0.9693074792243768,0.9693074792243768,0.9693074792243768,0.9693074792243768,0.9693074792243768,0.9693074792243768,0.9693074792243768,0.9693074792243768,0.9693074792243768,0.9693074792243768,0.9693074792243768,0.9693074792243768,0.9693074792243768,0.9693074792243768,0.9693074792243768,0.9693074792243768,0.9693074792243768,0.9693074792243768,0.9693074792243768,0.9693074792243768,0.9693074792243768,0.9693074792243768,0.9693074792243768,0.9693074792243768,0.9693074792243768,0.9693074792243768,0.9693074792243768,0.9693074792243768,0.9693074792243768,0.9693074792243768,0.9693074792243768,0.9686426592797784,0.9693074792243768,0.9703047091412742,0.9701939058171745,0.9701939058171745,0.9701939058171745,0.9701939058171745,0.9695290858725761,0.9695290858725761,0.9698614958448754,0.9701939058171745,0.9701939058171745,0.9699722991689751,0.9704155124653739,0.9707479224376732,0.9699722991689751,0.9694182825484765,0.9697506925207756,0.9697506925207756,0.9697506925207756,0.9697506925207756,0.9697506925207756,0.9697506925207756,0.9698614958448754,0.9698614958448754,0.9698614958448754,0.9698614958448754,0.9698614958448754,0.9698614958448754,0.9698614958448754,0.9698614958448754,0.9698614958448754,0.9698614958448754,0.9698614958448754,0.9698614958448754,0.9698614958448754,0.9698614958448754,0.9698614958448754,0.9698614958448754,0.9698614958448754,0.969196675900277,0.9690858725761773,0.9693074792243768,0.9693074792243768,0.9686426592797784,0.9686426592797784,0.9690858725761773,0.9690858725761773,0.968421052631579,0.968421052631579,0.9690858725761773,0.9690858725761773,0.9690858725761773,0.9690858725761773,0.9690858725761773,0.9690858725761773,0.9690858725761773,0.9690858725761773,0.9690858725761773,0.9690858725761773,0.9690858725761773,0.9690858725761773,0.9690858725761773,0.9688642659279778,0.9688642659279778,0.9688642659279778,0.9688642659279778,0.9688642659279778,0.9688642659279778,0.9688642659279778,0.9688642659279778,0.9688642659279778,0.9688642659279778,0.969196675900277,0.9709695290858725,0.9699722991689751,0.9694182825484765,0.9685318559556787,0.9685318559556787,0.969196675900277,0.9688642659279778,0.9680886426592797,0.9680886426592797,0.9680886426592797,0.9680886426592797,0.9680886426592797,0.9680886426592797,0.9683102493074792,0.9685318559556787,0.9683102493074792,0.9683102493074792,0.9683102493074792,0.969196675900277,0.969196675900277,0.969196675900277,0.969196675900277,0.969196675900277,0.969196675900277,0.969196675900277,0.969196675900277,0.969196675900277,0.969196675900277,0.969196675900277,0.969196675900277,0.969196675900277,0.969196675900277,0.969196675900277,0.969196675900277,0.9715235457063712,0.9689750692520775,0.9689750692520775,0.9689750692520775,0.9701939058171745,0.9696398891966759,0.9698614958448754,0.9698614958448754,0.9698614958448754,0.9694182825484765,0.9694182825484765,0.9697506925207756,0.9694182825484765,0.9694182825484765,0.9694182825484765,0.9694182825484765,0.9694182825484765,0.9694182825484765,0.9694182825484765,0.9694182825484765,0.9694182825484765,0.9694182825484765,0.9694182825484765,0.9694182825484765,0.9694182825484765,0.9694182825484765,0.9694182825484765,0.9694182825484765,0.9694182825484765,0.9694182825484765,0.9694182825484765,0.9694182825484765,0.9694182825484765,0.9694182825484765,0.9694182825484765,0.969196675900277,0.969196675900277,0.969196675900277,0.969196675900277,0.969196675900277,0.969196675900277,0.969196675900277,0.969196675900277,0.969196675900277,0.969196675900277,0.969196675900277,0.969196675900277,0.969196675900277,0.969196675900277,0.969196675900277,0.969196675900277,0.969196675900277,0.969196675900277,0.969196675900277,0.969196675900277,0.969196675900277,0.969196675900277,0.969196675900277,0.969196675900277,0.969196675900277,0.969196675900277,0.969196675900277,0.969196675900277,0.969196675900277,0.969196675900277,0.969196675900277,0.969196675900277,0.969196675900277,0.9694182825484765,0.969196675900277,0.969196675900277,0.969196675900277,0.969196675900277,0.969196675900277,0.969196675900277,0.969196675900277,0.969196675900277,0.969196675900277,0.969196675900277,0.969196675900277,0.9687534626038781,0.9687534626038781,0.9687534626038781,0.9687534626038781,0.9687534626038781,0.9687534626038781,0.9687534626038781,0.9694182825484765,0.9694182825484765,0.9694182825484765,0.9694182825484765,0.9694182825484765,0.9694182825484765,0.9694182825484765,0.9694182825484765,0.9694182825484765,0.9694182825484765,0.9694182825484765,0.9694182825484765,0.9694182825484765,0.9694182825484765,0.9694182825484765,0.9694182825484765,0.9694182825484765,0.9694182825484765,0.9694182825484765,0.9694182825484765,0.9694182825484765,0.9694182825484765,0.9694182825484765,0.9694182825484765,0.9694182825484765,0.9694182825484765,0.9694182825484765,0.9694182825484765,0.9694182825484765,0.9694182825484765,0.9694182825484765,0.9694182825484765,0.9689750692520775,0.9689750692520775,0.9689750692520775,0.9689750692520775,0.9689750692520775,0.9689750692520775,0.9689750692520775,0.9689750692520775,0.9689750692520775,0.9689750692520775,0.9689750692520775,0.9689750692520775,0.9689750692520775,0.9689750692520775,0.9689750692520775,0.9689750692520775,0.9689750692520775,0.9689750692520775,0.9689750692520775,0.9689750692520775,0.9689750692520775,0.9689750692520775,0.9689750692520775,0.9689750692520775,0.9689750692520775,0.9689750692520775,0.9689750692520775,0.9689750692520775,0.9689750692520775,0.9689750692520775,0.9689750692520775,0.9689750692520775,0.9689750692520775,0.9689750692520775,0.9689750692520775,0.9689750692520775,0.9689750692520775,0.9689750692520775,0.9689750692520775,0.9689750692520775,0.9689750692520775,0.9689750692520775,0.9689750692520775,0.9689750692520775,0.9689750692520775,0.9689750692520775,0.9689750692520775,0.9689750692520775,0.9689750692520775,0.9689750692520775,0.9689750692520775,0.9689750692520775,0.9689750692520775,0.9689750692520775,0.9689750692520775,0.9689750692520775,0.969196675900277,0.969196675900277,0.969196675900277,0.9690858725761773,0.9690858725761773,0.9690858725761773,0.9690858725761773,0.9690858725761773,0.9694182825484765,0.9690858725761773,0.9690858725761773,0.9690858725761773,0.9690858725761773,0.9690858725761773,0.9698614958448754,0.9698614958448754,0.9690858725761773,0.9690858725761773,0.969196675900277,0.969196675900277,0.9678670360110804,0.9678670360110804,0.9678670360110804,0.9678670360110804,0.969196675900277,0.969196675900277,0.9694182825484765,0.9688642659279778,0.9688642659279778,0.9686426592797784,0.9690858725761773,0.9690858725761773,0.9690858725761773,0.9690858725761773,0.9693074792243768,0.9693074792243768,0.9693074792243768,0.9693074792243768,0.9693074792243768,0.9688642659279778,0.9688642659279778,0.9688642659279778,0.9688642659279778,0.9693074792243768,0.9697506925207756,0.9694182825484765,0.9697506925207756,0.9694182825484765,0.9699722991689751,0.9701939058171745,0.9701939058171745,0.9701939058171745,0.9701939058171745,0.9693074792243768,0.9693074792243768,0.9703047091412742,0.9690858725761773,0.9573407202216067,0.9433795013850416,0.9422714681440443,0.9418282548476454,0.9420498614958449,0.9420498614958449,0.9420498614958449,0.9420498614958449,0.936398891966759,0.936398891966759,0.936398891966759,0.936398891966759,0.936398891966759,0.936398891966759,0.936398891966759,0.9413850415512466,0.936398891966759,0.936398891966759,0.936398891966759,0.936398891966759,0.936398891966759,0.936398891966759,0.936398891966759,0.936398891966759,0.936398891966759,0.936398891966759,0.936398891966759,0.936398891966759,0.936398891966759,0.936398891966759,0.936398891966759,0.936398891966759,0.936398891966759,0.936398891966759,0.936398891966759,0.9398337950138504,0.936398891966759,0.936398891966759,0.936398891966759,0.936398891966759,0.936398891966759,0.936398891966759,0.936398891966759,0.936398891966759,0.936398891966759,0.936398891966759,0.936398891966759,0.936398891966759,0.936398891966759,0.936398891966759,0.936398891966759,0.936398891966759,0.936398891966759,0.936398891966759,0.936398891966759,0.936398891966759,0.936398891966759,0.936398891966759,0.936398891966759,0.9420498614958449,0.941606648199446,0.9418282548476454,0.941606648199446,0.936398891966759,0.9224376731301939,0.9211080332409972,0.9154570637119114,0.9154570637119114,0.9213296398891967,0.9215512465373962,0.9211080332409972,0.9195567867036011,0.9154570637119114,0.9161218836565097,0.9184487534626039,0.92,0.9186703601108033,0.9186703601108033,0.9186703601108033,0.9186703601108033,0.9186703601108033,0.9186703601108033,0.9186703601108033,0.9186703601108033,0.9186703601108033,0.9186703601108033,0.9186703601108033,0.9186703601108033,0.9186703601108033,0.9186703601108033,0.9186703601108033,0.9186703601108033,0.9186703601108033,0.9186703601108033,0.9186703601108033,0.9186703601108033,0.9186703601108033,0.9186703601108033,0.9186703601108033,0.9186703601108033,0.9186703601108033,0.9186703601108033,0.9186703601108033,0.9186703601108033,0.9186703601108033,0.9186703601108033,0.9186703601108033,0.9186703601108033,0.9186703601108033,0.9186703601108033,0.9186703601108033,0.9186703601108033,0.9186703601108033,0.9186703601108033,0.9186703601108033,0.9186703601108033,0.9186703601108033,0.9186703601108033,0.9186703601108033,0.9186703601108033,0.9186703601108033,0.9186703601108033,0.9186703601108033,0.9186703601108033,0.9186703601108033,0.9186703601108033,0.9186703601108033,0.9186703601108033,0.9186703601108033,0.9186703601108033,0.9186703601108033,0.9191135734072022,0.9191135734072022,0.9191135734072022,0.9191135734072022,0.9191135734072022,0.9191135734072022,0.9191135734072022,0.9191135734072022,0.9193351800554017,0.9195567867036011,0.9193351800554017,0.9193351800554017,0.9161218836565097,0.9182271468144044,0.9175623268698061,0.9191135734072022,0.9184487534626039,0.9170083102493075,0.9184487534626039,0.9184487534626039,0.9184487534626039,0.916786703601108,0.916786703601108,0.916786703601108,0.916786703601108,0.916786703601108,0.916786703601108,0.916786703601108,0.916786703601108,0.9173407202216066,0.9173407202216066,0.9166759002770083,0.9166759002770083,0.9166759002770083,0.9166759002770083,0.9166759002770083,0.9166759002770083,0.9166759002770083,0.9166759002770083,0.9166759002770083,0.9166759002770083,0.9166759002770083,0.9166759002770083,0.9166759002770083,0.9166759002770083,0.9166759002770083,0.9166759002770083,0.9166759002770083,0.9166759002770083,0.9166759002770083,0.9166759002770083,0.9166759002770083,0.9166759002770083,0.9166759002770083,0.9166759002770083,0.9166759002770083,0.9166759002770083,0.9166759002770083,0.9166759002770083,0.9166759002770083,0.9166759002770083,0.9166759002770083,0.9166759002770083,0.9166759002770083,0.9166759002770083,0.9166759002770083,0.9166759002770083,0.9170083102493075,0.9172299168975069,0.9172299168975069,0.9182271468144044,0.9182271468144044,0.9174515235457064,0.9165650969529086,0.9165650969529086,0.9165650969529086,0.9165650969529086,0.9177839335180056,0.9176731301939058,0.9173407202216066,0.9173407202216066,0.9175623268698061,0.9184487534626039,0.9176731301939058,0.9181163434903047,0.9178947368421052,0.9174515235457064,0.9170083102493075,0.9176731301939058,0.916786703601108,0.9184487534626039,0.9165650969529086,0.918005540166205,0.9165650969529086,0.918005540166205,0.916786703601108,0.9170083102493075,0.9173407202216066,0.9172299168975069,0.918005540166205,0.918005540166205,0.918005540166205,0.918005540166205,0.918005540166205,0.918005540166205,0.918005540166205,0.918005540166205,0.9175623268698061,0.9175623268698061,0.9175623268698061,0.9175623268698061,0.9175623268698061,0.9175623268698061,0.9175623268698061,0.9175623268698061,0.9175623268698061,0.9175623268698061,0.9175623268698061,0.9175623268698061,0.9173407202216066,0.9170083102493075,0.9174515235457064,0.9174515235457064,0.9174515235457064,0.9174515235457064,0.9174515235457064,0.918005540166205,0.918005540166205,0.918005540166205,0.918005540166205,0.9174515235457064,0.9174515235457064,0.9174515235457064,0.9172299168975069,0.9174515235457064,0.918005540166205,0.9177839335180056,0.916786703601108,0.916786703601108,0.9170083102493075,0.9172299168975069,0.9165650969529086,0.9171191135734073,0.9177839335180056,0.9172299168975069,0.9175623268698061,0.9177839335180056,0.9165650969529086,0.916786703601108,0.916786703601108,0.916786703601108,0.916786703601108,0.916786703601108,0.916786703601108,0.916786703601108,0.916786703601108,0.916786703601108,0.916786703601108,0.9165650969529086,0.9165650969529086,0.9186703601108033,0.916786703601108,0.916786703601108,0.916786703601108,0.916786703601108,0.916786703601108,0.9172299168975069,0.9178947368421052,0.9178947368421052,0.9178947368421052,0.9174515235457064,0.9174515235457064,0.9174515235457064,0.9174515235457064,0.9174515235457064,0.9174515235457064,0.9174515235457064,0.9174515235457064,0.9174515235457064,0.9174515235457064,0.9174515235457064,0.9174515235457064,0.9174515235457064,0.9174515235457064,0.9174515235457064,0.9174515235457064,0.9174515235457064,0.9172299168975069,0.9172299168975069,0.9172299168975069,0.9172299168975069,0.9172299168975069,0.9172299168975069,0.9172299168975069,0.9172299168975069,0.9172299168975069,0.9152354570637119,0.9156786703601109,0.9156786703601109,0.9156786703601109,0.9156786703601109,0.9112465373961219,0.9100277008310249,0.9093628808864266,0.9067036011080333,0.9067036011080333,0.9067036011080333,0.9067036011080333,0.9067036011080333,0.9062603878116343,0.9064819944598338,0.9067036011080333,0.9067036011080333,0.9067036011080333,0.9067036011080333,0.9067036011080333,0.9073684210526316,0.9073684210526316,0.9073684210526316,0.9059279778393352,0.908365650969529,0.9062603878116343,0.9094736842105263,0.9094736842105263,0.9094736842105263,0.9094736842105263,0.9096952908587258,0.9054847645429362,0.9054847645429362,0.9081440443213297,0.9081440443213297,0.9081440443213297,0.9081440443213297,0.9081440443213297,0.9081440443213297,0.9081440443213297,0.9081440443213297,0.9081440443213297,0.9079224376731302,0.9084764542936288,0.9084764542936288,0.9084764542936288,0.9084764542936288,0.9086980609418283,0.9086980609418283,0.9086980609418283,0.9086980609418283,0.9063711911357341,0.8921883656509695,0.9037119113573407,0.9050415512465374,0.9050415512465374,0.9050415512465374,0.9050415512465374,0.905595567867036,0.9004986149584487,0.9004986149584487,0.9002770083102493,0.9009418282548477,0.9009418282548477,0.898393351800554,0.9009418282548477,0.9009418282548477,0.9009418282548477,0.9009418282548477,0.9009418282548477,0.8999445983379502,0.8999445983379502,0.8997229916897507,0.9004986149584487,0.9004986149584487,0.9002770083102493,0.9004986149584487,0.8997229916897507,0.9019390581717451,0.9013850415512465,0.9013850415512465,0.8995013850415512,0.8992797783933518,0.8992797783933518,0.8992797783933518,0.8990581717451523,0.8990581717451523,0.8990581717451523,0.8990581717451523,0.9011634349030471,0.8999445983379502,0.8942936288088643,0.8999445983379502,0.9000554016620499,0.8979501385041552,0.8981717451523545,0.8998337950138504,0.8975069252077562,0.9007202216066482,0.8977285318559557,0.8975069252077562,0.8975069252077562,0.8986149584487535,0.898393351800554,0.898393351800554,0.8986149584487535,0.8986149584487535,0.8986149584487535,0.8986149584487535,0.8986149584487535,0.8986149584487535,0.8986149584487535,0.8986149584487535,0.8986149584487535,0.8986149584487535,0.8986149584487535,0.8986149584487535,0.8986149584487535,0.8992797783933518,0.8988365650969529,0.8977285318559557,0.8954016620498615,0.8949584487534626,0.8949584487534626,0.8949584487534626,0.8939612188365651,0.8941828254847646,0.8949584487534626,0.8939612188365651,0.8939612188365651,0.8937396121883656,0.895180055401662,0.8954016620498615,0.8945152354570637,0.8945152354570637,0.8945152354570637,0.8946260387811634,0.8955124653739612,0.8960664819944598,0.8960664819944598,0.8960664819944598,0.8960664819944598,0.8960664819944598,0.8960664819944598,0.8960664819944598,0.8960664819944598,0.8960664819944598,0.8960664819944598,0.8960664819944598,0.8960664819944598,0.8960664819944598,0.8960664819944598,0.8965096952908588,0.8962880886426593,0.8957340720221607,0.8957340720221607,0.8957340720221607,0.8969529085872576,0.8969529085872576,0.8969529085872576,0.8969529085872576,0.8969529085872576,0.8969529085872576,0.8968421052631579,0.8972853185595567,0.8966204986149584,0.8971745152354571,0.896398891966759,0.896398891966759,0.896398891966759,0.896398891966759,0.896398891966759,0.896398891966759,0.897617728531856,0.896398891966759,0.896398891966759,0.896398891966759,0.896398891966759,0.8968421052631579,0.896398891966759,0.8966204986149584,0.8970637119113574,0.8970637119113574,0.8970637119113574,0.8970637119113574,0.8970637119113574,0.8970637119113574,0.8970637119113574,0.8970637119113574,0.8970637119113574,0.8970637119113574,0.8961772853185596,0.8961772853185596,0.8965096952908588,0.8961772853185596,0.8959556786703601,0.8959556786703601,0.8959556786703601,0.8959556786703601,0.8959556786703601,0.8959556786703601,0.8967313019390581,0.8967313019390581,0.8969529085872576,0.8969529085872576,0.8967313019390581,0.8969529085872576,0.8973961218836565,0.8966204986149584,0.8966204986149584,0.8970637119113574,0.8981717451523545,0.8973961218836565,0.8990581717451523,0.8990581717451523,0.8986149584487535,0.8986149584487535,0.8986149584487535,0.8986149584487535,0.8986149584487535,0.8986149584487535,0.8986149584487535,0.8986149584487535,0.8986149584487535,0.8986149584487535,0.8986149584487535,0.8986149584487535,0.8986149584487535,0.8986149584487535,0.8986149584487535,0.8986149584487535,0.8986149584487535,0.8986149584487535,0.8986149584487535,0.8986149584487535,0.8986149584487535,0.8986149584487535,0.8986149584487535,0.8986149584487535,0.8986149584487535,0.8986149584487535,0.8986149584487535,0.8986149584487535,0.8986149584487535,0.8986149584487535,0.8986149584487535,0.8986149584487535,0.8986149584487535,0.8986149584487535,0.8986149584487535,0.8986149584487535,0.8986149584487535,0.8986149584487535,0.8986149584487535,0.8986149584487535,0.8986149584487535,0.8986149584487535,0.8986149584487535,0.8986149584487535,0.8986149584487535,0.8986149584487535,0.8986149584487535,0.8986149584487535,0.8986149584487535,0.8986149584487535,0.8986149584487535,0.8986149584487535,0.8986149584487535,0.8986149584487535,0.8986149584487535,0.8986149584487535,0.8986149584487535,0.8986149584487535,0.8986149584487535,0.8986149584487535,0.8986149584487535,0.8986149584487535,0.8986149584487535,0.8986149584487535,0.8986149584487535,0.8986149584487535,0.8986149584487535,0.8986149584487535,0.8986149584487535,0.8986149584487535,0.8986149584487535,0.8986149584487535,0.8986149584487535,0.8986149584487535,0.8986149584487535,0.8986149584487535,0.8986149584487535,0.8986149584487535,0.8986149584487535,0.8986149584487535,0.8986149584487535,0.8986149584487535,0.8986149584487535,0.8986149584487535,0.8986149584487535,0.8986149584487535,0.8986149584487535,0.8986149584487535,0.8986149584487535,0.8986149584487535,0.8986149584487535,0.8986149584487535,0.8986149584487535,0.8986149584487535,0.897617728531856,0.8980609418282548,0.8987257617728532,0.8987257617728532,0.8987257617728532,0.8987257617728532,0.8987257617728532,0.8982825484764543,0.8982825484764543,0.8982825484764543,0.8982825484764543,0.8982825484764543,0.8982825484764543,0.8982825484764543,0.8982825484764543,0.8982825484764543,0.8982825484764543,0.8982825484764543,0.8982825484764543,0.8979501385041552,0.8973961218836565,0.8988365650969529,0.8988365650969529,0.8981717451523545,0.8981717451523545,0.8981717451523545,0.8990581717451523,0.8990581717451523,0.8990581717451523,0.8990581717451523,0.8986149584487535,0.8986149584487535,0.8986149584487535,0.8986149584487535,0.8986149584487535,0.8986149584487535,0.8986149584487535,0.8986149584487535,0.8986149584487535,0.8986149584487535,0.8990581717451523,0.8990581717451523,0.8990581717451523,0.8990581717451523,0.8990581717451523,0.8990581717451523,0.8990581717451523,0.8990581717451523,0.8990581717451523,0.8990581717451523,0.8990581717451523,0.8990581717451523,0.8990581717451523,0.8990581717451523,0.8990581717451523,0.8990581717451523,0.8990581717451523,0.8990581717451523,0.8990581717451523,0.8990581717451523,0.8990581717451523,0.8990581717451523,0.8990581717451523,0.8990581717451523,0.8990581717451523,0.8990581717451523,0.8990581717451523,0.8990581717451523,0.8990581717451523,0.8990581717451523,0.8990581717451523,0.8990581717451523,0.8990581717451523,0.8990581717451523,0.8990581717451523,0.8990581717451523,0.8990581717451523,0.8982825484764543,0.8985041551246538,0.8985041551246538,0.8979501385041552,0.8979501385041552,0.8979501385041552,0.8979501385041552,0.8979501385041552,0.8978393351800554,0.8977285318559557,0.8977285318559557,0.8977285318559557,0.8977285318559557,0.8977285318559557,0.8977285318559557,0.8977285318559557,0.8977285318559557,0.8977285318559557,0.8977285318559557,0.8972853185595567,0.8970637119113574,0.8977285318559557,0.8977285318559557,0.8977285318559557,0.8977285318559557,0.8977285318559557,0.8977285318559557,0.8977285318559557,0.8977285318559557,0.8977285318559557,0.8977285318559557,0.8977285318559557,0.8977285318559557,0.8977285318559557,0.8960664819944598,0.8975069252077562,0.8960664819944598,0.8975069252077562,0.8965096952908588,0.8975069252077562,0.8961772853185596,0.8977285318559557,0.8975069252077562,0.8975069252077562,0.8975069252077562,0.8975069252077562,0.8975069252077562,0.8975069252077562,0.8975069252077562,0.8975069252077562,0.8971745152354571,0.8977285318559557,0.8973961218836565,0.8961772853185596,0.8962880886426593,0.8962880886426593,0.8948476454293629,0.895623268698061,0.8979501385041552,0.8954016620498615,0.8954016620498615,0.8954016620498615,0.8947368421052632,0.8947368421052632,0.8947368421052632,0.895180055401662,0.8949584487534626,0.8947368421052632,0.895180055401662,0.8949584487534626,0.8949584487534626,0.8954016620498615,0.8954016620498615,0.895180055401662,0.895180055401662,0.8954016620498615,0.895180055401662,0.8954016620498615,0.8954016620498615,0.8954016620498615,0.8954016620498615,0.895180055401662,0.895623268698061,0.895623268698061,0.895623268698061,0.895623268698061,0.895623268698061,0.895623268698061,0.8949584487534626,0.8949584487534626,0.8949584487534626,0.8949584487534626,0.8949584487534626,0.8949584487534626,0.895180055401662,0.895180055401662,0.895180055401662,0.8954016620498615,0.8954016620498615,0.8954016620498615,0.8954016620498615,0.8954016620498615,0.8954016620498615,0.8954016620498615,0.8954016620498615,0.8961772853185596,0.8954016620498615,0.8954016620498615,0.8954016620498615,0.8954016620498615,0.8954016620498615,0.8961772853185596,0.8954016620498615,0.8954016620498615,0.8954016620498615,0.8954016620498615,0.8954016620498615,0.8954016620498615,0.8949584487534626,0.8949584487534626,0.8949584487534626,0.8949584487534626,0.8947368421052632,0.895180055401662,0.8960664819944598,0.8965096952908588,0.8965096952908588,0.8965096952908588,0.8965096952908588,0.8965096952908588,0.8965096952908588,0.8965096952908588,0.8965096952908588,0.8960664819944598,0.8960664819944598,0.8960664819944598,0.8960664819944598,0.8967313019390581,0.8967313019390581,0.8967313019390581,0.8967313019390581,0.8967313019390581,0.8967313019390581,0.8962880886426593,0.895623268698061,0.895623268698061,0.895623268698061,0.895623268698061,0.895623268698061,0.895623268698061,0.895623268698061,0.8960664819944598,0.8960664819944598,0.8960664819944598,0.8967313019390581,0.8960664819944598,0.8960664819944598,0.8958448753462603,0.8958448753462603,0.8961772853185596,0.8954016620498615,0.8968421052631579,0.8969529085872576,0.8965096952908588,0.8965096952908588,0.8967313019390581,0.8971745152354571,0.8967313019390581,0.8967313019390581,0.8967313019390581,0.8967313019390581,0.8971745152354571,0.8962880886426593,0.8967313019390581,0.8982825484764543,0.8972853185595567,0.896398891966759,0.8972853185595567,0.8972853185595567,0.8972853185595567,0.8972853185595567,0.8972853185595567,0.8972853185595567,0.8970637119113574,0.8973961218836565,0.8975069252077562,0.897617728531856,0.8972853185595567,0.8979501385041552,0.897617728531856,0.8978393351800554,0.8978393351800554,0.8980609418282548,0.8977285318559557,0.8980609418282548,0.8980609418282548,0.8979501385041552,0.898393351800554,0.898393351800554,0.8967313019390581,0.8960664819944598,0.8971745152354571,0.8978393351800554,0.8982825484764543,0.8982825484764543,0.897617728531856,0.8960664819944598,0.8960664819944598,0.8962880886426593,0.8962880886426593,0.8965096952908588,0.8968421052631579,0.897617728531856,0.8978393351800554,0.8978393351800554,0.8978393351800554,0.8978393351800554,0.8978393351800554,0.8969529085872576,0.897617728531856,0.8973961218836565,0.8973961218836565,0.8971745152354571,0.8973961218836565,0.897617728531856,0.897617728531856,0.8971745152354571,0.896398891966759,0.8961772853185596,0.8969529085872576,0.8969529085872576,0.8969529085872576,0.8969529085872576,0.8969529085872576,0.8969529085872576,0.8969529085872576,0.8969529085872576,0.8965096952908588,0.8967313019390581,0.8967313019390581,0.8960664819944598,0.8960664819944598,0.8960664819944598,0.8960664819944598,0.8960664819944598,0.8960664819944598,0.8960664819944598,0.8960664819944598,0.8960664819944598,0.8960664819944598,0.8960664819944598,0.8960664819944598,0.8960664819944598,0.8960664819944598,0.8960664819944598,0.8960664819944598,0.8960664819944598,0.8960664819944598,0.8960664819944598,0.8960664819944598,0.8960664819944598,0.8960664819944598,0.8960664819944598,0.8960664819944598,0.8960664819944598,0.8960664819944598,0.8960664819944598,0.8960664819944598,0.8960664819944598,0.8960664819944598,0.8960664819944598,0.8960664819944598,0.8960664819944598,0.8960664819944598,0.8960664819944598,0.8960664819944598,0.8960664819944598,0.8960664819944598,0.8960664819944598,0.8960664819944598,0.8960664819944598,0.8960664819944598,0.8960664819944598,0.8960664819944598,0.8960664819944598,0.8960664819944598,0.8960664819944598,0.8960664819944598,0.8960664819944598,0.8960664819944598,0.8960664819944598,0.8960664819944598,0.8960664819944598,0.8960664819944598,0.8960664819944598,0.8960664819944598,0.8960664819944598,0.8960664819944598,0.8960664819944598,0.8960664819944598,0.8960664819944598,0.8960664819944598,0.8960664819944598,0.8960664819944598,0.8960664819944598,0.8960664819944598,0.8960664819944598,0.8960664819944598,0.8960664819944598,0.8960664819944598,0.8960664819944598,0.8960664819944598,0.8960664819944598,0.8960664819944598,0.8960664819944598,0.8960664819944598,0.8960664819944598,0.8960664819944598,0.8960664819944598,0.8960664819944598,0.8960664819944598,0.8960664819944598,0.8960664819944598,0.8960664819944598,0.8960664819944598,0.8960664819944598,0.8960664819944598,0.8960664819944598,0.8960664819944598,0.8960664819944598,0.8960664819944598,0.8960664819944598,0.8960664819944598,0.8965096952908588,0.8965096952908588,0.8966204986149584,0.8960664819944598,0.8960664819944598,0.8960664819944598,0.8960664819944598,0.8960664819944598,0.8960664819944598,0.8960664819944598,0.8960664819944598,0.8960664819944598,0.8960664819944598,0.8960664819944598,0.8960664819944598,0.8960664819944598,0.8960664819944598,0.8960664819944598,0.8960664819944598,0.8960664819944598,0.8960664819944598,0.8960664819944598,0.8960664819944598,0.8960664819944598,0.8960664819944598,0.8960664819944598,0.8960664819944598,0.8960664819944598,0.8960664819944598,0.8960664819944598,0.8960664819944598,0.8960664819944598,0.8960664819944598,0.8962880886426593,0.8962880886426593,0.8969529085872576,0.8969529085872576,0.8967313019390581,0.8967313019390581,0.8967313019390581,0.8967313019390581,0.8967313019390581,0.8967313019390581,0.8977285318559557,0.8979501385041552,0.8981717451523545,0.8975069252077562,0.8977285318559557,0.8977285318559557,0.8977285318559557,0.8966204986149584,0.8966204986149584,0.8977285318559557,0.8977285318559557,0.8977285318559557,0.8977285318559557,0.8986149584487535,0.8986149584487535,0.8986149584487535,0.8986149584487535,0.8986149584487535,0.8986149584487535,0.8986149584487535,0.8986149584487535,0.8975069252077562,0.8970637119113574,0.8970637119113574,0.8973961218836565,0.8980609418282548,0.8969529085872576,0.896398891966759,0.896398891966759,0.896398891966759,0.896398891966759,0.896398891966759,0.896398891966759,0.896398891966759,0.896398891966759,0.896398891966759,0.8959556786703601,0.8959556786703601,0.8959556786703601,0.8959556786703601,0.8973961218836565,0.8965096952908588,0.8967313019390581,0.8965096952908588,0.8965096952908588,0.8967313019390581,0.8967313019390581,0.8965096952908588,0.8965096952908588,0.8965096952908588,0.8965096952908588,0.8965096952908588,0.8965096952908588,0.8965096952908588,0.8965096952908588,0.8965096952908588,0.8965096952908588,0.8965096952908588,0.8965096952908588,0.8965096952908588,0.8965096952908588,0.8965096952908588,0.8965096952908588,0.8965096952908588,0.8965096952908588,0.8965096952908588,0.8965096952908588,0.8965096952908588,0.8965096952908588,0.8965096952908588,0.8965096952908588,0.8965096952908588,0.8965096952908588,0.8965096952908588,0.8965096952908588,0.8965096952908588,0.8965096952908588,0.8967313019390581,0.8967313019390581,0.8967313019390581,0.8967313019390581,0.8967313019390581,0.8965096952908588,0.8965096952908588,0.8965096952908588,0.8948476454293629,0.8950692520775623,0.8950692520775623,0.8950692520775623,0.8950692520775623,0.8950692520775623,0.8950692520775623,0.8878670360110803,0.8878670360110803,0.8878670360110803,0.8878670360110803,0.8878670360110803,0.8878670360110803,0.8878670360110803,0.8878670360110803,0.8878670360110803,0.8878670360110803,0.8878670360110803,0.8878670360110803,0.8878670360110803,0.8883102493074793,0.8883102493074793,0.8883102493074793,0.8883102493074793,0.8883102493074793,0.8883102493074793,0.8883102493074793,0.8883102493074793,0.8883102493074793,0.8883102493074793,0.8883102493074793,0.8883102493074793,0.8883102493074793,0.8883102493074793,0.8883102493074793,0.8883102493074793,0.8883102493074793,0.8883102493074793,0.8883102493074793,0.8887534626038781,0.8887534626038781,0.8887534626038781,0.8887534626038781,0.8887534626038781,0.8887534626038781,0.8880886426592798,0.8880886426592798,0.8880886426592798,0.8880886426592798,0.8880886426592798,0.8880886426592798,0.8880886426592798,0.8880886426592798,0.8880886426592798,0.8880886426592798,0.8880886426592798,0.8880886426592798,0.8880886426592798,0.8880886426592798,0.8880886426592798,0.8880886426592798,0.8880886426592798,0.8880886426592798,0.8880886426592798,0.8880886426592798,0.8880886426592798,0.8880886426592798,0.8880886426592798,0.8885318559556786,0.8885318559556786,0.8921883656509695,0.8921883656509695,0.8887534626038781,0.8887534626038781,0.8885318559556786,0.8885318559556786,0.8885318559556786,0.8885318559556786,0.8885318559556786,0.8885318559556786,0.8885318559556786,0.8885318559556786,0.8885318559556786,0.8885318559556786,0.8885318559556786,0.8885318559556786,0.8885318559556786,0.8885318559556786,0.8885318559556786,0.8885318559556786,0.8885318559556786,0.8885318559556786,0.8885318559556786,0.8885318559556786,0.889196675900277,0.8885318559556786,0.8885318559556786,0.8885318559556786,0.8885318559556786,0.8885318559556786,0.8885318559556786,0.8885318559556786,0.8885318559556786,0.8887534626038781,0.8887534626038781,0.8887534626038781,0.8889750692520776,0.8880886426592798,0.8889750692520776,0.8889750692520776,0.8889750692520776,0.8889750692520776,0.8889750692520776,0.8889750692520776,0.8885318559556786,0.8885318559556786,0.8885318559556786,0.8885318559556786,0.8885318559556786,0.8885318559556786,0.8885318559556786,0.8885318559556786,0.8885318559556786,0.8885318559556786,0.8885318559556786,0.8885318559556786,0.8885318559556786,0.8885318559556786,0.8885318559556786,0.8885318559556786,0.8885318559556786,0.8885318559556786,0.8885318559556786,0.8885318559556786,0.8885318559556786,0.8885318559556786,0.8885318559556786,0.8885318559556786,0.8885318559556786,0.8885318559556786,0.8885318559556786,0.8885318559556786,0.8885318559556786,0.8908587257617728,0.8885318559556786,0.8921883656509695,0.8887534626038781,0.8885318559556786,0.8887534626038781,0.889196675900277,0.889196675900277,0.889196675900277,0.889196675900277,0.889196675900277,0.889196675900277,0.889196675900277,0.889196675900277,0.889196675900277,0.889196675900277,0.889196675900277,0.889196675900277,0.889196675900277,0.889196675900277,0.889196675900277,0.889196675900277,0.889196675900277,0.889196675900277,0.889196675900277,0.889196675900277,0.889196675900277,0.889196675900277,0.889196675900277,0.889196675900277,0.889196675900277,0.889196675900277,0.889196675900277,0.889196675900277,0.889196675900277,0.8908587257617728,0.889196675900277,0.889196675900277,0.889196675900277,0.889196675900277,0.889196675900277,0.889196675900277,0.889196675900277,0.889196675900277,0.889196675900277,0.889196675900277,0.889196675900277,0.889196675900277,0.889196675900277,0.889196675900277,0.8889750692520776,0.889196675900277,0.8889750692520776,0.8889750692520776,0.8889750692520776,0.8897506925207757,0.8889750692520776,0.8895290858725762,0.8895290858725762,0.8889750692520776,0.8893074792243767,0.889196675900277,0.8889750692520776,0.889196675900277,0.889972299168975,0.8895290858725762,0.8887534626038781,0.8887534626038781,0.8887534626038781,0.8885318559556786,0.8885318559556786,0.8885318559556786,0.8885318559556786,0.8885318559556786,0.8897506925207757,0.8897506925207757,0.8897506925207757,0.8897506925207757,0.8897506925207757,0.8897506925207757,0.8897506925207757,0.8897506925207757,0.8897506925207757,0.8897506925207757,0.8897506925207757,0.8897506925207757,0.8897506925207757,0.8897506925207757,0.8897506925207757,0.8897506925207757,0.8897506925207757,0.8897506925207757,0.8897506925207757,0.8897506925207757,0.8897506925207757,0.8897506925207757,0.8897506925207757,0.8897506925207757,0.8897506925207757,0.8897506925207757,0.8897506925207757,0.8897506925207757,0.8897506925207757,0.8897506925207757,0.8897506925207757,0.8897506925207757,0.8897506925207757,0.8897506925207757,0.8897506925207757,0.8897506925207757,0.8897506925207757,0.8897506925207757,0.8897506925207757,0.8897506925207757,0.8897506925207757,0.8897506925207757,0.8897506925207757,0.8897506925207757,0.8897506925207757,0.8897506925207757,0.8897506925207757,0.8897506925207757,0.8897506925207757,0.8897506925207757,0.8897506925207757,0.8897506925207757,0.8897506925207757,0.8897506925207757,0.8897506925207757,0.8897506925207757,0.8897506925207757,0.8897506925207757,0.8897506925207757,0.8897506925207757,0.8897506925207757,0.8897506925207757,0.8897506925207757,0.8897506925207757,0.8897506925207757,0.890415512465374,0.890415512465374,0.890415512465374,0.890415512465374,0.890415512465374,0.890415512465374,0.890415512465374,0.890415512465374,0.890415512465374,0.8883102493074793,0.8897506925207757,0.8897506925207757,0.8897506925207757,0.8897506925207757,0.8893074792243767,0.8880886426592798,0.8880886426592798,0.8880886426592798,0.8880886426592798,0.8880886426592798,0.8880886426592798,0.8880886426592798,0.8885318559556786,0.8878670360110803,0.8887534626038781,0.8885318559556786,0.8885318559556786,0.8881994459833795,0.8881994459833795,0.8908587257617728,0.8916343490304709,0.8915235457063712,0.889972299168975,0.8897506925207757,0.8908587257617728,0.8901939058171745,0.8901939058171745,0.889972299168975,0.8897506925207757,0.8919667590027701,0.8905263157894737,0.8905263157894737,0.8905263157894737,0.8905263157894737,0.8905263157894737,0.8908587257617728,0.8905263157894737,0.8906371191135735,0.8906371191135735,0.8903047091412742,0.8906371191135735,0.8906371191135735,0.8903047091412742,0.8905263157894737,0.8919667590027701,0.8913019390581718,0.8913019390581718,0.8910803324099723,0.8905263157894737,0.8910803324099723,0.8901939058171745,0.8913019390581718,0.8913019390581718,0.8913019390581718,0.8913019390581718,0.8913019390581718,0.8913019390581718,0.8913019390581718,0.8913019390581718,0.8913019390581718,0.8936288088642659,0.890415512465374,0.8896398891966759,0.8906371191135735,0.890415512465374,0.8900831024930748,0.890415512465374,0.8900831024930748,0.8909695290858726,0.8907479224376731,0.8896398891966759,0.8898614958448754,0.8910803324099723,0.8894182825484764,0.8894182825484764,0.889196675900277,0.8894182825484764,0.890415512465374,0.8906371191135735,0.8889750692520776,0.890415512465374,0.890415512465374,0.890415512465374,0.8906371191135735,0.8906371191135735,0.8887534626038781,0.890415512465374,0.890415512465374,0.890415512465374,0.890415512465374,0.890415512465374,0.890415512465374,0.890415512465374,0.890415512465374,0.890415512465374,0.890415512465374,0.890415512465374,0.890415512465374,0.890415512465374,0.890415512465374,0.8887534626038781,0.8915235457063712,0.8915235457063712,0.8915235457063712,0.8915235457063712,0.8947368421052632,0.8947368421052632,0.8947368421052632,0.8947368421052632,0.8947368421052632,0.8921883656509695,0.8921883656509695,0.8921883656509695,0.8921883656509695,0.8921883656509695,0.8919667590027701,0.8926315789473684,0.8926315789473684,0.8926315789473684,0.8930747922437673,0.8938504155124654,0.8936288088642659,0.8935180055401662,0.8935180055401662,0.8935180055401662,0.8935180055401662,0.8935180055401662,0.8930747922437673,0.8932963988919668,0.8932963988919668,0.8932963988919668,0.8939612188365651,0.893185595567867,0.893185595567867,0.8937396121883656,0.8935180055401662,0.8932963988919668,0.8941828254847646,0.8941828254847646,0.8941828254847646,0.8941828254847646,0.8941828254847646,0.8925207756232687,0.8925207756232687,0.8939612188365651,0.8925207756232687,0.8925207756232687,0.8939612188365651,0.8939612188365651,0.8939612188365651,0.8939612188365651,0.8939612188365651,0.8939612188365651,0.8939612188365651,0.8939612188365651,0.8939612188365651,0.893185595567867,0.8927423822714682,0.8922991689750692,0.8927423822714682,0.8926315789473684,0.8930747922437673,0.8926315789473684,0.8926315789473684,0.8937396121883656,0.8934072022160665,0.8939612188365651,0.8939612188365651,0.8927423822714682,0.8927423822714682,0.8929639889196676,0.8926315789473684,0.8928531855955679,0.892409972299169,0.8942936288088643,0.8942936288088643,0.8921883656509695,0.8938504155124654,0.893185595567867,0.8940720221606648,0.8940720221606648,0.8940720221606648,0.8940720221606648,0.8938504155124654,0.8938504155124654,0.8938504155124654,0.8932963988919668,0.8938504155124654,0.8932963988919668,0.8926315789473684,0.8929639889196676,0.8929639889196676,0.8929639889196676,0.8928531855955679,0.8929639889196676,0.8929639889196676,0.8929639889196676,0.8929639889196676,0.8930747922437673,0.8930747922437673,0.8935180055401662,0.8935180055401662,0.8935180055401662,0.8935180055401662,0.8935180055401662,0.8932963988919668,0.8930747922437673,0.8938504155124654,0.8937396121883656,0.8938504155124654,0.8941828254847646,0.893185595567867,0.8946260387811634,0.8946260387811634,0.8941828254847646,0.8941828254847646,0.894404432132964,0.894404432132964,0.893185595567867,0.893185595567867,0.8948476454293629,0.8948476454293629,0.893185595567867,0.8950692520775623,0.8948476454293629,0.8939612188365651,0.8941828254847646,0.8941828254847646,0.8946260387811634,0.8946260387811634,0.8946260387811634,0.8946260387811634,0.8946260387811634,0.8946260387811634,0.8946260387811634,0.8946260387811634,0.8946260387811634,0.8946260387811634,0.8946260387811634,0.8946260387811634,0.8946260387811634,0.8946260387811634,0.8946260387811634,0.8946260387811634,0.8946260387811634,0.8946260387811634,0.8946260387811634,0.8946260387811634,0.8946260387811634,0.8946260387811634,0.8946260387811634,0.8946260387811634,0.8946260387811634,0.8946260387811634,0.8946260387811634,0.8946260387811634,0.8946260387811634,0.8946260387811634,0.8946260387811634,0.8946260387811634,0.8946260387811634,0.8946260387811634,0.8946260387811634,0.8946260387811634,0.8946260387811634,0.8946260387811634,0.8946260387811634,0.8946260387811634,0.8946260387811634,0.8946260387811634,0.8946260387811634,0.8946260387811634,0.8946260387811634,0.8946260387811634,0.8946260387811634,0.8946260387811634,0.8946260387811634,0.8946260387811634,0.8946260387811634,0.8946260387811634,0.8946260387811634,0.8946260387811634,0.8946260387811634,0.8946260387811634,0.8946260387811634,0.8941828254847646,0.8941828254847646,0.8941828254847646,0.8941828254847646,0.8941828254847646,0.8941828254847646,0.8941828254847646,0.8941828254847646,0.8941828254847646,0.8941828254847646,0.8941828254847646,0.8941828254847646,0.8941828254847646,0.8941828254847646,0.8941828254847646,0.8941828254847646,0.8941828254847646,0.8941828254847646,0.8941828254847646,0.8941828254847646,0.8941828254847646,0.8941828254847646,0.8941828254847646,0.8941828254847646,0.8941828254847646,0.8941828254847646,0.8941828254847646,0.8941828254847646,0.894404432132964,0.894404432132964,0.894404432132964,0.8937396121883656,0.8946260387811634,0.8946260387811634,0.8934072022160665,0.8934072022160665,0.8948476454293629,0.8948476454293629,0.8948476454293629,0.8934072022160665,0.8952908587257618,0.8932963988919668,0.8945152354570637,0.8945152354570637,0.8945152354570637,0.8945152354570637,0.8945152354570637,0.8945152354570637,0.8945152354570637,0.8945152354570637,0.8945152354570637,0.8945152354570637,0.8945152354570637,0.8945152354570637,0.8945152354570637,0.895623268698061,0.895623268698061,0.895623268698061,0.895623268698061,0.895623268698061,0.895623268698061,0.895623268698061,0.895623268698061,0.895623268698061,0.895623268698061,0.895623268698061,0.895623268698061,0.895623268698061,0.895623268698061,0.895623268698061,0.895623268698061,0.895180055401662,0.895180055401662,0.8957340720221607,0.8955124653739612,0.8955124653739612,0.8955124653739612,0.8952908587257618,0.895623268698061,0.895623268698061,0.8946260387811634,0.8934072022160665,0.890415512465374,0.8921883656509695,0.8915235457063712,0.8915235457063712,0.8915235457063712,0.8917451523545706,0.8919667590027701,0.892409972299169,0.892409972299169,0.892409972299169,0.892409972299169,0.892409972299169,0.892409972299169,0.892409972299169,0.892409972299169,0.892409972299169,0.892409972299169,0.892409972299169,0.892409972299169,0.892409972299169,0.892409972299169,0.892409972299169
1.0,1.0,1.0,1.0,1.0,1.0,1.0,1.0,1.0,1.0,1.0,1.0,1.0,1.0,1.0,1.0,1.0,1.0,1.0,1.0,1.0,1.0,1.0,1.0,1.0,1.0,1.0,1.0,1.0,1.0,1.0,1.0,1.0,1.0,1.0,1.0,1.0,1.0,1.0,1.0,1.0,1.0,1.0,1.0,1.0,1.0,1.0,1.0,1.0,1.0,1.0,1.0,1.0,1.0,1.0,1.0,1.0,1.0,1.0,1.0,1.0,1.0,1.0,1.0,1.0,1.0,1.0,1.0,1.0,1.0,1.0,1.0,1.0,1.0,1.0,1.0,1.0,1.0,1.0,1.0,1.0,1.0,1.0,1.0,1.0,1.0,1.0,1.0,1.0,1.0,1.0,1.0,1.0,1.0,1.0,1.0,1.0,1.0,1.0,1.0,1.0,1.0,1.0,1.0,1.0,1.0,1.0,1.0,1.0,1.0,1.0,1.0,1.0,1.0,1.0,1.0,1.0,1.0,1.0,1.0,1.0,1.0,1.0,1.0,1.0,1.0,1.0,1.0,1.0,1.0,1.0,1.0,1.0,1.0,1.0,1.0,1.0,1.0,1.0,1.0,1.0,1.0,1.0,1.0,1.0,1.0,1.0,1.0,1.0,1.0,1.0,1.0,1.0,1.0,1.0,1.0,1.0,1.0,1.0,1.0,1.0,1.0,1.0,1.0,1.0,1.0,1.0,1.0,1.0,1.0,1.0,1.0,1.0,1.0,1.0,1.0,1.0,1.0,1.0,1.0,1.0,1.0,1.0,1.0,1.0,1.0,1.0,1.0,1.0,1.0,1.0,1.0,1.0,1.0,1.0,1.0,1.0,1.0,1.0,1.0,1.0,1.0,1.0,1.0,1.0,1.0,1.0,1.0,1.0,1.0,1.0,1.0,1.0,1.0,1.0,1.0,1.0,1.0,1.0,1.0,1.0,1.0,1.0,1.0,1.0,1.0,1.0,1.0,1.0,1.0,1.0,1.0,1.0,1.0,1.0,1.0,0.9993351800554017,0.9993351800554017,0.9993351800554017,0.9993351800554017,0.9993351800554017,0.9993351800554017,0.9993351800554017,0.9993351800554017,0.9993351800554017,0.9973407202216067,0.9973407202216067,0.9973407202216067,0.9973407202216067,0.9973407202216067,0.9973407202216067,0.9973407202216067,0.9973407202216067,0.9973407202216067,0.9973407202216067,0.9973407202216067,0.9973407202216067,0.9973407202216067,0.9973407202216067,0.9973407202216067,0.9973407202216067,0.9973407202216067,0.9973407202216067,0.9973407202216067,0.9973407202216067,0.9973407202216067,0.9973407202216067,0.9973407202216067,0.9973407202216067,0.9973407202216067,0.9973407202216067,0.9973407202216067,0.9973407202216067,0.9973407202216067,0.9973407202216067,0.9973407202216067,0.9973407202216067,0.9973407202216067,0.9973407202216067,0.9973407202216067,0.9973407202216067,0.9973407202216067,0.9973407202216067,0.9973407202216067,0.9973407202216067,0.9973407202216067,0.9973407202216067,0.9973407202216067,0.9973407202216067,0.9973407202216067,0.9973407202216067,0.9973407202216067,0.9973407202216067,0.9973407202216067,0.9975623268698061,0.9975623268698061,0.9975623268698061,0.9975623268698061,0.9975623268698061,0.9975623268698061,0.9975623268698061,0.9975623268698061,0.9975623268698061,0.9975623268698061,0.9975623268698061,0.9975623268698061,0.9975623268698061,0.9975623268698061,0.9975623268698061,0.9975623268698061,0.9975623268698061,0.9975623268698061,0.9975623268698061,0.9975623268698061,0.9975623268698061,0.9975623268698061,0.9975623268698061,0.9975623268698061,0.9975623268698061,0.9975623268698061,0.9975623268698061,0.9975623268698061,0.9975623268698061,0.9975623268698061,0.9975623268698061,0.9975623268698061,0.9975623268698061,0.9975623268698061,0.9975623268698061,0.9975623268698061,0.9975623268698061,0.9975623268698061,0.9975623268698061,0.9975623268698061,0.9975623268698061,0.9975623268698061,0.9975623268698061,0.9975623268698061,0.9975623268698061,0.9975623268698061,0.9975623268698061,0.9975623268698061,0.9975623268698061,0.9975623268698061,0.9975623268698061,0.9975623268698061,0.9975623268698061,0.9975623268698061,0.9975623268698061,0.9975623268698061,0.9975623268698061,0.9975623268698061,0.9975623268698061,0.9975623268698061,0.9975623268698061,0.9975623268698061,0.9975623268698061,0.9975623268698061,0.9975623268698061,0.9975623268698061,0.9975623268698061,0.9975623268698061,0.9975623268698061,0.9975623268698061,0.9975623268698061,0.9975623268698061,0.9975623268698061,0.9975623268698061,0.9975623268698061,0.9975623268698061,0.9975623268698061,0.9975623268698061,0.9975623268698061,0.9975623268698061,0.9975623268698061,0.9975623268698061,0.9975623268698061,0.9975623268698061,0.9975623268698061,0.9975623268698061,0.9975623268698061,0.9975623268698061,0.9975623268698061,0.9975623268698061,0.9975623268698061,0.9975623268698061,0.9975623268698061,0.9975623268698061,0.9975623268698061,0.9975623268698061,0.9975623268698061,0.9975623268698061,0.9975623268698061,0.9975623268698061,0.9975623268698061,0.9975623268698061,0.9975623268698061,0.9975623268698061,0.9975623268698061,0.9975623268698061,0.9975623268698061,0.9975623268698061,0.9975623268698061,0.9975623268698061,0.9975623268698061,0.9975623268698061,0.9975623268698061,0.9975623268698061,0.9975623268698061,0.9975623268698061,0.9975623268698061,0.9975623268698061,0.9975623268698061,0.9975623268698061,0.9975623268698061,0.9975623268698061,0.9975623268698061,0.9975623268698061,0.9975623268698061,0.9975623268698061,0.9975623268698061,0.9975623268698061,0.9975623268698061,0.9975623268698061,0.9975623268698061,0.9975623268698061,0.9975623268698061,0.9975623268698061,0.9975623268698061,0.9975623268698061,0.9975623268698061,0.9975623268698061,0.9975623268698061,0.9975623268698061,0.9975623268698061,0.9975623268698061,0.9975623268698061,0.9975623268698061,0.9975623268698061,0.9975623268698061,0.9975623268698061,0.9975623268698061,0.9975623268698061,0.9975623268698061,0.9975623268698061,0.9975623268698061,0.9975623268698061,0.9975623268698061,0.9975623268698061,0.9975623268698061,0.9975623268698061,0.9975623268698061,0.9975623268698061,0.9975623268698061,0.9975623268698061,0.9975623268698061,0.9975623268698061,0.9975623268698061,0.9975623268698061,0.9975623268698061,0.9975623268698061,0.9975623268698061,0.9975623268698061,0.9975623268698061,0.9975623268698061,0.9975623268698061,0.9975623268698061,0.9975623268698061,0.9975623268698061,0.9975623268698061,0.9975623268698061,0.9975623268698061,0.9975623268698061,0.9975623268698061,0.9975623268698061,0.9975623268698061,0.9975623268698061,0.9975623268698061,0.9975623268698061,0.9975623268698061,0.9975623268698061,0.9975623268698061,0.9975623268698061,0.9975623268698061,0.9975623268698061,0.9975623268698061,0.9975623268698061,0.9975623268698061,0.9975623268698061,0.9975623268698061,0.9975623268698061,0.9975623268698061,0.9975623268698061,0.9975623268698061,0.9975623268698061,0.9975623268698061,0.9975623268698061,0.9975623268698061,0.9975623268698061,0.9975623268698061,0.9975623268698061,0.9975623268698061,0.9975623268698061,0.9975623268698061,0.9975623268698061,0.9975623268698061,0.9975623268698061,0.9975623268698061,0.9975623268698061,0.9975623268698061,0.9975623268698061,0.9975623268698061,0.9975623268698061,0.9975623268698061,0.9975623268698061,0.9975623268698061,0.9975623268698061,0.9975623268698061,0.9975623268698061,0.9975623268698061,0.9975623268698061,0.9975623268698061,0.9975623268698061,0.9975623268698061,0.9975623268698061,0.9975623268698061,0.9975623268698061,0.9975623268698061,0.9975623268698061,0.9975623268698061,0.9975623268698061,0.9975623268698061,0.9975623268698061,0.9975623268698061,0.9975623268698061,0.9975623268698061,0.9975623268698061,0.9975623268698061,0.9975623268698061,0.9975623268698061,0.9975623268698061,0.9975623268698061,0.9975623268698061,0.9975623268698061,0.9975623268698061,0.9975623268698061,0.9975623268698061,0.9975623268698061,0.9975623268698061,0.9975623268698061,0.9975623268698061,0.9975623268698061,0.9975623268698061,0.9975623268698061,0.9975623268698061,0.9975623268698061,0.9975623268698061,0.9975623268698061,0.9975623268698061,0.9975623268698061,0.9975623268698061,0.9975623268698061,0.9975623268698061,0.9975623268698061,0.9975623268698061,0.9975623268698061,0.9975623268698061,0.9975623268698061,0.9975623268698061,0.9975623268698061,0.9975623268698061,0.9975623268698061,0.9975623268698061,0.9975623268698061,0.9975623268698061,0.9975623268698061,0.9975623268698061,0.9975623268698061,0.9975623268698061,0.9975623268698061,0.9975623268698061,0.9975623268698061,0.9975623268698061,0.9975623268698061,0.9975623268698061,0.9975623268698061,0.9975623268698061,0.9975623268698061,0.9975623268698061,0.9975623268698061,0.9975623268698061,0.9975623268698061,0.9975623268698061,0.9975623268698061,0.9975623268698061,0.9975623268698061,0.9975623268698061,0.9975623268698061,0.9975623268698061,0.9975623268698061,0.9975623268698061,0.9975623268698061,0.9975623268698061,0.9975623268698061,0.9975623268698061,0.9975623268698061,0.9975623268698061,0.9975623268698061,0.9975623268698061,0.9975623268698061,0.9975623268698061,0.9975623268698061,0.9975623268698061,0.9975623268698061,0.9975623268698061,0.9975623268698061,0.9975623268698061,0.9975623268698061,0.9975623268698061,0.9975623268698061,0.9975623268698061,0.9975623268698061,0.9975623268698061,0.9975623268698061,0.9975623268698061,0.9975623268698061,0.9975623268698061,0.9975623268698061,0.9975623268698061,0.9975623268698061,0.9975623268698061,0.9975623268698061,0.9975623268698061,0.9975623268698061,0.9975623268698061,0.9975623268698061,0.9975623268698061,0.9975623268698061,0.9975623268698061,0.9975623268698061,0.9975623268698061,0.9975623268698061,0.9975623268698061,0.9975623268698061,0.9975623268698061,0.9975623268698061,0.9975623268698061,0.9975623268698061,0.9975623268698061,0.9975623268698061,0.9975623268698061,0.9975623268698061,0.9975623268698061,0.9975623268698061,0.9975623268698061,0.9975623268698061,0.9975623268698061,0.9975623268698061,0.9975623268698061,0.9975623268698061,0.9975623268698061,0.9975623268698061,0.9975623268698061,0.9975623268698061,0.9975623268698061,0.9975623268698061,0.9975623268698061,0.9975623268698061,0.9975623268698061,0.9975623268698061,0.9975623268698061,0.9975623268698061,0.9975623268698061,0.9975623268698061,0.9975623268698061,0.9975623268698061,0.9975623268698061,0.9975623268698061,0.9975623268698061,0.9975623268698061,0.9975623268698061,0.9975623268698061,0.9975623268698061,0.9975623268698061,0.9975623268698061,0.9975623268698061,0.9975623268698061,0.9975623268698061,0.9975623268698061,0.9975623268698061,0.9975623268698061,0.9975623268698061,0.9975623268698061,0.9975623268698061,0.9975623268698061,0.9975623268698061,0.9975623268698061,0.9975623268698061,0.9975623268698061,0.9975623268698061,0.9975623268698061,0.9975623268698061,0.9975623268698061,0.9975623268698061,0.9975623268698061,0.9975623268698061,0.9975623268698061,0.9975623268698061,0.9975623268698061,0.9975623268698061,0.9975623268698061,0.9975623268698061,0.9975623268698061,0.9975623268698061,0.9975623268698061,0.9975623268698061,0.9975623268698061,0.9975623268698061,0.9975623268698061,0.9975623268698061,0.9975623268698061,0.9975623268698061,0.9975623268698061,0.9975623268698061,0.9975623268698061,0.9975623268698061,0.9975623268698061,0.9975623268698061,0.9975623268698061,0.9975623268698061,0.9975623268698061,0.9975623268698061,0.9975623268698061,0.9975623268698061,0.9975623268698061,0.9975623268698061,0.9975623268698061,0.9975623268698061,0.9975623268698061,0.9975623268698061,0.9975623268698061,0.9975623268698061,0.9975623268698061,0.9975623268698061,0.9975623268698061,0.9975623268698061,0.9975623268698061,0.9975623268698061,0.9975623268698061,0.9975623268698061,0.9975623268698061,0.9975623268698061,0.9975623268698061,0.9975623268698061,0.9975623268698061,0.9975623268698061,0.9975623268698061,0.9975623268698061,0.9975623268698061,0.9975623268698061,0.9975623268698061,0.9975623268698061,0.9975623268698061,0.9975623268698061,0.9975623268698061,0.9975623268698061,0.9975623268698061,0.9975623268698061,0.9975623268698061,0.9975623268698061,0.9975623268698061,0.9975623268698061,0.9975623268698061,0.9975623268698061,0.9975623268698061,0.9975623268698061,0.9975623268698061,0.9975623268698061,0.9975623268698061,0.9975623268698061,0.9975623268698061,0.9975623268698061,0.9975623268698061,0.9975623268698061,0.9975623268698061,0.9975623268698061,0.9975623268698061,0.9975623268698061,0.9975623268698061,0.9975623268698061,0.9975623268698061,0.9975623268698061,0.9975623268698061,0.9975623268698061,0.9975623268698061,0.9975623268698061,0.9975623268698061,0.9975623268698061,0.9975623268698061,0.9975623268698061,0.9975623268698061,0.9975623268698061,0.9975623268698061,0.9975623268698061,0.9975623268698061,0.9975623268698061,0.9975623268698061,0.9975623268698061,0.9975623268698061,0.9975623268698061,0.9975623268698061,0.9975623268698061,0.9975623268698061,0.9975623268698061,0.9975623268698061,0.9975623268698061,0.9975623268698061,0.9975623268698061,0.9975623268698061,0.9975623268698061,0.9975623268698061,0.9975623268698061,0.9975623268698061,0.9975623268698061,0.9975623268698061,0.9975623268698061,0.9975623268698061,0.9975623268698061,0.9975623268698061,0.9975623268698061,0.9975623268698061,0.9975623268698061,0.9975623268698061,0.9975623268698061,0.9975623268698061,0.9975623268698061,0.9975623268698061,0.9975623268698061,0.9975623268698061,0.9975623268698061,0.9975623268698061,0.9975623268698061,0.9975623268698061,0.9975623268698061,0.9975623268698061,0.9975623268698061,0.9975623268698061,0.9975623268698061,0.9975623268698061,0.9975623268698061,0.9975623268698061,0.9975623268698061,0.9975623268698061,0.9975623268698061,0.9975623268698061,0.9975623268698061,0.9975623268698061,0.9975623268698061,0.9975623268698061,0.9975623268698061,0.9975623268698061,0.9975623268698061,0.9975623268698061,0.9975623268698061,0.9975623268698061,0.9975623268698061,0.9975623268698061,0.9975623268698061,0.9975623268698061,0.9975623268698061,0.9975623268698061,0.9975623268698061,0.9975623268698061,0.9975623268698061,0.9975623268698061,0.9975623268698061,0.9975623268698061,0.9975623268698061,0.9975623268698061,0.9975623268698061,0.9975623268698061,0.9975623268698061,0.9975623268698061,0.9975623268698061,0.9975623268698061,0.9975623268698061,0.9975623268698061,0.9975623268698061,0.9975623268698061,0.9975623268698061,0.9975623268698061,0.9975623268698061,0.9975623268698061,0.9975623268698061,0.9975623268698061,0.9975623268698061,0.9975623268698061,0.9975623268698061,0.9975623268698061,0.9975623268698061,0.9975623268698061,0.9975623268698061,0.9975623268698061,0.9975623268698061,0.9975623268698061,0.9975623268698061,0.9975623268698061,0.9975623268698061,0.9975623268698061,0.9975623268698061,0.9975623268698061,0.9975623268698061,0.9975623268698061,0.9975623268698061,0.9975623268698061,0.9975623268698061,0.9975623268698061,0.9975623268698061,0.9975623268698061,0.9975623268698061,0.9975623268698061,0.9975623268698061,0.9975623268698061,0.9975623268698061,0.9975623268698061,0.9975623268698061,0.9975623268698061,0.9975623268698061,0.9975623268698061,0.9975623268698061,0.9975623268698061,0.9975623268698061,0.9975623268698061,0.9975623268698061,0.9975623268698061,0.9975623268698061,0.9975623268698061,0.9962326869806094,0.9962326869806094,0.9962326869806094,0.9962326869806094,0.9962326869806094,0.9962326869806094,0.9962326869806094,0.9962326869806094,0.9962326869806094,0.9962326869806094,0.9962326869806094,0.9962326869806094,0.9962326869806094,0.9962326869806094,0.9962326869806094,0.9962326869806094,0.9962326869806094,0.9962326869806094,0.9962326869806094,0.9962326869806094,0.9962326869806094,0.9962326869806094,0.9962326869806094,0.9962326869806094,0.9962326869806094,0.9962326869806094,0.9962326869806094,0.9962326869806094,0.9962326869806094,0.9962326869806094,0.9962326869806094,0.9962326869806094,0.9962326869806094,0.9822714681440443,0.9822714681440443,0.9822714681440443,0.9957894736842106,0.9957894736842106,0.9957894736842106,0.9957894736842106,0.9957894736842106,0.9957894736842106,0.9957894736842106,0.9957894736842106,0.9957894736842106,0.9957894736842106,0.9957894736842106,0.9957894736842106,0.9957894736842106,0.9957894736842106,0.9957894736842106,0.9957894736842106,0.9957894736842106,0.9957894736842106,0.9957894736842106,0.9957894736842106,0.9957894736842106,0.9957894736842106,0.9957894736842106,0.9957894736842106,0.9957894736842106,0.9957894736842106,0.9957894736842106,0.9957894736842106,0.9957894736842106,0.9957894736842106,0.9957894736842106,0.9957894736842106,0.9957894736842106,0.9957894736842106,0.9957894736842106,0.9957894736842106,0.9957894736842106,0.9957894736842106,0.9957894736842106,0.9957894736842106,0.9957894736842106,0.9957894736842106,0.9957894736842106,0.9957894736842106,0.9957894736842106,0.9957894736842106,0.9957894736842106,0.9957894736842106,0.9957894736842106,0.9957894736842106,0.9957894736842106,0.9957894736842106,0.9957894736842106,0.9957894736842106,0.9957894736842106,0.9957894736842106,0.9957894736842106,0.9957894736842106,0.9957894736842106,0.9957894736842106,0.9957894736842106,0.9957894736842106,0.9957894736842106,0.9957894736842106,0.9957894736842106,0.9957894736842106,0.9957894736842106,0.9957894736842106,0.9957894736842106,0.9957894736842106,0.9957894736842106,0.9957894736842106,0.9957894736842106,0.9957894736842106,0.9957894736842106,0.9957894736842106,0.9957894736842106,0.9957894736842106,0.9957894736842106,0.9957894736842106,0.9957894736842106,0.9957894736842106,0.9957894736842106,0.9957894736842106,0.9957894736842106,0.9957894736842106,0.9957894736842106,0.9957894736842106,0.9957894736842106,0.9957894736842106,0.9957894736842106,0.9957894736842106,0.9957894736842106,0.9957894736842106,0.9957894736842106,0.9957894736842106,0.9957894736842106,0.9957894736842106,0.9957894736842106,0.9957894736842106,0.9957894736842106,0.9957894736842106,0.9957894736842106,0.9957894736842106,0.9957894736842106,0.9957894736842106,0.9957894736842106,0.9957894736842106,0.9957894736842106,0.9957894736842106,0.9957894736842106,0.9957894736842106,0.9957894736842106,0.9957894736842106,0.9957894736842106,0.9957894736842106,0.9957894736842106,0.9957894736842106,0.9957894736842106,0.9957894736842106,0.9957894736842106,0.9957894736842106,0.9957894736842106,0.9957894736842106,0.9957894736842106,0.9957894736842106,0.9957894736842106,0.9957894736842106,0.9957894736842106,0.9957894736842106,0.9957894736842106,0.9957894736842106,0.9957894736842106,0.9957894736842106,0.9957894736842106,0.9957894736842106,0.9957894736842106,0.9957894736842106,0.9957894736842106,0.9957894736842106,0.9957894736842106,0.9957894736842106,0.9957894736842106,0.9957894736842106,0.9957894736842106,0.9957894736842106,0.9957894736842106,0.9957894736842106,0.9957894736842106,0.9957894736842106,0.9957894736842106,0.9957894736842106,0.9957894736842106,0.9957894736842106,0.9957894736842106,0.9957894736842106,0.9957894736842106,0.9957894736842106,0.9957894736842106,0.9957894736842106,0.9957894736842106,0.9957894736842106,0.9957894736842106,0.9957894736842106,0.9957894736842106,0.9957894736842106,0.9957894736842106,0.9957894736842106,0.9957894736842106,0.9957894736842106,0.9957894736842106,0.9957894736842106,0.9957894736842106,0.9957894736842106,0.9957894736842106,0.9957894736842106,0.9957894736842106,0.9957894736842106,0.9957894736842106,0.9957894736842106,0.9957894736842106,0.9957894736842106,0.9957894736842106,0.9957894736842106,0.9957894736842106,0.9957894736842106,0.9957894736842106,0.9957894736842106,0.9957894736842106,0.9957894736842106,0.9957894736842106,0.9957894736842106,0.9957894736842106,0.9957894736842106,0.9957894736842106,0.9957894736842106,0.9957894736842106,0.9957894736842106,0.9957894736842106,0.9957894736842106,0.9957894736842106,0.9957894736842106,0.9957894736842106,0.9957894736842106,0.9957894736842106,0.9957894736842106,0.9957894736842106,0.9957894736842106,0.9957894736842106,0.9957894736842106,0.9957894736842106,0.9957894736842106,0.9957894736842106,0.9957894736842106,0.9957894736842106,0.9957894736842106,0.9957894736842106,0.9957894736842106,0.9957894736842106,0.9957894736842106,0.9957894736842106,0.9957894736842106,0.9957894736842106,0.9957894736842106,0.9957894736842106,0.9957894736842106,0.9957894736842106,0.9957894736842106,0.9957894736842106,0.9957894736842106,0.9957894736842106,0.9957894736842106,0.9957894736842106,0.9957894736842106,0.9957894736842106,0.9957894736842106,0.9957894736842106,0.9957894736842106,0.9957894736842106,0.9957894736842106,0.9957894736842106,0.9957894736842106,0.9957894736842106,0.9957894736842106,0.9957894736842106,0.9957894736842106,0.9957894736842106,0.9957894736842106,0.9957894736842106,0.9957894736842106,0.9957894736842106,0.9957894736842106,0.9957894736842106,0.9957894736842106,0.9957894736842106,0.9957894736842106,0.9957894736842106,0.9957894736842106,0.9957894736842106,0.9957894736842106,0.9957894736842106,0.9957894736842106,0.9957894736842106,0.9957894736842106,0.9957894736842106,0.9957894736842106,0.9957894736842106,0.9957894736842106,0.9957894736842106,0.9957894736842106,0.9957894736842106,0.9957894736842106,0.9957894736842106,0.9957894736842106,0.9957894736842106,0.9957894736842106,0.9957894736842106,0.9957894736842106,0.9957894736842106,0.9957894736842106,0.9957894736842106,0.9957894736842106,0.9957894736842106,0.9957894736842106,0.9957894736842106,0.9957894736842106,0.9957894736842106,0.9957894736842106,0.9957894736842106,0.9957894736842106,0.9957894736842106,0.9957894736842106,0.9957894736842106,0.9957894736842106,0.9957894736842106,0.9957894736842106,0.9957894736842106,0.9957894736842106,0.9957894736842106,0.9957894736842106,0.9957894736842106,0.9957894736842106,0.9957894736842106,0.9957894736842106,0.9957894736842106,0.9957894736842106,0.9957894736842106,0.9957894736842106,0.9957894736842106,0.9957894736842106,0.9957894736842106,0.9957894736842106,0.9957894736842106,0.9957894736842106,0.9957894736842106,0.9957894736842106,0.9957894736842106,0.9957894736842106,0.9957894736842106,0.9957894736842106,0.9957894736842106,0.9957894736842106,0.9957894736842106,0.9957894736842106,0.9957894736842106,0.9957894736842106,0.9957894736842106,0.9957894736842106,0.9957894736842106,0.9957894736842106,0.9957894736842106,0.9957894736842106,0.9957894736842106,0.9957894736842106,0.9957894736842106,0.9957894736842106,0.9957894736842106,0.9957894736842106,0.9957894736842106,0.9957894736842106,0.9957894736842106,0.9957894736842106,0.9957894736842106,0.9964542936288089,0.9964542936288089,0.9964542936288089,0.9964542936288089,0.9964542936288089,0.9964542936288089,0.9964542936288089,0.9964542936288089,0.9964542936288089,0.9964542936288089,0.9964542936288089,0.9964542936288089,0.9964542936288089,0.9964542936288089,0.9964542936288089,0.9964542936288089,0.9964542936288089,0.9964542936288089,0.9964542936288089,0.9964542936288089,0.9964542936288089,0.9964542936288089,0.9964542936288089,0.9964542936288089,0.9964542936288089,0.9964542936288089,0.9964542936288089,0.9964542936288089,0.9964542936288089,0.9964542936288089,0.9964542936288089,0.9964542936288089,0.9964542936288089,0.9964542936288089,0.9964542936288089,0.9964542936288089,0.9964542936288089,0.9964542936288089,0.9964542936288089,0.9964542936288089,0.9964542936288089,0.9964542936288089,0.9964542936288089,0.9964542936288089,0.9964542936288089,0.9964542936288089,0.9964542936288089,0.9964542936288089,0.9964542936288089,0.9964542936288089,0.9964542936288089,0.9964542936288089,0.9964542936288089,0.9964542936288089,0.9964542936288089,0.9964542936288089,0.9964542936288089,0.9964542936288089,0.9964542936288089,0.9964542936288089,0.9964542936288089,0.9964542936288089,0.9964542936288089,0.9964542936288089,0.9964542936288089,0.9964542936288089,0.9964542936288089,0.9964542936288089,0.9964542936288089,0.9964542936288089,0.9964542936288089,0.9964542936288089,0.9964542936288089,0.9964542936288089,0.9964542936288089,0.9964542936288089,0.9964542936288089,0.9964542936288089,0.9964542936288089,0.9964542936288089,0.9964542936288089,0.9957894736842106,0.9957894736842106,0.9957894736842106,0.9957894736842106,0.9957894736842106,0.9957894736842106,0.9957894736842106,0.9957894736842106,0.9957894736842106,0.9957894736842106,0.9957894736842106,0.9957894736842106,0.9957894736842106,0.9957894736842106,0.9957894736842106,0.9957894736842106,0.9957894736842106,0.9960110803324099,0.9962326869806094,0.9960110803324099,0.9960110803324099,0.9960110803324099,0.9960110803324099,0.9960110803324099,0.9960110803324099,0.9960110803324099,0.9960110803324099,0.9960110803324099,0.9960110803324099,0.9960110803324099,0.9960110803324099,0.9960110803324099,0.9960110803324099,0.9960110803324099,0.9960110803324099,0.9953462603878116,0.9953462603878116,0.9953462603878116,0.9953462603878116,0.9957894736842106,0.9957894736842106,0.9957894736842106,0.9957894736842106,0.9957894736842106,0.9957894736842106,0.9957894736842106,0.9957894736842106,0.9957894736842106,0.9957894736842106,0.9957894736842106,0.9957894736842106,0.9957894736842106,0.9957894736842106,0.9957894736842106,0.9957894736842106,0.9957894736842106,0.9957894736842106,0.9957894736842106,0.9957894736842106,0.9957894736842106,0.9957894736842106,0.9957894736842106,0.9957894736842106,0.9957894736842106,0.9957894736842106,0.9957894736842106,0.9916897506925207,0.9921329639889197,0.9951246537396122,0.9951246537396122,0.9951246537396122,0.9957894736842106,0.9960110803324099,0.9960110803324099,0.9960110803324099,0.9919113573407202,0.9951246537396122,0.9951246537396122,0.9951246537396122,0.9951246537396122,0.9951246537396122,0.9953462603878116,0.9953462603878116,0.9953462603878116,0.9953462603878116,0.9953462603878116,0.9953462603878116,0.9953462603878116,0.9953462603878116,0.9953462603878116,0.9953462603878116,0.9953462603878116,0.9953462603878116,0.9957894736842106,0.9957894736842106,0.9957894736842106,0.9957894736842106,0.9957894736842106,0.9957894736842106,0.9957894736842106,0.9957894736842106,0.9957894736842106,0.9957894736842106,0.9957894736842106,0.9957894736842106,0.9957894736842106,0.9957894736842106,0.9957894736842106,0.9957894736842106,0.9957894736842106,0.9953462603878116,0.9953462603878116,0.9953462603878116,0.9953462603878116,0.9953462603878116,0.9953462603878116,0.9953462603878116,0.9953462603878116,0.9953462603878116,0.9953462603878116,0.9953462603878116,0.9953462603878116,0.9953462603878116,0.9953462603878116,0.9953462603878116,0.9953462603878116,0.9953462603878116,0.9953462603878116,0.9953462603878116,0.9953462603878116,0.9953462603878116,0.9953462603878116,0.9953462603878116,0.9953462603878116,0.9953462603878116,0.9946814404432133,0.9949030470914128,0.9951246537396122,0.9951246537396122,0.9951246537396122,0.9960110803324099,0.9957894736842106,0.9957894736842106,0.9957894736842106,0.9957894736842106,0.9957894736842106,0.9957894736842106,0.9957894736842106,0.9957894736842106,0.9955678670360111,0.9942382271468144,0.9942382271468144,0.9942382271468144,0.9942382271468144,0.9946814404432133,0.9946814404432133,0.9953462603878116,0.9953462603878116,0.9953462603878116,0.9949030470914128,0.9949030470914128,0.9951246537396122,0.9951246537396122,0.9953462603878116,0.9953462603878116,0.9953462603878116,0.9914681440443214,0.9960110803324099,0.9944598337950139,0.9944598337950139,0.9955678670360111,0.9955678670360111,0.9955678670360111,0.9955678670360111,0.9955678670360111,0.9955678670360111,0.9955678670360111,0.9955678670360111,0.9955678670360111,0.9955678670360111,0.9955678670360111,0.9955678670360111,0.9955678670360111,0.9955678670360111,0.9955678670360111,0.9955678670360111,0.9955678670360111,0.9946814404432133,0.9946814404432133,0.9946814404432133,0.9946814404432133,0.9946814404432133,0.9946814404432133,0.9946814404432133,0.9946814404432133,0.9946814404432133,0.9955678670360111,0.9953462603878116,0.9953462603878116,0.9953462603878116,0.9949030470914128,0.9949030470914128,0.9949030470914128,0.9949030470914128,0.9949030470914128,0.9949030470914128,0.9949030470914128,0.9949030470914128,0.9949030470914128,0.9946814404432133,0.9951246537396122,0.9951246537396122,0.9951246537396122,0.9951246537396122,0.9949030470914128,0.9949030470914128,0.9949030470914128,0.9949030470914128,0.9949030470914128,0.9949030470914128,0.9949030470914128,0.9949030470914128,0.9949030470914128,0.9949030470914128,0.9949030470914128,0.9949030470914128,0.9951246537396122,0.9951246537396122,0.9951246537396122,0.9951246537396122,0.9944598337950139,0.9937950138504155,0.9937950138504155,0.9944598337950139,0.9944598337950139,0.9916897506925207,0.9946814404432133,0.9946814404432133,0.9946814404432133,0.9946814404432133,0.9946814404432133,0.9946814404432133,0.9946814404432133,0.9946814404432133,0.9935734072022161,0.9935734072022161,0.9935734072022161,0.9935734072022161,0.9916897506925207,0.9951246537396122,0.9951246537396122,0.9949030470914128,0.9949030470914128,0.9949030470914128,0.9949030470914128,0.9949030470914128,0.9949030470914128,0.9949030470914128,0.9949030470914128,0.9949030470914128,0.9949030470914128,0.9949030470914128,0.9949030470914128,0.9949030470914128,0.9949030470914128,0.9949030470914128,0.9949030470914128,0.9949030470914128,0.9949030470914128,0.9949030470914128,0.9949030470914128,0.9949030470914128,0.9949030470914128,0.9949030470914128,0.9949030470914128,0.9949030470914128,0.9949030470914128,0.9949030470914128,0.9949030470914128,0.9949030470914128,0.9949030470914128,0.9949030470914128,0.9949030470914128,0.9949030470914128,0.9949030470914128,0.9949030470914128,0.9949030470914128,0.9949030470914128,0.9949030470914128,0.9949030470914128,0.9949030470914128,0.9949030470914128,0.9949030470914128,0.9949030470914128,0.9949030470914128,0.9949030470914128,0.9949030470914128,0.9949030470914128,0.9942382271468144,0.9942382271468144,0.9942382271468144,0.9942382271468144,0.9942382271468144,0.9931301939058171,0.9931301939058171,0.9933518005540166,0.9936842105263158,0.9936842105263158,0.9936842105263158,0.9932409972299169,0.9931301939058171,0.9930193905817174,0.994016620498615,0.9949030470914128,0.9946814404432133,0.9949030470914128,0.9949030470914128,0.9949030470914128,0.9949030470914128,0.9949030470914128,0.9949030470914128,0.9949030470914128,0.9949030470914128,0.9949030470914128,0.9949030470914128,0.9949030470914128,0.9949030470914128,0.994016620498615,0.994016620498615,0.994016620498615,0.994016620498615,0.994016620498615,0.994016620498615,0.994016620498615,0.994016620498615,0.994016620498615,0.994016620498615,0.994016620498615,0.994016620498615,0.994016620498615,0.994016620498615,0.994016620498615,0.994016620498615,0.994016620498615,0.994016620498615,0.994016620498615,0.994016620498615,0.994016620498615,0.994016620498615,0.994016620498615,0.994016620498615,0.994016620498615,0.994016620498615,0.994016620498615,0.994016620498615,0.994016620498615,0.994016620498615,0.994016620498615,0.994016620498615,0.994016620498615,0.994016620498615,0.994016620498615,0.994016620498615,0.994016620498615,0.994016620498615,0.994016620498615,0.994016620498615,0.994016620498615,0.994016620498615,0.994016620498615,0.994016620498615,0.994016620498615,0.994016620498615,0.994016620498615,0.994016620498615,0.994016620498615,0.994016620498615,0.994016620498615,0.9933518005540166,0.9933518005540166,0.9933518005540166,0.9933518005540166,0.9933518005540166,0.9933518005540166,0.9933518005540166,0.9933518005540166,0.9933518005540166,0.9933518005540166,0.9933518005540166,0.9933518005540166,0.9933518005540166,0.9933518005540166,0.9933518005540166,0.9933518005540166,0.9933518005540166,0.9933518005540166,0.9933518005540166,0.9933518005540166,0.9933518005540166,0.9933518005540166,0.9933518005540166,0.9933518005540166,0.9933518005540166,0.9933518005540166,0.9933518005540166,0.9933518005540166,0.9933518005540166,0.9933518005540166,0.9933518005540166,0.9933518005540166,0.9933518005540166,0.9933518005540166,0.9933518005540166,0.9933518005540166,0.9933518005540166,0.9933518005540166,0.9933518005540166,0.9933518005540166,0.9933518005540166,0.9933518005540166,0.9933518005540166,0.9933518005540166,0.9933518005540166,0.9933518005540166,0.9933518005540166,0.9933518005540166,0.9933518005540166,0.9935734072022161,0.9942382271468144,0.9942382271468144,0.9942382271468144,0.9942382271468144,0.9942382271468144,0.9942382271468144,0.9942382271468144,0.9942382271468144,0.9942382271468144,0.9942382271468144,0.9942382271468144,0.9942382271468144,0.9942382271468144,0.9942382271468144,0.9942382271468144,0.9942382271468144,0.9942382271468144,0.9942382271468144,0.9942382271468144,0.9942382271468144,0.9942382271468144,0.9942382271468144,0.9942382271468144,0.9942382271468144,0.9942382271468144,0.9942382271468144,0.9942382271468144,0.9942382271468144,0.9942382271468144,0.9942382271468144,0.9942382271468144,0.9942382271468144,0.9942382271468144,0.9942382271468144,0.9942382271468144,0.9942382271468144,0.9942382271468144,0.9942382271468144,0.9942382271468144,0.9942382271468144,0.9942382271468144,0.9942382271468144,0.9942382271468144,0.9942382271468144,0.9942382271468144,0.9944598337950139,0.9944598337950139,0.9944598337950139,0.9944598337950139,0.9944598337950139,0.9944598337950139,0.9944598337950139,0.9944598337950139,0.9944598337950139,0.9944598337950139,0.9944598337950139,0.9944598337950139,0.9944598337950139,0.9944598337950139,0.9944598337950139,0.9944598337950139,0.9944598337950139,0.9944598337950139,0.9944598337950139,0.9944598337950139,0.9944598337950139,0.9944598337950139,0.9944598337950139,0.9944598337950139,0.9944598337950139,0.9944598337950139,0.9944598337950139,0.9944598337950139,0.9944598337950139,0.9944598337950139,0.9944598337950139,0.9944598337950139,0.9944598337950139,0.9944598337950139,0.9944598337950139,0.9944598337950139,0.9944598337950139,0.9944598337950139,0.9944598337950139,0.9944598337950139,0.9944598337950139,0.9944598337950139,0.9944598337950139,0.9944598337950139,0.9944598337950139,0.9944598337950139,0.9944598337950139,0.9944598337950139,0.9944598337950139,0.9944598337950139,0.9944598337950139,0.9944598337950139,0.9944598337950139,0.9944598337950139,0.9944598337950139,0.9944598337950139,0.994016620498615,0.994016620498615,0.994016620498615,0.994016620498615,0.994016620498615,0.994016620498615,0.994016620498615,0.994016620498615,0.994016620498615,0.994016620498615,0.994016620498615,0.994016620498615,0.994016620498615,0.994016620498615,0.994016620498615,0.994016620498615,0.994016620498615,0.994016620498615,0.994016620498615,0.994016620498615,0.994016620498615,0.994016620498615,0.994016620498615,0.994016620498615,0.994016620498615,0.994016620498615,0.994016620498615,0.994016620498615,0.994016620498615,0.994016620498615,0.994016620498615,0.994016620498615,0.994016620498615,0.994016620498615,0.994016620498615,0.994016620498615,0.994016620498615,0.994016620498615,0.994016620498615,0.994016620498615,0.994016620498615,0.994016620498615,0.994016620498615,0.994016620498615,0.994016620498615,0.994016620498615,0.994016620498615,0.994016620498615,0.994016620498615,0.994016620498615,0.994016620498615,0.994016620498615,0.994016620498615,0.994016620498615,0.994016620498615,0.994016620498615,0.994016620498615,0.994016620498615,0.994016620498615,0.994016620498615,0.994016620498615,0.994016620498615,0.994016620498615,0.994016620498615,0.994016620498615,0.994016620498615,0.994016620498615,0.994016620498615,0.994016620498615,0.994016620498615,0.994016620498615,0.994016620498615,0.994016620498615,0.994016620498615,0.994016620498615,0.994016620498615,0.994016620498615,0.994016620498615,0.994016620498615,0.994016620498615,0.994016620498615,0.994016620498615,0.994016620498615,0.994016620498615,0.994016620498615,0.994016620498615,0.994016620498615,0.994016620498615,0.994016620498615,0.994016620498615,0.994016620498615,0.994016620498615,0.994016620498615,0.994016620498615,0.994016620498615,0.994016620498615,0.994016620498615,0.994016620498615,0.994016620498615,0.994016620498615,0.994016620498615,0.994016620498615,0.994016620498615,0.994016620498615,0.994016620498615,0.994016620498615,0.994016620498615,0.994016620498615,0.994016620498615,0.994016620498615,0.994016620498615,0.994016620498615,0.994016620498615,0.994016620498615,0.994016620498615,0.994016620498615,0.994016620498615,0.994016620498615,0.994016620498615,0.994016620498615,0.994016620498615,0.994016620498615,0.994016620498615,0.994016620498615,0.994016620498615,0.994016620498615,0.994016620498615,0.994016620498615,0.994016620498615,0.994016620498615,0.994016620498615,0.994016620498615,0.994016620498615,0.994016620498615,0.994016620498615,0.994016620498615,0.994016620498615,0.994016620498615,0.994016620498615,0.994016620498615,0.994016620498615,0.994016620498615,0.994016620498615,0.994016620498615,0.994016620498615,0.994016620498615,0.994016620498615,0.994016620498615,0.994016620498615,0.994016620498615,0.994016620498615,0.994016620498615,0.994016620498615,0.994016620498615,0.994016620498615,0.994016620498615,0.994016620498615,0.994016620498615,0.994016620498615,0.994016620498615,0.994016620498615,0.994016620498615,0.994016620498615,0.994016620498615,0.994016620498615,0.994016620498615,0.994016620498615,0.994016620498615,0.994016620498615,0.994016620498615,0.994016620498615,0.994016620498615,0.994016620498615,0.9933518005540166,0.9933518005540166,0.9933518005540166,0.9933518005540166,0.9933518005540166,0.9933518005540166,0.9933518005540166,0.9933518005540166,0.9933518005540166,0.9933518005540166,0.9933518005540166,0.9933518005540166,0.9933518005540166,0.9933518005540166,0.9933518005540166,0.9933518005540166,0.9933518005540166,0.9933518005540166,0.9933518005540166,0.9933518005540166,0.9933518005540166,0.9933518005540166,0.9933518005540166,0.9933518005540166,0.9933518005540166,0.9933518005540166,0.9935734072022161,0.9935734072022161,0.9935734072022161,0.9935734072022161,0.9935734072022161,0.9935734072022161,0.9935734072022161,0.9935734072022161,0.9935734072022161,0.9935734072022161,0.9935734072022161,0.9935734072022161,0.9935734072022161,0.9935734072022161,0.9935734072022161,0.9935734072022161,0.9935734072022161,0.9935734072022161,0.9935734072022161,0.9935734072022161,0.9935734072022161,0.9935734072022161,0.9935734072022161,0.9935734072022161,0.9935734072022161,0.9935734072022161,0.9935734072022161,0.9935734072022161,0.9935734072022161,0.9935734072022161,0.9935734072022161,0.9935734072022161,0.9935734072022161,0.9935734072022161,0.9935734072022161,0.9935734072022161,0.9935734072022161,0.9935734072022161,0.9935734072022161,0.9935734072022161,0.9935734072022161,0.9935734072022161,0.9935734072022161,0.9935734072022161,0.9935734072022161,0.9935734072022161,0.9935734072022161,0.9935734072022161,0.9935734072022161,0.9935734072022161,0.9935734072022161,0.9935734072022161,0.9935734072022161,0.9935734072022161,0.9935734072022161,0.9935734072022161,0.9935734072022161,0.9935734072022161,0.9935734072022161,0.9935734072022161,0.9935734072022161,0.9935734072022161,0.9935734072022161,0.9935734072022161,0.9935734072022161,0.9935734072022161,0.9935734072022161,0.9935734072022161,0.9935734072022161,0.9935734072022161,0.9935734072022161,0.9935734072022161,0.9935734072022161,0.9935734072022161,0.9935734072022161,0.9935734072022161,0.9935734072022161,0.9935734072022161,0.9935734072022161,0.9935734072022161,0.9935734072022161,0.9935734072022161,0.9935734072022161,0.9935734072022161,0.9935734072022161,0.9935734072022161,0.9935734072022161,0.9935734072022161,0.9935734072022161,0.9935734072022161,0.9935734072022161,0.9935734072022161,0.9935734072022161,0.9935734072022161,0.9935734072022161,0.9935734072022161,0.9935734072022161,0.9935734072022161,0.9935734072022161,0.9935734072022161,0.9935734072022161,0.9935734072022161,0.9935734072022161,0.9935734072022161,0.9935734072022161,0.9935734072022161,0.9935734072022161,0.9935734072022161,0.9935734072022161,0.9935734072022161,0.9935734072022161,0.9935734072022161,0.9935734072022161,0.9935734072022161,0.9935734072022161,0.9935734072022161,0.9935734072022161,0.9935734072022161,0.9935734072022161,0.9935734072022161,0.9935734072022161,0.9935734072022161,0.9933518005540166,0.9931301939058171,0.9932409972299169,0.9921329639889197,0.9923545706371191,0.9923545706371191,0.9923545706371191,0.9923545706371191,0.9923545706371191,0.9923545706371191,0.9923545706371191,0.9923545706371191,0.9933518005540166,0.992797783933518,0.9930193905817174,0.9930193905817174,0.9933518005540166,0.9933518005540166,0.9930193905817174,0.9925761772853186,0.9930193905817174,0.9932409972299169,0.9932409972299169,0.9932409972299169,0.9932409972299169,0.9932409972299169,0.9932409972299169,0.9932409972299169,0.9932409972299169,0.9934626038781164,0.9932409972299169,0.9932409972299169,0.9932409972299169,0.992797783933518,0.992797783933518,0.992797783933518,0.9934626038781164,0.9934626038781164,0.9934626038781164,0.9934626038781164,0.9934626038781164,0.9934626038781164,0.9934626038781164,0.9932409972299169,0.9932409972299169,0.9932409972299169,0.992797783933518,0.992797783933518,0.992797783933518,0.9934626038781164,0.9934626038781164,0.9934626038781164,0.9932409972299169,0.9930193905817174,0.9925761772853186,0.9925761772853186,0.9930193905817174,0.9930193905817174,0.9930193905817174,0.9930193905817174,0.9930193905817174,0.9930193905817174,0.9930193905817174,0.9930193905817174,0.9930193905817174,0.9930193905817174,0.9930193905817174,0.9930193905817174,0.9930193905817174,0.9930193905817174,0.9930193905817174,0.9930193905817174,0.9930193905817174,0.9930193905817174,0.9930193905817174,0.9930193905817174,0.9930193905817174,0.9930193905817174,0.9930193905817174,0.9930193905817174,0.9930193905817174,0.9930193905817174,0.9930193905817174,0.9930193905817174,0.9930193905817174,0.9930193905817174,0.9930193905817174,0.9930193905817174,0.9930193905817174,0.9930193905817174,0.9930193905817174,0.9930193905817174,0.9930193905817174,0.9930193905817174,0.9930193905817174,0.9930193905817174,0.9930193905817174,0.9930193905817174,0.9930193905817174,0.9930193905817174,0.9930193905817174,0.9930193905817174,0.9930193905817174,0.9930193905817174,0.9930193905817174,0.9930193905817174,0.9930193905817174,0.9930193905817174,0.9930193905817174,0.9930193905817174,0.9930193905817174,0.9906925207756233,0.9906925207756233,0.9893628808864265,0.9892520775623269,0.9892520775623269,0.9892520775623269,0.9892520775623269,0.9898060941828255,0.9898060941828255,0.9898060941828255,0.9898060941828255,0.9898060941828255,0.9898060941828255,0.9898060941828255,0.9898060941828255,0.9898060941828255,0.9898060941828255,0.9898060941828255,0.9898060941828255,0.9898060941828255,0.9898060941828255,0.9898060941828255,0.9898060941828255,0.9893628808864265,0.9893628808864265,0.9893628808864265,0.9893628808864265,0.9893628808864265,0.9893628808864265,0.9893628808864265,0.9893628808864265,0.9893628808864265,0.9893628808864265,0.9893628808864265,0.990027700831025,0.9903601108033241,0.989584487534626,0.989584487534626,0.989584487534626,0.989584487534626,0.989584487534626,0.989584487534626,0.989584487534626,0.989584487534626,0.989584487534626,0.989584487534626,0.989584487534626,0.989584487534626,0.989584487534626,0.989584487534626,0.989584487534626,0.9898060941828255,0.9898060941828255,0.9898060941828255,0.9903601108033241,0.9905817174515236,0.9905817174515236,0.9905817174515236,0.9905817174515236,0.9905817174515236,0.9905817174515236,0.9905817174515236,0.9905817174515236,0.9905817174515236,0.9905817174515236,0.9905817174515236,0.9905817174515236,0.9905817174515236,0.9905817174515236,0.9905817174515236,0.9905817174515236,0.9905817174515236,0.9905817174515236,0.9905817174515236,0.9905817174515236,0.9905817174515236,0.9905817174515236,0.9905817174515236,0.9905817174515236,0.9905817174515236,0.9905817174515236,0.9905817174515236,0.9903601108033241,0.9903601108033241,0.9903601108033241,0.9905817174515236,0.9905817174515236,0.9905817174515236,0.9905817174515236,0.9905817174515236,0.9905817174515236,0.9905817174515236,0.9905817174515236,0.9905817174515236,0.9905817174515236,0.9902493074792243,0.990027700831025,0.9901385041551246,0.9899168975069252,0.9899168975069252,0.9899168975069252,0.9899168975069252,0.9902493074792243,0.9905817174515236,0.9902493074792243,0.9901385041551246,0.9901385041551246,0.9902493074792243,0.9903601108033241,0.9903601108033241,0.9903601108033241,0.9903601108033241,0.9903601108033241,0.9903601108033241,0.9903601108033241,0.9903601108033241,0.9903601108033241,0.9903601108033241,0.9903601108033241,0.9903601108033241,0.9903601108033241,0.9903601108033241,0.9901385041551246,0.990027700831025,0.990027700831025,0.990027700831025,0.990027700831025,0.990027700831025,0.990027700831025,0.990027700831025,0.9904709141274238,0.9899168975069252,0.9899168975069252,0.9899168975069252,0.989584487534626,0.9899168975069252,0.9898060941828255,0.9899168975069252,0.9898060941828255,0.9898060941828255,0.9899168975069252,0.9898060941828255,0.9898060941828255,0.9899168975069252,0.990027700831025,0.990027700831025,0.990027700831025,0.990027700831025,0.990027700831025,0.9898060941828255,0.9898060941828255,0.9898060941828255,0.9898060941828255,0.9898060941828255,0.989584487534626,0.9903601108033241,0.9903601108033241,0.9903601108033241,0.9903601108033241,0.9903601108033241,0.9898060941828255,0.9901385041551246,0.9901385041551246,0.9901385041551246,0.9881440443213296,0.9903601108033241,0.9903601108033241,0.988808864265928,0.9913573407202216,0.9913573407202216,0.9913573407202216,0.9913573407202216,0.9913573407202216,0.9913573407202216,0.9913573407202216,0.9913573407202216,0.9913573407202216,0.9913573407202216,0.9913573407202216,0.9913573407202216,0.9913573407202216,0.9913573407202216,0.9913573407202216,0.9913573407202216,0.9913573407202216,0.9913573407202216,0.991578947368421,0.991578947368421,0.991578947368421,0.991578947368421,0.991578947368421,0.991578947368421,0.991578947368421,0.991578947368421,0.991578947368421,0.991578947368421,0.991578947368421,0.991578947368421,0.991578947368421,0.99202216066482,0.9922437673130194,0.9922437673130194,0.9922437673130194,0.9922437673130194,0.9922437673130194,0.9922437673130194,0.9922437673130194,0.9922437673130194,0.991578947368421,0.991578947368421,0.9903601108033241,0.99202216066482,0.99202216066482,0.99202216066482,0.99202216066482,0.9926869806094183,0.9924653739612188,0.9924653739612188,0.9899168975069252,0.9918005540166205,0.9909141274238227,0.9909141274238227,0.9893628808864265,0.9898060941828255,0.9892520775623269,0.9892520775623269,0.9892520775623269,0.9892520775623269,0.9892520775623269,0.9892520775623269,0.9892520775623269,0.9892520775623269,0.9892520775623269,0.9892520775623269,0.9892520775623269,0.9892520775623269,0.9892520775623269,0.9892520775623269,0.9892520775623269,0.9892520775623269,0.9892520775623269,0.9892520775623269,0.9892520775623269,0.9892520775623269,0.990027700831025,0.9904709141274238,0.9904709141274238,0.9904709141274238,0.9904709141274238,0.9904709141274238,0.9904709141274238,0.9904709141274238,0.9904709141274238,0.9904709141274238,0.9904709141274238,0.9904709141274238,0.9904709141274238,0.9904709141274238,0.9904709141274238,0.9904709141274238,0.9892520775623269,0.9909141274238227,0.9906925207756233,0.9899168975069252,0.9899168975069252,0.990027700831025,0.9902493074792243,0.9902493074792243,0.9904709141274238,0.9893628808864265,0.9903601108033241,0.9902493074792243,0.9903601108033241,0.9903601108033241,0.9893628808864265,0.9893628808864265,0.9905817174515236,0.9903601108033241,0.9903601108033241,0.9902493074792243,0.9908033240997229,0.9908033240997229,0.9908033240997229,0.9908033240997229,0.9908033240997229,0.9908033240997229,0.9908033240997229,0.9908033240997229,0.9908033240997229,0.9908033240997229,0.9908033240997229,0.9908033240997229,0.9908033240997229,0.9908033240997229,0.9908033240997229,0.9908033240997229,0.9908033240997229,0.9908033240997229,0.9908033240997229,0.9908033240997229,0.9908033240997229,0.9908033240997229,0.9908033240997229,0.9908033240997229,0.9908033240997229,0.9908033240997229,0.9908033240997229,0.9908033240997229,0.9908033240997229,0.9908033240997229,0.9908033240997229,0.9908033240997229,0.9908033240997229,0.9908033240997229,0.9908033240997229,0.9908033240997229,0.9908033240997229,0.9908033240997229,0.9908033240997229,0.9908033240997229,0.9908033240997229,0.9908033240997229,0.9908033240997229,0.9908033240997229,0.9908033240997229,0.9908033240997229,0.9908033240997229,0.9908033240997229,0.9908033240997229,0.9908033240997229,0.9908033240997229,0.9908033240997229,0.9908033240997229,0.9908033240997229,0.9901385041551246,0.9899168975069252,0.9899168975069252,0.9899168975069252,0.9899168975069252,0.9899168975069252,0.9899168975069252,0.9899168975069252,0.9899168975069252,0.9899168975069252,0.9899168975069252,0.9899168975069252,0.9899168975069252,0.9899168975069252,0.9899168975069252,0.9899168975069252,0.9899168975069252,0.9899168975069252,0.9899168975069252,0.9901385041551246,0.9901385041551246,0.9901385041551246,0.9901385041551246,0.9901385041551246,0.9901385041551246,0.9901385041551246,0.9901385041551246,0.9901385041551246,0.9901385041551246,0.9902493074792243,0.990027700831025,0.9899168975069252,0.9894736842105263,0.9894736842105263,0.9904709141274238,0.9899168975069252,0.9896952908587258,0.9896952908587258,0.9896952908587258,0.9899168975069252,0.9899168975069252,0.9896952908587258,0.9896952908587258,0.9898060941828255,0.9896952908587258,0.9896952908587258,0.9896952908587258,0.9896952908587258,0.9896952908587258,0.9896952908587258,0.9896952908587258,0.9896952908587258,0.9905817174515236,0.9905817174515236,0.9908033240997229,0.990027700831025,0.9905817174515236,0.9905817174515236,0.9903601108033241,0.9903601108033241,0.9910249307479224,0.9910249307479224,0.9910249307479224,0.9910249307479224,0.9910249307479224,0.9910249307479224,0.9910249307479224,0.9910249307479224,0.9910249307479224,0.9910249307479224,0.9910249307479224,0.9910249307479224,0.9910249307479224,0.9910249307479224,0.9910249307479224,0.9910249307479224,0.9910249307479224,0.9910249307479224,0.9910249307479224,0.9910249307479224,0.9910249307479224,0.9899168975069252,0.9908033240997229,0.9908033240997229,0.9908033240997229,0.9908033240997229,0.9908033240997229,0.9908033240997229,0.9908033240997229,0.9908033240997229,0.9908033240997229,0.9908033240997229,0.9908033240997229,0.9908033240997229,0.9908033240997229,0.9908033240997229,0.9908033240997229,0.9908033240997229,0.9908033240997229,0.9908033240997229,0.9908033240997229,0.9908033240997229,0.9908033240997229,0.9908033240997229,0.9908033240997229,0.9908033240997229,0.9908033240997229,0.9908033240997229,0.9908033240997229,0.9910249307479224,0.9910249307479224,0.9910249307479224,0.9910249307479224,0.9910249307479224,0.9910249307479224,0.9910249307479224,0.9910249307479224,0.9910249307479224,0.9910249307479224,0.9910249307479224,0.9910249307479224,0.9910249307479224,0.9910249307479224,0.9910249307479224,0.9910249307479224,0.9910249307479224,0.9910249307479224,0.9910249307479224,0.9910249307479224,0.9910249307479224,0.9910249307479224,0.9910249307479224,0.9910249307479224,0.9910249307479224,0.9910249307479224,0.9910249307479224,0.9910249307479224,0.9910249307479224,0.9910249307479224,0.9910249307479224,0.9910249307479224,0.9910249307479224,0.9910249307479224,0.9910249307479224,0.9910249307479224,0.9910249307479224,0.9910249307479224,0.9910249307479224,0.9910249307479224,0.9910249307479224,0.9910249307479224,0.9910249307479224,0.9910249307479224,0.9910249307479224,0.9910249307479224,0.9912465373961219,0.9912465373961219,0.9912465373961219,0.9912465373961219,0.9912465373961219,0.9912465373961219,0.9912465373961219,0.9912465373961219,0.9912465373961219,0.9912465373961219,0.9912465373961219,0.9912465373961219,0.9912465373961219,0.9912465373961219,0.9912465373961219,0.9912465373961219,0.9912465373961219,0.9912465373961219,0.9912465373961219,0.9912465373961219,0.9912465373961219,0.9912465373961219,0.9912465373961219,0.9912465373961219,0.9912465373961219,0.9912465373961219,0.9912465373961219,0.9912465373961219,0.9912465373961219,0.9912465373961219,0.9912465373961219,0.9912465373961219,0.9912465373961219,0.9912465373961219,0.9912465373961219,0.9912465373961219,0.9912465373961219,0.9912465373961219,0.9912465373961219,0.9912465373961219,0.9912465373961219,0.9912465373961219,0.988808864265928,0.9896952908587258,0.9844875346260388,0.9849307479224376,0.9849307479224376,0.9858171745152354,0.9792797783933518,0.9820498614958448,0.9840443213296399,0.9845983379501385,0.984819944598338,0.9831578947368421,0.9831578947368421,0.9826038781163435,0.982382271468144,0.982382271468144,0.982382271468144,0.982382271468144,0.982382271468144,0.982382271468144,0.982382271468144,0.982382271468144,0.982382271468144,0.982382271468144,0.982382271468144,0.982382271468144,0.982382271468144,0.982382271468144,0.982382271468144,0.982382271468144,0.982382271468144,0.982382271468144,0.982382271468144,0.982382271468144,0.982382271468144,0.982382271468144,0.982382271468144,0.982382271468144,0.982382271468144,0.982382271468144,0.982382271468144,0.982382271468144,0.982382271468144,0.982382271468144,0.982382271468144,0.982382271468144,0.982382271468144,0.982382271468144,0.982382271468144,0.982382271468144,0.982382271468144,0.982382271468144,0.982382271468144,0.982382271468144,0.982382271468144,0.982382271468144,0.982382271468144,0.982382271468144,0.982382271468144,0.982382271468144,0.982382271468144,0.982382271468144,0.9806094182825484,0.9814958448753462,0.9814958448753462,0.9814958448753462,0.9814958448753462,0.9808310249307479,0.9808310249307479,0.9808310249307479,0.9808310249307479,0.9808310249307479,0.9812742382271468,0.9812742382271468,0.9754016620498615,0.9793905817174515,0.9793905817174515,0.9793905817174515,0.979168975069252,0.9798337950138504,0.9803878116343491,0.9800554016620499,0.9800554016620499,0.9802770083102493,0.9800554016620499,0.9795013850415513,0.9793905817174515,0.9797229916897507,0.9797229916897507,0.9792797783933518,0.9738504155124654,0.9779501385041551,0.9762880886426593,0.9762880886426593,0.9762880886426593,0.9758448753462604,0.978393351800554,0.9773961218836565,0.9773961218836565,0.9773961218836565,0.9775069252077563,0.9769529085872576,0.9769529085872576,0.9771745152354571,0.9769529085872576,0.9769529085872576,0.9769529085872576,0.9765096952908587,0.9780609418282549,0.9799445983379501,0.9748476454293629,0.9785041551246537,0.9785041551246537,0.9782825484764542,0.9782825484764542,0.9782825484764542,0.9782825484764542,0.9797229916897507,0.9806094182825484,0.9803878116343491,0.979168975069252,0.9795013850415513,0.9789473684210527,0.9789473684210527,0.9767313019390582,0.9800554016620499,0.9800554016620499,0.9800554016620499,0.9798337950138504,0.9798337950138504,0.9799445983379501,0.9793905817174515,0.9793905817174515,0.9800554016620499,0.979168975069252,0.979168975069252,0.979168975069252,0.979168975069252,0.979168975069252,0.9788365650969529,0.9798337950138504,0.9798337950138504,0.9798337950138504,0.9798337950138504,0.9798337950138504,0.9798337950138504,0.9798337950138504,0.9798337950138504,0.9786149584487535,0.9798337950138504,0.9793905817174515,0.9785041551246537,0.9786149584487535,0.9786149584487535,0.9798337950138504,0.9800554016620499,0.9798337950138504,0.9798337950138504,0.9800554016620499,0.9800554016620499,0.9800554016620499,0.9788365650969529,0.9802770083102493,0.9802770083102493,0.9802770083102493,0.9788365650969529,0.979612188365651,0.979612188365651,0.9793905817174515,0.9803878116343491,0.9804986149584487,0.9802770083102493,0.9807202216066482,0.9800554016620499,0.9800554016620499,0.9800554016620499,0.9795013850415513,0.9790581717451523,0.9790581717451523,0.9802770083102493,0.9790581717451523,0.9802770083102493,0.9802770083102493,0.9802770083102493,0.9802770083102493,0.9802770083102493,0.9802770083102493,0.9802770083102493,0.9802770083102493,0.9802770083102493,0.9802770083102493,0.9802770083102493,0.9802770083102493,0.9802770083102493,0.9802770083102493,0.9802770083102493,0.9802770083102493,0.9802770083102493,0.9802770083102493,0.9802770083102493,0.9802770083102493,0.9802770083102493,0.9802770083102493,0.9802770083102493,0.9807202216066482,0.9792797783933518,0.9786149584487535,0.9786149584487535,0.9786149584487535,0.9786149584487535,0.9786149584487535,0.9786149584487535,0.9786149584487535,0.9786149584487535,0.9786149584487535,0.9786149584487535,0.9786149584487535,0.9786149584487535,0.9786149584487535,0.9786149584487535,0.9786149584487535,0.9786149584487535,0.9786149584487535,0.9786149584487535,0.9786149584487535,0.9786149584487535,0.9786149584487535,0.9786149584487535,0.9786149584487535,0.9786149584487535,0.9786149584487535,0.9786149584487535,0.9786149584487535,0.9786149584487535,0.9786149584487535,0.9786149584487535,0.9786149584487535,0.9786149584487535,0.9786149584487535,0.9786149584487535,0.9786149584487535,0.9786149584487535,0.9786149584487535,0.9786149584487535,0.9786149584487535,0.9786149584487535,0.9786149584487535,0.9786149584487535,0.9786149584487535,0.9786149584487535,0.9786149584487535,0.9786149584487535,0.9786149584487535,0.9786149584487535,0.9786149584487535,0.9786149584487535,0.9786149584487535,0.9786149584487535,0.9786149584487535,0.9786149584487535,0.9786149584487535,0.9786149584487535,0.9786149584487535,0.9786149584487535,0.9786149584487535,0.9786149584487535,0.9786149584487535,0.9786149584487535,0.9786149584487535,0.9786149584487535,0.9786149584487535,0.9786149584487535,0.9786149584487535,0.9786149584487535,0.9786149584487535,0.9786149584487535,0.9786149584487535,0.9786149584487535,0.9786149584487535,0.9786149584487535,0.9786149584487535,0.9786149584487535,0.9786149584487535,0.9786149584487535,0.9786149584487535,0.9786149584487535,0.9786149584487535,0.9786149584487535,0.9786149584487535,0.9786149584487535,0.9786149584487535,0.9786149584487535,0.9786149584487535,0.9786149584487535,0.9786149584487535,0.9786149584487535,0.9786149584487535,0.9786149584487535,0.9786149584487535,0.9786149584487535,0.9786149584487535,0.9786149584487535,0.9786149584487535,0.9786149584487535,0.979612188365651,0.9792797783933518,0.9788365650969529,0.9788365650969529,0.9788365650969529,0.9788365650969529,0.9788365650969529,0.9788365650969529,0.9788365650969529,0.9788365650969529,0.9788365650969529,0.9788365650969529,0.9788365650969529,0.9788365650969529,0.9788365650969529,0.9788365650969529,0.9788365650969529,0.978393351800554,0.9788365650969529,0.9788365650969529,0.9788365650969529,0.9788365650969529,0.9786149584487535,0.979612188365651,0.9793905817174515,0.9793905817174515,0.9798337950138504,0.9786149584487535,0.9795013850415513,0.9795013850415513,0.9788365650969529,0.9798337950138504,0.9798337950138504,0.979168975069252,0.9793905817174515,0.9797229916897507,0.9797229916897507,0.9797229916897507,0.9797229916897507,0.9797229916897507,0.9797229916897507,0.9797229916897507,0.9797229916897507,0.9797229916897507,0.9797229916897507,0.9797229916897507,0.9797229916897507,0.9797229916897507,0.9797229916897507,0.9797229916897507,0.9797229916897507,0.9795013850415513,0.9797229916897507,0.9797229916897507,0.9797229916897507,0.9797229916897507,0.9797229916897507,0.9797229916897507,0.9797229916897507,0.9797229916897507,0.9797229916897507,0.9797229916897507,0.9797229916897507,0.9797229916897507,0.9793905817174515,0.9790581717451523,0.9790581717451523,0.9790581717451523,0.9790581717451523,0.9800554016620499,0.9802770083102493,0.9802770083102493,0.9802770083102493,0.9800554016620499,0.9800554016620499,0.9800554016620499,0.9800554016620499,0.9800554016620499,0.979612188365651,0.9798337950138504,0.9786149584487535,0.9798337950138504,0.9798337950138504,0.9798337950138504,0.9798337950138504,0.9798337950138504,0.9798337950138504,0.9798337950138504,0.9793905817174515,0.9781717451523546,0.9785041551246537,0.9785041551246537,0.9787257617728532,0.9787257617728532,0.9787257617728532,0.9787257617728532,0.9787257617728532,0.9787257617728532,0.9787257617728532,0.9787257617728532,0.9787257617728532,0.9787257617728532,0.9787257617728532,0.9787257617728532,0.9787257617728532,0.9787257617728532,0.9787257617728532,0.9787257617728532,0.9787257617728532,0.9787257617728532,0.9787257617728532,0.9787257617728532,0.9787257617728532,0.9787257617728532,0.9787257617728532,0.9762880886426593,0.9754016620498615,0.9759556786703601,0.9759556786703601,0.9759556786703601,0.9759556786703601,0.9746260387811634,0.9758448753462604,0.9717451523545706,0.9708587257617729,0.971191135734072,0.971191135734072,0.971634349030471,0.971634349030471,0.9685318559556787,0.9707479224376732,0.9697506925207756,0.9697506925207756,0.9697506925207756,0.9697506925207756,0.9697506925207756,0.9697506925207756,0.9697506925207756,0.9697506925207756,0.9697506925207756,0.9697506925207756,0.9697506925207756,0.9697506925207756,0.9697506925207756,0.9697506925207756,0.9697506925207756,0.9697506925207756,0.9697506925207756,0.9697506925207756,0.9697506925207756,0.9697506925207756,0.9697506925207756,0.9697506925207756,0.9697506925207756,0.9697506925207756,0.9697506925207756,0.9697506925207756,0.9697506925207756,0.9697506925207756,0.9697506925207756,0.9697506925207756,0.9697506925207756,0.9697506925207756,0.9697506925207756,0.9697506925207756,0.9697506925207756,0.9697506925207756,0.9697506925207756,0.9697506925207756,0.9697506925207756,0.9697506925207756,0.9697506925207756,0.9697506925207756,0.9697506925207756,0.9697506925207756,0.9697506925207756,0.9697506925207756,0.9697506925207756,0.9697506925207756,0.9697506925207756,0.9697506925207756,0.9699722991689751,0.9699722991689751,0.9695290858725761,0.9703047091412742,0.9693074792243768,0.9695290858725761,0.9695290858725761,0.9697506925207756,0.9697506925207756,0.9697506925207756,0.9697506925207756,0.9697506925207756,0.9697506925207756,0.9697506925207756,0.9697506925207756,0.9697506925207756,0.9697506925207756,0.9697506925207756,0.9703047091412742,0.9697506925207756,0.9697506925207756,0.9697506925207756,0.9695290858725761,0.9695290858725761,0.9695290858725761,0.9695290858725761,0.9695290858725761,0.9695290858725761,0.9695290858725761,0.9695290858725761,0.9703047091412742,0.9697506925207756,0.9697506925207756,0.9697506925207756,0.9697506925207756,0.9697506925207756,0.9697506925207756,0.9697506925207756,0.9697506925207756,0.9697506925207756,0.9697506925207756,0.9697506925207756,0.9697506925207756,0.9697506925207756,0.9703047091412742,0.9698614958448754,0.9707479224376732,0.9719667590027701,0.9710803324099723,0.971191135734072,0.971191135734072,0.971191135734072,0.971191135734072,0.9680886426592797,0.9680886426592797,0.9683102493074792,0.9715235457063712,0.9715235457063712,0.9705263157894737,0.9705263157894737,0.9705263157894737,0.9700831024930748,0.9694182825484765,0.9694182825484765,0.9694182825484765,0.9717451523545706,0.9717451523545706,0.9700831024930748,0.9698614958448754,0.9698614958448754,0.9703047091412742,0.9703047091412742,0.9703047091412742,0.9703047091412742,0.9703047091412742,0.9703047091412742,0.9703047091412742,0.9703047091412742,0.9703047091412742,0.9703047091412742,0.9703047091412742,0.9703047091412742,0.9703047091412742,0.9703047091412742,0.9703047091412742,0.9703047091412742,0.9703047091412742,0.9703047091412742,0.9703047091412742,0.9703047091412742,0.9703047091412742,0.9703047091412742,0.9703047091412742,0.9703047091412742,0.9703047091412742,0.9703047091412742,0.9703047091412742,0.9703047091412742,0.9703047091412742,0.9703047091412742,0.9703047091412742,0.9703047091412742,0.9703047091412742,0.9703047091412742,0.9703047091412742,0.9703047091412742,0.9703047091412742,0.9703047091412742,0.9703047091412742,0.9703047091412742,0.9703047091412742,0.9703047091412742,0.9703047091412742,0.9703047091412742,0.9703047091412742,0.9703047091412742,0.9703047091412742,0.9703047091412742,0.9703047091412742,0.9703047091412742,0.9703047091412742,0.9703047091412742,0.9703047091412742,0.9703047091412742,0.9703047091412742,0.9703047091412742,0.9694182825484765,0.9696398891966759,0.9704155124653739,0.9689750692520775,0.9696398891966759,0.9699722991689751,0.9696398891966759,0.9698614958448754,0.9710803324099723,0.9710803324099723,0.9710803324099723,0.9710803324099723,0.9698614958448754,0.9710803324099723,0.9698614958448754,0.9703047091412742,0.9700831024930748,0.9708587257617729,0.9710803324099723,0.9708587257617729,0.9715235457063712,0.9715235457063712,0.9715235457063712,0.9715235457063712,0.9708587257617729,0.9703047091412742,0.9706371191135734,0.9703047091412742,0.9703047091412742,0.9699722991689751,0.9708587257617729,0.9704155124653739,0.9704155124653739,0.9704155124653739,0.9704155124653739,0.9704155124653739,0.9704155124653739,0.9704155124653739,0.9704155124653739,0.9704155124653739,0.9704155124653739,0.9704155124653739,0.9704155124653739,0.9704155124653739,0.9704155124653739,0.9704155124653739,0.9708587257617729,0.9708587257617729,0.9708587257617729,0.9708587257617729,0.9710803324099723,0.9700831024930748,0.9708587257617729,0.9706371191135734,0.9708587257617729,0.9701939058171745,0.9700831024930748,0.9700831024930748,0.9706371191135734,0.9698614958448754,0.9708587257617729,0.9706371191135734,0.9698614958448754,0.9698614958448754,0.9706371191135734,0.9698614958448754,0.9698614958448754,0.9704155124653739,0.9694182825484765,0.9713019390581717,0.9713019390581717,0.9708587257617729,0.9710803324099723,0.9696398891966759,0.9694182825484765,0.9694182825484765,0.9694182825484765,0.9696398891966759,0.9713019390581717,0.9715235457063712,0.9704155124653739,0.9704155124653739,0.9704155124653739,0.9704155124653739,0.9704155124653739,0.9704155124653739,0.9696398891966759,0.9704155124653739,0.9696398891966759,0.969196675900277,0.9710803324099723,0.9710803324099723,0.9696398891966759,0.9696398891966759,0.9694182825484765,0.9694182825484765,0.9696398891966759,0.9694182825484765,0.9713019390581717,0.9713019390581717,0.9701939058171745,0.9701939058171745,0.9701939058171745,0.9701939058171745,0.9701939058171745,0.9696398891966759,0.9715235457063712,0.9719667590027701,0.9689750692520775,0.9689750692520775,0.9689750692520775,0.9689750692520775,0.9687534626038781,0.9694182825484765,0.9694182825484765,0.9694182825484765,0.9708587257617729,0.9694182825484765,0.9694182825484765,0.9694182825484765,0.9694182825484765,0.9694182825484765,0.9689750692520775,0.969196675900277,0.969196675900277,0.969196675900277,0.9704155124653739,0.9694182825484765,0.9694182825484765,0.9694182825484765,0.9694182825484765,0.9694182825484765,0.9694182825484765,0.9694182825484765,0.9694182825484765,0.9694182825484765,0.9694182825484765,0.9694182825484765,0.9694182825484765,0.9694182825484765,0.9694182825484765,0.9694182825484765,0.9694182825484765,0.9694182825484765,0.9694182825484765,0.9694182825484765,0.9694182825484765,0.9694182825484765,0.9694182825484765,0.9694182825484765,0.9694182825484765,0.9694182825484765,0.9694182825484765,0.9694182825484765,0.9694182825484765,0.9694182825484765,0.9694182825484765,0.9694182825484765,0.9694182825484765,0.9694182825484765,0.9694182825484765,0.9694182825484765,0.9694182825484765,0.9694182825484765,0.9694182825484765,0.9694182825484765,0.9700831024930748,0.9700831024930748,0.9700831024930748,0.9700831024930748,0.9700831024930748,0.9700831024930748,0.9700831024930748,0.9700831024930748,0.9700831024930748,0.9700831024930748,0.9700831024930748,0.9700831024930748,0.9700831024930748,0.9700831024930748,0.9700831024930748,0.9700831024930748,0.9700831024930748,0.9700831024930748,0.9700831024930748,0.9700831024930748,0.9698614958448754,0.9700831024930748,0.9704155124653739,0.9700831024930748,0.9700831024930748,0.9700831024930748,0.9700831024930748,0.9694182825484765,0.9706371191135734,0.9698614958448754,0.9706371191135734,0.9706371191135734,0.9706371191135734,0.9689750692520775,0.9715235457063712,0.9717451523545706,0.9694182825484765,0.9715235457063712,0.9715235457063712,0.9715235457063712,0.9715235457063712,0.9710803324099723,0.969196675900277,0.969196675900277,0.969196675900277,0.969196675900277,0.969196675900277,0.969196675900277,0.969196675900277,0.969196675900277,0.969196675900277,0.969196675900277,0.969196675900277,0.969196675900277,0.9689750692520775,0.9689750692520775,0.9694182825484765,0.9689750692520775,0.9689750692520775,0.9689750692520775,0.9689750692520775,0.9689750692520775,0.9689750692520775,0.9689750692520775,0.9689750692520775,0.9689750692520775,0.9689750692520775,0.9689750692520775,0.9689750692520775,0.9689750692520775,0.9689750692520775,0.9689750692520775,0.9689750692520775,0.9689750692520775,0.9689750692520775,0.9689750692520775,0.9689750692520775,0.9689750692520775,0.9689750692520775,0.9689750692520775,0.9689750692520775,0.9689750692520775,0.9689750692520775,0.9689750692520775,0.9689750692520775,0.9689750692520775,0.9689750692520775,0.9689750692520775,0.9689750692520775,0.9689750692520775,0.9689750692520775,0.9689750692520775,0.9689750692520775,0.9689750692520775,0.9689750692520775,0.9689750692520775,0.9689750692520775,0.9689750692520775,0.9689750692520775,0.9689750692520775,0.9689750692520775,0.9689750692520775,0.9689750692520775,0.9689750692520775,0.9689750692520775,0.9689750692520775,0.9689750692520775,0.9689750692520775,0.9689750692520775,0.9689750692520775,0.9689750692520775,0.9689750692520775,0.9689750692520775,0.9689750692520775,0.9689750692520775,0.9689750692520775,0.9689750692520775,0.9689750692520775,0.9689750692520775,0.9689750692520775,0.9689750692520775,0.9689750692520775,0.9689750692520775,0.9689750692520775,0.9689750692520775,0.9689750692520775,0.9689750692520775,0.9689750692520775,0.9689750692520775,0.9689750692520775,0.9689750692520775,0.9689750692520775,0.9689750692520775,0.9689750692520775,0.9689750692520775,0.9689750692520775,0.9689750692520775,0.9689750692520775,0.9689750692520775,0.9689750692520775,0.9689750692520775,0.9689750692520775,0.9689750692520775,0.9689750692520775,0.9689750692520775,0.9689750692520775,0.9689750692520775,0.9689750692520775,0.9689750692520775,0.9689750692520775,0.9689750692520775,0.9689750692520775,0.9689750692520775,0.9689750692520775,0.9689750692520775,0.9689750692520775,0.9689750692520775,0.9689750692520775,0.9689750692520775,0.9689750692520775,0.9689750692520775,0.9689750692520775,0.9689750692520775,0.9689750692520775,0.9689750692520775,0.9689750692520775,0.9689750692520775,0.9689750692520775,0.9689750692520775,0.9689750692520775,0.9689750692520775,0.9689750692520775,0.9689750692520775,0.9689750692520775,0.9689750692520775,0.9689750692520775,0.9689750692520775,0.9689750692520775,0.9689750692520775,0.9689750692520775,0.9689750692520775,0.9689750692520775,0.9689750692520775,0.9689750692520775,0.9689750692520775,0.9689750692520775,0.9689750692520775,0.9689750692520775,0.9689750692520775,0.9689750692520775,0.9689750692520775,0.9689750692520775,0.9689750692520775,0.9689750692520775,0.9689750692520775,0.9696398891966759,0.9717451523545706,0.969196675900277,0.9696398891966759,0.9696398891966759,0.9696398891966759,0.9696398891966759,0.9689750692520775,0.9689750692520775,0.9689750692520775,0.9689750692520775,0.9689750692520775,0.9689750692520775,0.968421052631579,0.9683102493074792,0.9685318559556787,0.9685318559556787,0.9685318559556787,0.9687534626038781,0.9688642659279778,0.9687534626038781,0.9687534626038781,0.9687534626038781,0.9619944598337951,0.9675346260387812,0.9674238227146814,0.9674238227146814,0.9674238227146814,0.9674238227146814,0.9674238227146814,0.9668698060941828,0.9668698060941828,0.9668698060941828,0.9668698060941828,0.9668698060941828,0.9675346260387812,0.9668698060941828,0.9674238227146814,0.9675346260387812,0.9675346260387812,0.9675346260387812,0.9673130193905817,0.9675346260387812,0.9675346260387812,0.9675346260387812,0.96797783933518,0.96797783933518,0.9683102493074792,0.96797783933518,0.96797783933518,0.9680886426592797,0.9675346260387812,0.9675346260387812,0.9675346260387812,0.9683102493074792,0.9683102493074792,0.9683102493074792,0.9678670360110804,0.9680886426592797,0.9678670360110804,0.9678670360110804,0.9678670360110804,0.9680886426592797,0.9680886426592797,0.9680886426592797,0.9680886426592797,0.9680886426592797,0.9680886426592797,0.9680886426592797,0.9680886426592797,0.9680886426592797,0.9680886426592797,0.9680886426592797,0.9680886426592797,0.9680886426592797,0.9680886426592797,0.9680886426592797,0.9680886426592797,0.9683102493074792,0.9685318559556787,0.9683102493074792,0.9687534626038781,0.9701939058171745,0.9685318559556787,0.9689750692520775,0.9699722991689751,0.9685318559556787,0.9685318559556787,0.9685318559556787,0.9685318559556787,0.9685318559556787,0.9685318559556787,0.9685318559556787,0.9713019390581717,0.9687534626038781,0.9689750692520775,0.9697506925207756,0.9699722991689751,0.9699722991689751,0.9701939058171745,0.9701939058171745,0.9700831024930748,0.9700831024930748,0.9699722991689751,0.9696398891966759,0.9696398891966759,0.9701939058171745,0.9699722991689751,0.9699722991689751,0.9699722991689751,0.9699722991689751,0.9694182825484765,0.9695290858725761,0.9695290858725761,0.9695290858725761,0.9695290858725761,0.9695290858725761,0.9695290858725761,0.9695290858725761,0.9695290858725761,0.9695290858725761,0.9695290858725761,0.9695290858725761,0.9695290858725761,0.9695290858725761,0.9695290858725761,0.9695290858725761,0.9695290858725761,0.9695290858725761,0.9695290858725761,0.9695290858725761,0.9693074792243768,0.9695290858725761,0.9695290858725761,0.9695290858725761,0.9695290858725761,0.9695290858725761,0.9695290858725761,0.9695290858725761,0.9695290858725761,0.9693074792243768,0.9695290858725761,0.9693074792243768,0.9693074792243768,0.9693074792243768,0.9693074792243768,0.9693074792243768,0.9693074792243768,0.9693074792243768,0.9693074792243768,0.9693074792243768,0.9693074792243768,0.9693074792243768,0.9693074792243768,0.9693074792243768,0.9698614958448754,0.9686426592797784,0.9686426592797784,0.9686426592797784,0.9686426592797784,0.9686426592797784,0.9686426592797784,0.9686426592797784,0.9686426592797784,0.9686426592797784,0.9686426592797784,0.9686426592797784,0.9686426592797784,0.9686426592797784,0.9686426592797784,0.9686426592797784,0.9686426592797784,0.9686426592797784,0.9686426592797784,0.9690858725761773,0.9690858725761773,0.9690858725761773,0.9680886426592797,0.9697506925207756,0.9697506925207756,0.9697506925207756,0.9695290858725761,0.9693074792243768,0.9693074792243768,0.9693074792243768,0.9693074792243768,0.9693074792243768,0.9693074792243768,0.9693074792243768,0.9698614958448754,0.9698614958448754,0.9698614958448754,0.9698614958448754,0.9698614958448754,0.9698614958448754,0.9698614958448754,0.9698614958448754,0.9698614958448754,0.9698614958448754,0.9698614958448754,0.9698614958448754,0.9698614958448754,0.9698614958448754,0.9698614958448754,0.9698614958448754,0.9698614958448754,0.9698614958448754,0.9698614958448754,0.9698614958448754,0.9698614958448754,0.9698614958448754,0.9698614958448754,0.9703047091412742,0.9703047091412742,0.9703047091412742,0.9703047091412742,0.9703047091412742,0.9703047091412742,0.9703047091412742,0.9703047091412742,0.9703047091412742,0.9703047091412742,0.9703047091412742,0.9703047091412742,0.9703047091412742,0.9703047091412742,0.9700831024930748,0.9700831024930748,0.9700831024930748,0.9700831024930748,0.9700831024930748,0.9700831024930748,0.9700831024930748,0.9705263157894737,0.9705263157894737,0.9705263157894737,0.9705263157894737,0.9705263157894737,0.9705263157894737,0.9700831024930748,0.9700831024930748,0.9700831024930748,0.9700831024930748,0.9700831024930748,0.9700831024930748,0.9700831024930748,0.9700831024930748,0.9700831024930748,0.9700831024930748,0.9700831024930748,0.9700831024930748,0.9700831024930748,0.9700831024930748,0.9700831024930748,0.9700831024930748,0.9700831024930748,0.9700831024930748,0.9700831024930748,0.9700831024930748,0.9700831024930748,0.9700831024930748,0.9700831024930748,0.9700831024930748,0.9700831024930748,0.9700831024930748,0.9700831024930748,0.9700831024930748,0.9700831024930748,0.9700831024930748,0.9700831024930748,0.9700831024930748,0.9700831024930748,0.9700831024930748,0.9700831024930748,0.9700831024930748,0.9700831024930748,0.9700831024930748,0.9698614958448754,0.9693074792243768,0.9686426592797784,0.9688642659279778,0.9694182825484765,0.9694182825484765,0.9681994459833795,0.96797783933518,0.96797783933518,0.96797783933518,0.96797783933518,0.96797783933518,0.96797783933518,0.9689750692520775,0.9689750692520775,0.96797783933518,0.96797783933518,0.968421052631579,0.968421052631579,0.968421052631579,0.968421052631579,0.968421052631579,0.968421052631579,0.968421052631579,0.968421052631579,0.968421052631579,0.968421052631579,0.968421052631579,0.968421052631579,0.968421052631579,0.968421052631579,0.968421052631579,0.968421052631579,0.9697506925207756,0.9697506925207756,0.9695290858725761,0.9697506925207756,0.9699722991689751,0.9699722991689751,0.9697506925207756,0.9699722991689751,0.9697506925207756,0.9697506925207756,0.9697506925207756,0.9697506925207756,0.9697506925207756,0.9697506925207756,0.9697506925207756,0.9697506925207756,0.9697506925207756,0.9697506925207756,0.9697506925207756,0.9697506925207756,0.9697506925207756,0.9697506925207756,0.9697506925207756,0.9697506925207756,0.9697506925207756,0.9697506925207756,0.9697506925207756,0.9697506925207756,0.9697506925207756,0.9697506925207756,0.9697506925207756,0.9697506925207756,0.9697506925207756,0.9697506925207756,0.9697506925207756,0.9697506925207756,0.9697506925207756,0.9697506925207756,0.9697506925207756,0.9697506925207756,0.9697506925207756,0.9697506925207756,0.9697506925207756,0.9697506925207756,0.9697506925207756,0.9697506925207756,0.9697506925207756,0.9697506925207756,0.9697506925207756,0.9697506925207756,0.9697506925207756,0.9697506925207756,0.9697506925207756,0.9697506925207756,0.9697506925207756,0.9697506925207756,0.9697506925207756,0.9697506925207756,0.9697506925207756,0.9697506925207756,0.9697506925207756,0.9697506925207756,0.9696398891966759,0.9704155124653739,0.9704155124653739,0.9704155124653739,0.9704155124653739,0.9704155124653739,0.9701939058171745,0.9701939058171745,0.9701939058171745,0.9701939058171745,0.9701939058171745,0.9701939058171745,0.9701939058171745,0.9701939058171745,0.9701939058171745,0.9701939058171745,0.9701939058171745,0.9701939058171745,0.9701939058171745,0.9701939058171745,0.9701939058171745,0.9701939058171745,0.9701939058171745,0.9701939058171745,0.9701939058171745,0.9701939058171745,0.9701939058171745,0.9701939058171745,0.9701939058171745,0.9701939058171745,0.9701939058171745,0.9701939058171745,0.9701939058171745,0.9701939058171745,0.9701939058171745,0.9701939058171745,0.9701939058171745,0.9701939058171745,0.9701939058171745,0.9701939058171745,0.9701939058171745,0.9701939058171745,0.9701939058171745,0.9701939058171745,0.9701939058171745,0.9701939058171745,0.9701939058171745,0.9701939058171745,0.9701939058171745,0.9701939058171745,0.9701939058171745,0.9701939058171745,0.9701939058171745,0.9701939058171745,0.9701939058171745,0.9701939058171745,0.9701939058171745,0.9701939058171745,0.9701939058171745,0.9701939058171745,0.9701939058171745,0.9701939058171745,0.9701939058171745,0.9701939058171745,0.9701939058171745,0.9701939058171745,0.9701939058171745,0.9701939058171745,0.9701939058171745,0.9701939058171745,0.9701939058171745,0.9701939058171745,0.9701939058171745,0.9701939058171745,0.9701939058171745,0.9701939058171745,0.9701939058171745,0.9701939058171745,0.9701939058171745,0.9701939058171745,0.9701939058171745,0.9701939058171745,0.9701939058171745,0.9701939058171745,0.9701939058171745,0.9701939058171745,0.9701939058171745,0.9701939058171745,0.9701939058171745,0.9701939058171745,0.9701939058171745,0.9701939058171745,0.9701939058171745,0.9701939058171745,0.9701939058171745,0.9701939058171745,0.9701939058171745,0.9701939058171745,0.9701939058171745,0.9701939058171745,0.9701939058171745,0.9701939058171745,0.9695290858725761,0.9695290858725761,0.9699722991689751,0.9703047091412742,0.9704155124653739,0.9704155124653739,0.9705263157894737,0.9704155124653739,0.9699722991689751,0.9701939058171745,0.9693074792243768,0.9693074792243768,0.9699722991689751,0.9699722991689751,0.9701939058171745,0.9701939058171745,0.9701939058171745,0.9701939058171745,0.9701939058171745,0.9701939058171745,0.9701939058171745,0.9701939058171745,0.9701939058171745,0.9701939058171745,0.9701939058171745,0.9701939058171745,0.9701939058171745,0.9701939058171745,0.9701939058171745,0.9701939058171745,0.9701939058171745,0.9701939058171745,0.9701939058171745,0.9701939058171745,0.9701939058171745,0.9701939058171745,0.9701939058171745,0.9701939058171745,0.9701939058171745,0.9701939058171745,0.9704155124653739,0.9704155124653739,0.9704155124653739,0.9704155124653739,0.9688642659279778,0.9701939058171745,0.9701939058171745,0.9701939058171745,0.9701939058171745,0.9701939058171745,0.9701939058171745,0.9704155124653739,0.9699722991689751,0.9699722991689751,0.9699722991689751,0.9699722991689751,0.9699722991689751,0.9701939058171745,0.9701939058171745,0.9701939058171745,0.9701939058171745,0.9701939058171745,0.9701939058171745,0.9701939058171745,0.9701939058171745,0.9701939058171745,0.9701939058171745,0.9706371191135734,0.9706371191135734,0.9706371191135734,0.9706371191135734,0.9706371191135734,0.9706371191135734,0.9706371191135734,0.9706371191135734,0.9706371191135734,0.9706371191135734,0.9683102493074792,0.9701939058171745,0.9697506925207756,0.9697506925207756,0.9697506925207756,0.9697506925207756,0.9697506925207756,0.9694182825484765,0.9689750692520775,0.9706371191135734,0.9687534626038781,0.9694182825484765,0.9706371191135734,0.9701939058171745,0.9701939058171745,0.9701939058171745,0.9701939058171745,0.9701939058171745,0.9701939058171745,0.9701939058171745,0.9701939058171745,0.9701939058171745,0.9701939058171745,0.9701939058171745,0.9701939058171745,0.9701939058171745,0.9701939058171745,0.9701939058171745,0.9701939058171745,0.9701939058171745,0.9701939058171745,0.9701939058171745,0.9701939058171745,0.9701939058171745,0.9699722991689751,0.9690858725761773,0.9698614958448754,0.9705263157894737,0.9693074792243768,0.9695290858725761,0.9703047091412742,0.9703047091412742,0.9703047091412742,0.9690858725761773,0.9686426592797784,0.9698614958448754,0.9697506925207756,0.9698614958448754,0.9700831024930748,0.9700831024930748,0.9697506925207756,0.9697506925207756,0.9697506925207756,0.9697506925207756,0.9697506925207756,0.9697506925207756,0.9697506925207756,0.9697506925207756,0.9697506925207756,0.9697506925207756,0.9697506925207756,0.9697506925207756,0.9697506925207756,0.9697506925207756,0.9697506925207756,0.9697506925207756,0.9697506925207756,0.9697506925207756,0.9697506925207756,0.9697506925207756,0.9697506925207756,0.9697506925207756,0.9686426592797784,0.9699722991689751,0.9699722991689751,0.9699722991689751,0.9699722991689751,0.9699722991689751,0.9699722991689751,0.9699722991689751,0.9699722991689751,0.9699722991689751,0.9699722991689751,0.9699722991689751,0.9699722991689751,0.9699722991689751,0.9699722991689751,0.9699722991689751,0.9699722991689751,0.9699722991689751,0.9699722991689751,0.9699722991689751,0.9699722991689751,0.9699722991689751,0.9699722991689751,0.9699722991689751,0.9699722991689751,0.9699722991689751,0.9699722991689751,0.9699722991689751,0.9699722991689751,0.9699722991689751,0.9699722991689751,0.9699722991689751,0.9699722991689751,0.9699722991689751,0.9699722991689751,0.9699722991689751,0.9699722991689751,0.9699722991689751,0.9699722991689751,0.9699722991689751,0.9699722991689751,0.9699722991689751,0.9699722991689751,0.9699722991689751,0.9699722991689751,0.9699722991689751,0.9699722991689751,0.9699722991689751,0.9699722991689751,0.9699722991689751,0.9699722991689751,0.9699722991689751,0.9699722991689751,0.9699722991689751,0.9699722991689751,0.9699722991689751,0.9699722991689751,0.9699722991689751,0.9699722991689751,0.9699722991689751,0.9699722991689751,0.9699722991689751,0.9699722991689751,0.9699722991689751,0.9699722991689751,0.9699722991689751,0.9699722991689751,0.9699722991689751,0.9699722991689751,0.9699722991689751,0.9699722991689751,0.9699722991689751,0.9699722991689751,0.9699722991689751,0.9699722991689751,0.9699722991689751,0.9699722991689751,0.9699722991689751,0.9699722991689751,0.9699722991689751,0.9699722991689751,0.9699722991689751,0.9699722991689751,0.9699722991689751,0.9699722991689751,0.9699722991689751,0.9699722991689751,0.9699722991689751,0.9699722991689751,0.9699722991689751,0.9699722991689751,0.9699722991689751,0.9699722991689751,0.9699722991689751,0.9699722991689751,0.9699722991689751,0.9699722991689751,0.9699722991689751,0.9699722991689751,0.9699722991689751,0.9699722991689751,0.9699722991689751,0.9699722991689751,0.9699722991689751,0.9699722991689751,0.9699722991689751,0.9699722991689751,0.9699722991689751,0.9699722991689751,0.9699722991689751,0.9699722991689751,0.9699722991689751,0.9699722991689751,0.9699722991689751,0.9699722991689751,0.9699722991689751,0.9699722991689751,0.9699722991689751,0.9699722991689751,0.9699722991689751,0.9699722991689751,0.9699722991689751,0.9699722991689751,0.9699722991689751,0.9699722991689751,0.9699722991689751,0.9699722991689751,0.9699722991689751,0.9699722991689751,0.9699722991689751,0.9699722991689751,0.9699722991689751,0.9699722991689751,0.9699722991689751,0.9699722991689751,0.9699722991689751,0.9699722991689751,0.9699722991689751,0.9699722991689751,0.9699722991689751,0.9699722991689751,0.9699722991689751,0.9699722991689751,0.9699722991689751,0.9699722991689751,0.9699722991689751,0.9699722991689751,0.9699722991689751,0.9699722991689751,0.9699722991689751,0.9699722991689751,0.9699722991689751,0.9699722991689751,0.9699722991689751,0.9699722991689751,0.9699722991689751,0.9699722991689751,0.9699722991689751,0.9699722991689751,0.9699722991689751,0.9699722991689751,0.9699722991689751,0.9699722991689751,0.9699722991689751,0.9699722991689751,0.9699722991689751,0.9699722991689751,0.9699722991689751,0.9699722991689751,0.9699722991689751,0.9699722991689751,0.9699722991689751,0.9699722991689751,0.9699722991689751,0.9699722991689751,0.9699722991689751,0.9699722991689751,0.9699722991689751,0.9699722991689751,0.9699722991689751,0.9699722991689751,0.9699722991689751,0.9699722991689751,0.9699722991689751,0.9699722991689751,0.9699722991689751,0.9699722991689751,0.9699722991689751,0.9699722991689751,0.9699722991689751,0.9699722991689751,0.9699722991689751,0.9699722991689751,0.9699722991689751,0.9699722991689751,0.9699722991689751,0.9699722991689751,0.9699722991689751,0.9699722991689751,0.9699722991689751,0.9699722991689751,0.9699722991689751,0.9699722991689751,0.9699722991689751,0.9699722991689751,0.9699722991689751,0.9699722991689751,0.9699722991689751,0.9699722991689751,0.9699722991689751,0.9699722991689751,0.9699722991689751,0.9699722991689751,0.9699722991689751,0.9699722991689751,0.9699722991689751,0.9699722991689751,0.9699722991689751,0.9699722991689751,0.9699722991689751,0.9699722991689751,0.9699722991689751,0.9699722991689751,0.9699722991689751,0.9699722991689751,0.9699722991689751,0.9699722991689751,0.9699722991689751,0.9699722991689751,0.9699722991689751,0.9699722991689751,0.9699722991689751,0.9699722991689751,0.9699722991689751,0.9699722991689751,0.9699722991689751,0.9699722991689751,0.9699722991689751,0.9699722991689751,0.9699722991689751,0.9699722991689751,0.9699722991689751,0.9699722991689751,0.9699722991689751,0.9699722991689751,0.9699722991689751,0.9699722991689751,0.9699722991689751,0.9699722991689751,0.9699722991689751,0.9699722991689751,0.9699722991689751,0.9699722991689751,0.9699722991689751,0.9699722991689751,0.9699722991689751,0.9699722991689751,0.9699722991689751,0.9699722991689751,0.9699722991689751,0.9699722991689751,0.9699722991689751,0.9699722991689751,0.9699722991689751,0.9699722991689751,0.9699722991689751,0.9699722991689751,0.9699722991689751,0.9699722991689751,0.9699722991689751,0.9699722991689751,0.9699722991689751,0.9699722991689751,0.9699722991689751,0.9699722991689751,0.9699722991689751,0.9699722991689751,0.9699722991689751,0.9699722991689751,0.9699722991689751,0.9699722991689751,0.9699722991689751,0.9699722991689751,0.9699722991689751,0.9699722991689751,0.9699722991689751,0.9699722991689751,0.9699722991689751,0.9699722991689751,0.9699722991689751,0.9699722991689751,0.9699722991689751,0.9699722991689751,0.9699722991689751,0.9699722991689751,0.9699722991689751,0.9699722991689751,0.9699722991689751,0.9699722991689751,0.9699722991689751,0.9699722991689751,0.9699722991689751,0.9699722991689751,0.9699722991689751,0.9699722991689751,0.9699722991689751,0.9699722991689751,0.9699722991689751,0.9699722991689751,0.9699722991689751,0.9699722991689751,0.9699722991689751,0.9699722991689751,0.9699722991689751,0.9699722991689751,0.9699722991689751,0.9699722991689751,0.9699722991689751,0.9699722991689751,0.9699722991689751,0.9699722991689751,0.9699722991689751,0.9699722991689751,0.9699722991689751,0.9699722991689751,0.9699722991689751,0.9699722991689751,0.9699722991689751,0.9699722991689751,0.9699722991689751,0.9699722991689751,0.9699722991689751,0.9699722991689751,0.9699722991689751,0.9699722991689751,0.9699722991689751,0.9699722991689751,0.9699722991689751,0.9699722991689751,0.9699722991689751,0.9699722991689751,0.9699722991689751,0.9699722991689751,0.9699722991689751,0.9699722991689751,0.9699722991689751,0.9699722991689751,0.9699722991689751,0.9699722991689751,0.9699722991689751,0.9699722991689751,0.9699722991689751,0.9699722991689751,0.9699722991689751,0.9699722991689751,0.9699722991689751,0.9699722991689751,0.9699722991689751,0.9699722991689751,0.9699722991689751,0.9699722991689751,0.9699722991689751,0.9699722991689751,0.9699722991689751,0.9699722991689751,0.9699722991689751,0.9699722991689751,0.9699722991689751,0.9699722991689751,0.9699722991689751,0.9699722991689751,0.9699722991689751,0.9699722991689751,0.9699722991689751,0.9699722991689751,0.9699722991689751,0.9699722991689751,0.9699722991689751,0.9699722991689751,0.9699722991689751,0.9699722991689751,0.9699722991689751,0.9699722991689751,0.9699722991689751,0.9701939058171745,0.9701939058171745,0.9701939058171745,0.9701939058171745,0.9701939058171745,0.9701939058171745,0.9701939058171745,0.9701939058171745,0.9701939058171745,0.9701939058171745,0.9701939058171745,0.9701939058171745,0.9701939058171745,0.9701939058171745,0.9701939058171745,0.9701939058171745,0.9701939058171745,0.9701939058171745,0.9701939058171745,0.9701939058171745,0.9701939058171745,0.9701939058171745,0.9701939058171745,0.9701939058171745,0.9701939058171745,0.9701939058171745,0.9701939058171745,0.9701939058171745,0.9701939058171745,0.9701939058171745,0.9701939058171745,0.9701939058171745,0.9701939058171745,0.9701939058171745,0.9701939058171745,0.9686426592797784,0.9699722991689751,0.9699722991689751,0.9699722991689751,0.9699722991689751,0.9701939058171745,0.9701939058171745,0.9701939058171745,0.9701939058171745,0.9701939058171745,0.9701939058171745,0.9701939058171745,0.9701939058171745,0.9701939058171745,0.9701939058171745,0.9705263157894737,0.9699722991689751,0.9699722991689751,0.9699722991689751,0.9699722991689751,0.9699722991689751,0.9699722991689751,0.9699722991689751,0.9699722991689751,0.9699722991689751,0.9699722991689751,0.9699722991689751,0.9699722991689751,0.9699722991689751,0.9699722991689751,0.9699722991689751,0.9699722991689751,0.9699722991689751,0.9699722991689751,0.9699722991689751,0.9699722991689751,0.9699722991689751,0.9699722991689751,0.9699722991689751,0.9699722991689751,0.9699722991689751,0.9699722991689751,0.9699722991689751,0.9699722991689751,0.9699722991689751,0.9699722991689751,0.9699722991689751,0.9699722991689751,0.9699722991689751,0.9699722991689751,0.9699722991689751,0.9699722991689751,0.9699722991689751,0.9699722991689751,0.9699722991689751,0.9699722991689751,0.9699722991689751,0.9699722991689751,0.9699722991689751,0.9699722991689751,0.9699722991689751,0.9699722991689751,0.9699722991689751,0.9699722991689751,0.9699722991689751,0.9699722991689751,0.9699722991689751,0.9699722991689751,0.9699722991689751,0.9699722991689751,0.9699722991689751,0.9699722991689751,0.9699722991689751,0.9699722991689751,0.9699722991689751,0.9699722991689751,0.9699722991689751,0.9699722991689751,0.9699722991689751,0.9699722991689751,0.9699722991689751,0.9699722991689751,0.9699722991689751,0.9699722991689751,0.9699722991689751,0.9699722991689751,0.9699722991689751,0.9699722991689751,0.9699722991689751,0.9699722991689751,0.9699722991689751,0.9699722991689751,0.9699722991689751,0.9699722991689751,0.9699722991689751,0.9699722991689751,0.9699722991689751
1.0,1.0,1.0,1.0,1.0,1.0,1.0,1.0,1.0,1.0,1.0,1.0,1.0,1.0,1.0,1.0,1.0,1.0,1.0,1.0,1.0,1.0,1.0,1.0,1.0,1.0,1.0,1.0,1.0,1.0,1.0,1.0,1.0,1.0,1.0,1.0,1.0,1.0,1.0,1.0,1.0,1.0,1.0,1.0,1.0,1.0,1.0,1.0,1.0,1.0,1.0,1.0,1.0,1.0,1.0,1.0,1.0,1.0,1.0,1.0,1.0,1.0,1.0,1.0,1.0,1.0,1.0,1.0,1.0,1.0,1.0,1.0,1.0,1.0,1.0,1.0,1.0,1.0,1.0,1.0,1.0,1.0,1.0,1.0,1.0,1.0,1.0,1.0,1.0,1.0,1.0,1.0,1.0,1.0,1.0,1.0,1.0,1.0,1.0,1.0,1.0,1.0,1.0,1.0,1.0,1.0,1.0,1.0,1.0,1.0,1.0,1.0,1.0,1.0,1.0,1.0,1.0,1.0,1.0,1.0,1.0,1.0,1.0,1.0,1.0,1.0,1.0,1.0,1.0,1.0,1.0,1.0,1.0,1.0,1.0,1.0,1.0,1.0,1.0,1.0,1.0,1.0,1.0,1.0,1.0,1.0,1.0,1.0,1.0,1.0,1.0,1.0,1.0,1.0,1.0,1.0,1.0,1.0,1.0,1.0,1.0,1.0,1.0,1.0,1.0,1.0,1.0,1.0,1.0,1.0,1.0,1.0,1.0,1.0,1.0,1.0,1.0,1.0,1.0,1.0,1.0,1.0,1.0,1.0,1.0,1.0,1.0,1.0,1.0,1.0,1.0,1.0,1.0,1.0,1.0,1.0,1.0,1.0,1.0,1.0,1.0,1.0,1.0,1.0,1.0,1.0,1.0,1.0,1.0,1.0,1.0,1.0,1.0,1.0,1.0,1.0,1.0,1.0,1.0,1.0,1.0,1.0,1.0,1.0,1.0,1.0,1.0,1.0,1.0,1.0,1.0,1.0,1.0,1.0,1.0,1.0,1.0,1.0,1.0,1.0,1.0,1.0,1.0,1.0,1.0,1.0,1.0,1.0,1.0,1.0,1.0,1.0,1.0,1.0,1.0,1.0,1.0,1.0,1.0,1.0,1.0,1.0,1.0,1.0,1.0,1.0,1.0,1.0,1.0,1.0,1.0,1.0,1.0,1.0,1.0,1.0,1.0,1.0,1.0,1.0,1.0,1.0,1.0,1.0,1.0,1.0,1.0,1.0,1.0,1.0,1.0,1.0,1.0,1.0,1.0,1.0,1.0,1.0,1.0,1.0,1.0,1.0,1.0,1.0,1.0,1.0,1.0,1.0,1.0,1.0,1.0,1.0,1.0,1.0,1.0,1.0,1.0,1.0,1.0,1.0,1.0,1.0,1.0,1.0,1.0,1.0,1.0,1.0,1.0,1.0,1.0,1.0,1.0,1.0,1.0,1.0,1.0,1.0,1.0,1.0,1.0,1.0,1.0,1.0,1.0,1.0,1.0,1.0,1.0,1.0,1.0,1.0,1.0,1.0,1.0,1.0,1.0,1.0,1.0,1.0,1.0,1.0,1.0,1.0,1.0,1.0,1.0,1.0,1.0,1.0,1.0,1.0,1.0,1.0,1.0,1.0,1.0,1.0,1.0,1.0,1.0,1.0,1.0,1.0,1.0,1.0,1.0,1.0,1.0,1.0,1.0,1.0,1.0,1.0,1.0,1.0,1.0,1.0,1.0,1.0,1.0,1.0,1.0,1.0,1.0,1.0,1.0,1.0,1.0,1.0,1.0,1.0,1.0,1.0,1.0,1.0,1.0,1.0,1.0,1.0,1.0,1.0,1.0,1.0,1.0,1.0,1.0,1.0,1.0,1.0,1.0,1.0,1.0,1.0,1.0,1.0,1.0,1.0,1.0,1.0,1.0,1.0,1.0,1.0,1.0,1.0,1.0,1.0,1.0,1.0,1.0,1.0,1.0,1.0,1.0,1.0,1.0,1.0,1.0,1.0,1.0,1.0,1.0,1.0,1.0,1.0,1.0,1.0,1.0,1.0,1.0,1.0,1.0,1.0,1.0,1.0,1.0,1.0,1.0,1.0,1.0,1.0,1.0,1.0,1.0,1.0,1.0,1.0,1.0,1.0,1.0,1.0,1.0,1.0,1.0,1.0,1.0,1.0,1.0,1.0,1.0,1.0,1.0,1.0,1.0,1.0,1.0,1.0,1.0,1.0,1.0,1.0,1.0,1.0,1.0,1.0,1.0,1.0,1.0,1.0,1.0,1.0,1.0,1.0,1.0,1.0,1.0,1.0,1.0,1.0,1.0,1.0,1.0,1.0,1.0,1.0,1.0,1.0,1.0,1.0,1.0,1.0,1.0,1.0,1.0,1.0,1.0,1.0,1.0,1.0,1.0,1.0,1.0,1.0,1.0,1.0,1.0,1.0,1.0,1.0,1.0,1.0,1.0,1.0,1.0,1.0,1.0,1.0,1.0,1.0,1.0,1.0,1.0,1.0,1.0,1.0,1.0,1.0,1.0,1.0,1.0,1.0,1.0,1.0,1.0,1.0,1.0,1.0,1.0,1.0,1.0,1.0,1.0,1.0,1.0,1.0,1.0,1.0,1.0,1.0,1.0,1.0,1.0,1.0,1.0,1.0,1.0,1.0,1.0,1.0,1.0,1.0,1.0,1.0,1.0,1.0,1.0,1.0,1.0,1.0,1.0,1.0,1.0,1.0,1.0,1.0,1.0,1.0,1.0,1.0,1.0,1.0,1.0,1.0,1.0,1.0,1.0,1.0,1.0,1.0,1.0,1.0,1.0,1.0,1.0,1.0,1.0,1.0,1.0,1.0,1.0,1.0,1.0,1.0,1.0,1.0,1.0,1.0,1.0,1.0,1.0,1.0,1.0,1.0,1.0,1.0,1.0,1.0,1.0,1.0,1.0,1.0,1.0,1.0,1.0,1.0,1.0,1.0,1.0,1.0,1.0,1.0,1.0,1.0,1.0,1.0,1.0,1.0,1.0,1.0,1.0,1.0,1.0,1.0,1.0,1.0,1.0,1.0,1.0,1.0,1.0,1.0,1.0,1.0,1.0,1.0,1.0,1.0,1.0,1.0,1.0,1.0,1.0,1.0,1.0,1.0,1.0,1.0,1.0,1.0,1.0,1.0,1.0,1.0,1.0,1.0,1.0,1.0,1.0,1.0,1.0,1.0,1.0,1.0,1.0,1.0,1.0,1.0,1.0,1.0,1.0,1.0,1.0,1.0,1.0,1.0,1.0,1.0,1.0,1.0,1.0,1.0,1.0,1.0,1.0,1.0,1.0,1.0,1.0,1.0,1.0,1.0,1.0,1.0,1.0,1.0,1.0,1.0,1.0,1.0,1.0,1.0,1.0,1.0,1.0,1.0,1.0,1.0,1.0,1.0,1.0,1.0,1.0,1.0,1.0,1.0,1.0,1.0,1.0,1.0,1.0,1.0,1.0,1.0,1.0,1.0,1.0,1.0,1.0,1.0,1.0,1.0,1.0,1.0,1.0,1.0,1.0,1.0,1.0,1.0,1.0,1.0,1.0,1.0,1.0,1.0,1.0,1.0,1.0,1.0,1.0,1.0,1.0,1.0,1.0,1.0,1.0,1.0,1.0,1.0,1.0,1.0,1.0,1.0,1.0,1.0,1.0,1.0,1.0,1.0,1.0,1.0,1.0,1.0,1.0,1.0,1.0,1.0,1.0,1.0,1.0,1.0,1.0,1.0,1.0,1.0,1.0,1.0,1.0,1.0,1.0,1.0,1.0,1.0,1.0,1.0,1.0,1.0,1.0,1.0,1.0,1.0,1.0,1.0,1.0,1.0,1.0,1.0,1.0,1.0,1.0,1.0,1.0,1.0,1.0,1.0,1.0,1.0,1.0,1.0,1.0,1.0,1.0,1.0,1.0,1.0,1.0,1.0,1.0,1.0,1.0,1.0,1.0,1.0,1.0,1.0,1.0,1.0,1.0,1.0,1.0,1.0,1.0,1.0,1.0,1.0,1.0,1.0,1.0,1.0,1.0,1.0,1.0,1.0,1.0,1.0,1.0,1.0,1.0,1.0,1.0,1.0,1.0,1.0,1.0,1.0,1.0,1.0,1.0,1.0,1.0,1.0,1.0,1.0,1.0,1.0,1.0,1.0,1.0,1.0,1.0,1.0,1.0,1.0,1.0,1.0,1.0,1.0,1.0,1.0,1.0,1.0,1.0,1.0,1.0,1.0,1.0,1.0,1.0,1.0,1.0,1.0,1.0,1.0,1.0,1.0,1.0,1.0,1.0,1.0,1.0,1.0,1.0,1.0,1.0,1.0,1.0,1.0,1.0,1.0,1.0,1.0,1.0,1.0,1.0,1.0,1.0,1.0,1.0,1.0,1.0,1.0,1.0,1.0,1.0,1.0,1.0,1.0,1.0,1.0,1.0,1.0,1.0,1.0,1.0,1.0,1.0,1.0,1.0,1.0,1.0,1.0,1.0,1.0,1.0,1.0,1.0,1.0,1.0,1.0,1.0,1.0,1.0,1.0,1.0,1.0,1.0,1.0,1.0,1.0,1.0,1.0,1.0,1.0,1.0,1.0,1.0,1.0,1.0,1.0,1.0,1.0,1.0,1.0,1.0,1.0,1.0,1.0,1.0,1.0,1.0,1.0,1.0,1.0,1.0,1.0,1.0,1.0,1.0,1.0,1.0,1.0,1.0,1.0,1.0,1.0,1.0,1.0,1.0,1.0,1.0,1.0,1.0,1.0,1.0,1.0,1.0,1.0,1.0,1.0,1.0,1.0,1.0,1.0,1.0,1.0,1.0,1.0,1.0,1.0,1.0,1.0,1.0,1.0,1.0,1.0,1.0,1.0,1.0,1.0,1.0,1.0,1.0,1.0,1.0,1.0,1.0,1.0,1.0,1.0,1.0,1.0,1.0,1.0,1.0,1.0,1.0,1.0,1.0,1.0,1.0,1.0,1.0,1.0,1.0,1.0,1.0,1.0,1.0,1.0,1.0,1.0,1.0,1.0,1.0,1.0,1.0,1.0,1.0,1.0,1.0,1.0,1.0,1.0,1.0,1.0,1.0,1.0,1.0,1.0,1.0,1.0,1.0,1.0,1.0,1.0,1.0,1.0,1.0,1.0,1.0,1.0,1.0,1.0,1.0,1.0,1.0,1.0,1.0,1.0,1.0,1.0,1.0,1.0,1.0,1.0,1.0,1.0,1.0,1.0,1.0,1.0,1.0,1.0,1.0,1.0,1.0,1.0,1.0,1.0,1.0,1.0,1.0,1.0,1.0,1.0,1.0,1.0,1.0,1.0,1.0,1.0,1.0,1.0,1.0,1.0,1.0,1.0,1.0,1.0,1.0,1.0,1.0,1.0,1.0,1.0,1.0,1.0,1.0,1.0,1.0,1.0,1.0,1.0,1.0,1.0,1.0,1.0,1.0,1.0,1.0,1.0,1.0,1.0,1.0,1.0,1.0,1.0,1.0,1.0,1.0,1.0,1.0,1.0,1.0,1.0,1.0,1.0,1.0,1.0,1.0,1.0,1.0,1.0,1.0,1.0,1.0,1.0,1.0,1.0,1.0,1.0,1.0,1.0,1.0,1.0,1.0,1.0,1.0,1.0,1.0,1.0,1.0,1.0,1.0,1.0,1.0,1.0,1.0,1.0,1.0,1.0,1.0,1.0,1.0,1.0,1.0,1.0,1.0,1.0,1.0,1.0,1.0,1.0,1.0,1.0,1.0,1.0,1.0,1.0,1.0,1.0,1.0,1.0,1.0,1.0,1.0,1.0,1.0,1.0,1.0,1.0,1.0,1.0,1.0,1.0,1.0,1.0,1.0,1.0,1.0,1.0,1.0,1.0,1.0,1.0,1.0,1.0,1.0,1.0,1.0,1.0,1.0,1.0,1.0,1.0,1.0,1.0,1.0,1.0,1.0,1.0,1.0,1.0,1.0,1.0,1.0,1.0,1.0,1.0,1.0,1.0,1.0,1.0,1.0,1.0,1.0,1.0,1.0,1.0,1.0,1.0,1.0,1.0,1.0,1.0,1.0,1.0,1.0,1.0,1.0,1.0,1.0,1.0,1.0,1.0,1.0,1.0,1.0,1.0,1.0,1.0,1.0,1.0,1.0,1.0,1.0,1.0,1.0,1.0,1.0,1.0,1.0,1.0,1.0,1.0,1.0,1.0,1.0,1.0,1.0,1.0,1.0,1.0,1.0,1.0,1.0,1.0,1.0,1.0,1.0,1.0,1.0,1.0,1.0,1.0,1.0,1.0,1.0,1.0,1.0,1.0,1.0,1.0,1.0,1.0,1.0,1.0,1.0,1.0,1.0,1.0,1.0,1.0,1.0,1.0,1.0,1.0,1.0,1.0,1.0,1.0,1.0,1.0,1.0,1.0,1.0,1.0,1.0,1.0,1.0,1.0,1.0,1.0,1.0,1.0,1.0,1.0,1.0,1.0,1.0,1.0,1.0,1.0,1.0,1.0,1.0,1.0,1.0,1.0,1.0,1.0,1.0,1.0,1.0,1.0,1.0,1.0,1.0,1.0,1.0,1.0,1.0,1.0,1.0,1.0,1.0,1.0,1.0,1.0,1.0,1.0,1.0,1.0,1.0,1.0,1.0,1.0,1.0,1.0,1.0,1.0,1.0,1.0,1.0,1.0,1.0,1.0,1.0,1.0,1.0,1.0,1.0,1.0,1.0,1.0,1.0,1.0,1.0,1.0,1.0,1.0,1.0,1.0,1.0,1.0,1.0,1.0,1.0,1.0,1.0,1.0,1.0,1.0,1.0,1.0,1.0,1.0,1.0,1.0,1.0,1.0,1.0,1.0,1.0,1.0,1.0,1.0,1.0,1.0,1.0,1.0,1.0,1.0,1.0,1.0,1.0,1.0,1.0,1.0,1.0,1.0,1.0,1.0,1.0,1.0,1.0,1.0,1.0,1.0,1.0,1.0,1.0,1.0,1.0,1.0,1.0,1.0,1.0,1.0,1.0,1.0,1.0,1.0,1.0,1.0,1.0,1.0,1.0,1.0,1.0,1.0,1.0,1.0,1.0,1.0,1.0,1.0,1.0,1.0,1.0,1.0,1.0,1.0,1.0,1.0,1.0,1.0,1.0,1.0,1.0,1.0,1.0,1.0,1.0,1.0,1.0,1.0,1.0,1.0,1.0,1.0,1.0,1.0,1.0,1.0,1.0,1.0,1.0,1.0,1.0,1.0,1.0,1.0,1.0,1.0,1.0,1.0,1.0,1.0,1.0,1.0,1.0,1.0,1.0,1.0,1.0,1.0,1.0,1.0,1.0,1.0,1.0,1.0,1.0,1.0,1.0,1.0,1.0,1.0,1.0,1.0,1.0,1.0,1.0,1.0,1.0,1.0,1.0,1.0,1.0,1.0,1.0,1.0,1.0,1.0,1.0,1.0,1.0,1.0,1.0,1.0,1.0,1.0,1.0,1.0,1.0,1.0,1.0,1.0,1.0,1.0,1.0,1.0,1.0,1.0,1.0,1.0,1.0,1.0,1.0,1.0,1.0,1.0,1.0,1.0,1.0,1.0,1.0,1.0,1.0,1.0,1.0,1.0,1.0,1.0,1.0,1.0,1.0,1.0,1.0,1.0,1.0,1.0,1.0,1.0,1.0,1.0,1.0,1.0,1.0,1.0,1.0,1.0,1.0,1.0,1.0,1.0,1.0,1.0,1.0,1.0,1.0,1.0,1.0,1.0,1.0,1.0,1.0,1.0,1.0,1.0,1.0,1.0,1.0,1.0,1.0,1.0,1.0,1.0,1.0,1.0,1.0,1.0,1.0,1.0,1.0,1.0,1.0,1.0,1.0,1.0,1.0,1.0,1.0,1.0,1.0,1.0,1.0,1.0,1.0,1.0,1.0,1.0,1.0,1.0,1.0,1.0,1.0,1.0,1.0,1.0,1.0,1.0,1.0,1.0,1.0,1.0,1.0,1.0,1.0,1.0,1.0,1.0,1.0,1.0,1.0,1.0,1.0,1.0,1.0,1.0,1.0,1.0,1.0,1.0,1.0,1.0,1.0,1.0,1.0,1.0,1.0,1.0,1.0,1.0,1.0,1.0,1.0,1.0,1.0,1.0,1.0,1.0,1.0,1.0,1.0,1.0,1.0,1.0,1.0,1.0,1.0,1.0,1.0,1.0,1.0,1.0,1.0,1.0,1.0,1.0,1.0,1.0,1.0,1.0,1.0,1.0,1.0,1.0,1.0,1.0,1.0,1.0,1.0,1.0,1.0,1.0,1.0,1.0,1.0,1.0,1.0,1.0,1.0,1.0,1.0,1.0,1.0,1.0,1.0,1.0,1.0,1.0,1.0,1.0,1.0,1.0,1.0,1.0,1.0,1.0,1.0,1.0,1.0,1.0,1.0,1.0,1.0,1.0,1.0,1.0,1.0,1.0,1.0,1.0,1.0,1.0,1.0,1.0,1.0,1.0,1.0,1.0,1.0,1.0,1.0,1.0,1.0,1.0,1.0,1.0,1.0,1.0,1.0,1.0,1.0,1.0,1.0,1.0,1.0,1.0,1.0,1.0,1.0,1.0,1.0,1.0,1.0,1.0,1.0,1.0,1.0,1.0,1.0,1.0,1.0,1.0,1.0,1.0,1.0,1.0,1.0,1.0,1.0,1.0,1.0,1.0,1.0,1.0,1.0,1.0,1.0,1.0,1.0,1.0,1.0,1.0,1.0,1.0,1.0,1.0,1.0,1.0,1.0,1.0,1.0,1.0,1.0,1.0,1.0,1.0,1.0,1.0,1.0,1.0,1.0,1.0,1.0,1.0,1.0,1.0,1.0,1.0,1.0,1.0,1.0,1.0,1.0,1.0,1.0,1.0,1.0,1.0,1.0,1.0,1.0,1.0,1.0,1.0,1.0,1.0,1.0,1.0,1.0,1.0,1.0,1.0,1.0,1.0,1.0,1.0,1.0,1.0,1.0,1.0,1.0,1.0,1.0,1.0,1.0,1.0,1.0,1.0,1.0,1.0,1.0,1.0,1.0,1.0,1.0,1.0,1.0,1.0,1.0,1.0,1.0,1.0,1.0,1.0,1.0,1.0,1.0,1.0,1.0,1.0,1.0,1.0,1.0,1.0,1.0,1.0,1.0,1.0,1.0,1.0,1.0,1.0,1.0,1.0,1.0,1.0,1.0,1.0,1.0,1.0,1.0,1.0,1.0,1.0,1.0,1.0,1.0,1.0,1.0,1.0,1.0,1.0,1.0,1.0,1.0,1.0,1.0,1.0,1.0,1.0,1.0,1.0,1.0,1.0,1.0,1.0,1.0,1.0,1.0,1.0,1.0,1.0,1.0,1.0,1.0,1.0,1.0,1.0,1.0,1.0,1.0,1.0,1.0,1.0,1.0,1.0,1.0,1.0,1.0,1.0,1.0,1.0,1.0,1.0,1.0,1.0,1.0,1.0,1.0,1.0,1.0,1.0,1.0,1.0,1.0,1.0,1.0,1.0,1.0,1.0,1.0,1.0,1.0,1.0,1.0,1.0,1.0,1.0,1.0,1.0,1.0,1.0,1.0,1.0,1.0,1.0,1.0,1.0,1.0,1.0,1.0,1.0,1.0,1.0,1.0,1.0,1.0,1.0,1.0,1.0,1.0,1.0,1.0,1.0,1.0,1.0,1.0,1.0,1.0,1.0,1.0,1.0,1.0,1.0,1.0,1.0,1.0,1.0,1.0,1.0,1.0,1.0,1.0,1.0,1.0,1.0,1.0,1.0,1.0,1.0,1.0,1.0,1.0,1.0,1.0,1.0,1.0,1.0,1.0,1.0,1.0,1.0,1.0,1.0,1.0,1.0,1.0,1.0,1.0,1.0,1.0,1.0,1.0,1.0,1.0,1.0,1.0,1.0,1.0,1.0,1.0,1.0,1.0,1.0,1.0,1.0,1.0,1.0,1.0,1.0,1.0,1.0,1.0,1.0,1.0,1.0,1.0,1.0,1.0,1.0,1.0,1.0,1.0,1.0,1.0,1.0,1.0,1.0,1.0,1.0,1.0,1.0,1.0,1.0,1.0,1.0,1.0,1.0,1.0,1.0,1.0,1.0,1.0,1.0,1.0,1.0,1.0,1.0,1.0,1.0,1.0,1.0,1.0,1.0,1.0,1.0,1.0,1.0,1.0,1.0,1.0,1.0,1.0,1.0,1.0,1.0,1.0,1.0,1.0,1.0,1.0,1.0,1.0,1.0,1.0,1.0,1.0,1.0,1.0,1.0,1.0,1.0,1.0,1.0,1.0,1.0,1.0,1.0,1.0,1.0,1.0,1.0,1.0,1.0,1.0,1.0,1.0,1.0,1.0,1.0,1.0,1.0,1.0,1.0,1.0,1.0,1.0,1.0,1.0,1.0,1.0,1.0,1.0,1.0,1.0,1.0,1.0,1.0,1.0,1.0,1.0,1.0,1.0,1.0,1.0,1.0,1.0,1.0,1.0,1.0,1.0,1.0,1.0,1.0,1.0,1.0,1.0,1.0,1.0,1.0,1.0,1.0,1.0,1.0,1.0,1.0,1.0,1.0,1.0,1.0,1.0,1.0,1.0,1.0,1.0,1.0,1.0,1.0,1.0,1.0,1.0,1.0,1.0,1.0,1.0,1.0,1.0,1.0,1.0,1.0,1.0,1.0,1.0,1.0,1.0,1.0,1.0,1.0,1.0,1.0,1.0,1.0,1.0,1.0,1.0,1.0,1.0,1.0,1.0,1.0,1.0,1.0,1.0,1.0,1.0,1.0,1.0,1.0,1.0,1.0,1.0,1.0,1.0,1.0,1.0,1.0,1.0,1.0,1.0,1.0,1.0,1.0,1.0,1.0,1.0,1.0,1.0,1.0,1.0,1.0,1.0,1.0,1.0,1.0,1.0,1.0,1.0,1.0,1.0,1.0,1.0,1.0,1.0,1.0,1.0,1.0,1.0,1.0,1.0,1.0,1.0,1.0,1.0,1.0,1.0,1.0,1.0,1.0,1.0,1.0,1.0,1.0,1.0,1.0,1.0,1.0,1.0,1.0,1.0,1.0,1.0,1.0,1.0,1.0,1.0,1.0,1.0,1.0,1.0,1.0,1.0,1.0,1.0,1.0,1.0,1.0,1.0,1.0,1.0,1.0,1.0,1.0,1.0,1.0,1.0,1.0,1.0,1.0,1.0,1.0,1.0,1.0,1.0,1.0,1.0,1.0,1.0,1.0,1.0,1.0,1.0,1.0,1.0,1.0,1.0,1.0,1.0,1.0,1.0,1.0,1.0,1.0,1.0,1.0,1.0,1.0,1.0,1.0,1.0,1.0,1.0,1.0,1.0,1.0,1.0,1.0,1.0,1.0,1.0,1.0,1.0,1.0,1.0,1.0,1.0,1.0,1.0,1.0,1.0,1.0,1.0,1.0,1.0,1.0,1.0,1.0,1.0,1.0,1.0,1.0,1.0,1.0,1.0,1.0,1.0,1.0,1.0,1.0,1.0,1.0,1.0,1.0,1.0,1.0,1.0,1.0,1.0,1.0,1.0,1.0,1.0,1.0,1.0,1.0,1.0,1.0,1.0,1.0,1.0,1.0,1.0,1.0,1.0,1.0,1.0,1.0,1.0,1.0,1.0,1.0,1.0,1.0,1.0,1.0,1.0,1.0,1.0,1.0,1.0,1.0,1.0,1.0,1.0,1.0,1.0,1.0,1.0,1.0,1.0,1.0,1.0,1.0,1.0,1.0,1.0,1.0,1.0,1.0,1.0,1.0,1.0,1.0,1.0,1.0,1.0,1.0,1.0,1.0,1.0,1.0,1.0,1.0,1.0,1.0,1.0,1.0,1.0,1.0,1.0,1.0,1.0,1.0,1.0,1.0,1.0,1.0,1.0,1.0,1.0,1.0,1.0,1.0,1.0,1.0,1.0,1.0,1.0,1.0,1.0,1.0,1.0,1.0,1.0,1.0,1.0,1.0,1.0,1.0,1.0,1.0,1.0,1.0,1.0,1.0,1.0,1.0,1.0,1.0,1.0,1.0,1.0,1.0,1.0,1.0,1.0,1.0,1.0,1.0,1.0,1.0,1.0,1.0,1.0,1.0,1.0,1.0,1.0,1.0,1.0,1.0,1.0,1.0,1.0,1.0,1.0,1.0,1.0,1.0,1.0,1.0,1.0,1.0,1.0,1.0,1.0,1.0,1.0,1.0,1.0,1.0,1.0,1.0,1.0,1.0,1.0,1.0,1.0,1.0,1.0,1.0,1.0,1.0,1.0,1.0,1.0,1.0,1.0,1.0,1.0,1.0,1.0,1.0,1.0,1.0,1.0,1.0,1.0,1.0,1.0,1.0,1.0,1.0,1.0,1.0,1.0,1.0,1.0,1.0,1.0,1.0,1.0,1.0,1.0,1.0,1.0,1.0,1.0,1.0,1.0,1.0,1.0,1.0,1.0,1.0,1.0,1.0,1.0,1.0,1.0,1.0,1.0,1.0,1.0,1.0,1.0,1.0,1.0,1.0,1.0,1.0,1.0,1.0,1.0,1.0,1.0,1.0,1.0,1.0,1.0,1.0,1.0,1.0,1.0,1.0,1.0,1.0,1.0,1.0,1.0,1.0,1.0,1.0,1.0,1.0,1.0,1.0,1.0,1.0,1.0,1.0,1.0,1.0,1.0,1.0,1.0,1.0,1.0,1.0,1.0,1.0,1.0,1.0,1.0,1.0,1.0,1.0,1.0,1.0,1.0,1.0,1.0,1.0,1.0,1.0,1.0,1.0,1.0,1.0,1.0,1.0,1.0,1.0,1.0,1.0,1.0,1.0,1.0,1.0,1.0,1.0,1.0,1.0,1.0,1.0,1.0,1.0,1.0,1.0,1.0,1.0,1.0,1.0,1.0,1.0,1.0,1.0,1.0,1.0,1.0,1.0,1.0,1.0,1.0,1.0,1.0,1.0,1.0,1.0,1.0,1.0,1.0,1.0,1.0,1.0,1.0,1.0,1.0,1.0,1.0,1.0,1.0,1.0,1.0,1.0,1.0,1.0,1.0,1.0,1.0,1.0,1.0,1.0,1.0,1.0,1.0,1.0,1.0,1.0,1.0,1.0,1.0,1.0,1.0,1.0,1.0,1.0,1.0,1.0,1.0,1.0,1.0,1.0,1.0,1.0,1.0,1.0,1.0,1.0,1.0,1.0,1.0,1.0,1.0,1.0,1.0,1.0,1.0,1.0,1.0,1.0,1.0,1.0,1.0,1.0,1.0,1.0,1.0,1.0,1.0,1.0,1.0,1.0,1.0,1.0,1.0,1.0,1.0,1.0,1.0,1.0,1.0,1.0,1.0,1.0,1.0,1.0,1.0,1.0,1.0,1.0,1.0,1.0,1.0,1.0,1.0,1.0,1.0,1.0,1.0,1.0,1.0,1.0,1.0,1.0,1.0,1.0,1.0,1.0,1.0,1.0,1.0,1.0,1.0,1.0,1.0,1.0,1.0,1.0,1.0,1.0,1.0,1.0,1.0,1.0,1.0,1.0,1.0,1.0,1.0,1.0,1.0,1.0,1.0,1.0,1.0,1.0,1.0,1.0,1.0,1.0,1.0,1.0,1.0,1.0,1.0,1.0,1.0,1.0,1.0,1.0,1.0,1.0,1.0,1.0,1.0,1.0,1.0,1.0,1.0,1.0,1.0,1.0,1.0,1.0,1.0,1.0,1.0,1.0,1.0,1.0,1.0,1.0,1.0,1.0,1.0,1.0,1.0,1.0,1.0,1.0,1.0,1.0,1.0,1.0,1.0,1.0,1.0,1.0,1.0,1.0,1.0,1.0,1.0,1.0,1.0,1.0,1.0,1.0,1.0,1.0,1.0,1.0,1.0,1.0,1.0,1.0,1.0,1.0,1.0,1.0,1.0,1.0,1.0,1.0,1.0,1.0,1.0,1.0,1.0,1.0,1.0,1.0,1.0,1.0,1.0,1.0,1.0,1.0,1.0,1.0,1.0,1.0,1.0,1.0,1.0,1.0,1.0,1.0,1.0,1.0,1.0,1.0,1.0,1.0,1.0,1.0,1.0,1.0,1.0,1.0,1.0,1.0,1.0,1.0,1.0,1.0,1.0,1.0,1.0,1.0,1.0,1.0,1.0,1.0,1.0,1.0,1.0,1.0,1.0,1.0,1.0,1.0,1.0,1.0,1.0,1.0,1.0,1.0,1.0,1.0,1.0,1.0,1.0,1.0,1.0,1.0,1.0,1.0,1.0,1.0,1.0,1.0,1.0,1.0,1.0,1.0,1.0,1.0,1.0,1.0,1.0,1.0,1.0,1.0,1.0,1.0,1.0,1.0,1.0,1.0,1.0,1.0,1.0,1.0,1.0,1.0,1.0,1.0,1.0,1.0,1.0,1.0,1.0,1.0,1.0,1.0,1.0,1.0,1.0,1.0,1.0,1.0,1.0,1.0,1.0,1.0,1.0,1.0,1.0,1.0,1.0,1.0,1.0,1.0,1.0,1.0,1.0,1.0,1.0,1.0,1.0,1.0,1.0,1.0,1.0,1.0,1.0,1.0,1.0,1.0,1.0,1.0,1.0,1.0,1.0,1.0,1.0,1.0,1.0,1.0,1.0,1.0,1.0,1.0,1.0,1.0,1.0,1.0,1.0,1.0,1.0,1.0,1.0,1.0,1.0,1.0,1.0,1.0,1.0,1.0,1.0,1.0,1.0,1.0,1.0,1.0,1.0,1.0,1.0,1.0,1.0,1.0,1.0,1.0,1.0,1.0,1.0,1.0,1.0,1.0,1.0,1.0,1.0,1.0,1.0,1.0,1.0,1.0,1.0,1.0,1.0,1.0,1.0,1.0,1.0,1.0,1.0,1.0,1.0,1.0,1.0,1.0,1.0,1.0,1.0,1.0,1.0,1.0,1.0,1.0,1.0,1.0,1.0,1.0,1.0,1.0,1.0,1.0,1.0,1.0,1.0,1.0,1.0,1.0,1.0,1.0,1.0,1.0,1.0,1.0,1.0,1.0,1.0,1.0,1.0,1.0,1.0,1.0,1.0,1.0,1.0,1.0,1.0,1.0,1.0,1.0,1.0,1.0,1.0,1.0,1.0,1.0,1.0,1.0,1.0,1.0,1.0,1.0,1.0,1.0,1.0,1.0,1.0,1.0,1.0,1.0,1.0,1.0,1.0,1.0,1.0,1.0,1.0,1.0,1.0,1.0,1.0,1.0,1.0,1.0,1.0,1.0,1.0,1.0,1.0,1.0,1.0,1.0,1.0,1.0,1.0,1.0,1.0,1.0,1.0,1.0,1.0,1.0,1.0,1.0,1.0,1.0,1.0,1.0,1.0,1.0,1.0,1.0,1.0,1.0,1.0,1.0,1.0,1.0,1.0,1.0,1.0,1.0,1.0,1.0,1.0,1.0,1.0,1.0,1.0,1.0,1.0,1.0,1.0,1.0,1.0,1.0,1.0,1.0,1.0,1.0,1.0,1.0,1.0,1.0,1.0,1.0,1.0,1.0,1.0,1.0,1.0,1.0,1.0,1.0,1.0,1.0,1.0,1.0,1.0,1.0,1.0,1.0,1.0,1.0,1.0,1.0,1.0,1.0,1.0,1.0,1.0,1.0,1.0,1.0,1.0,1.0,1.0,1.0,1.0,1.0,1.0,1.0,1.0,1.0,1.0,1.0,1.0,1.0,1.0,1.0,1.0,1.0,1.0,1.0,1.0,1.0,1.0,1.0,1.0,1.0,1.0,1.0,1.0,1.0,1.0,1.0,1.0,1.0,1.0,1.0,1.0,1.0,1.0,1.0,1.0,1.0,1.0,1.0,1.0,1.0,1.0,1.0,1.0,1.0,1.0,1.0,1.0,1.0,1.0,1.0,1.0,1.0,1.0,1.0,1.0,1.0,1.0,1.0,1.0,1.0,1.0,1.0,1.0,1.0,1.0,1.0,1.0,1.0,1.0,1.0,1.0,1.0,1.0,1.0,1.0,1.0,1.0,1.0,1.0,1.0,1.0,1.0,1.0,1.0,1.0,1.0,1.0,1.0,1.0,1.0,1.0,1.0,1.0,1.0,1.0,1.0,1.0,1.0,1.0,1.0,1.0,1.0,1.0,1.0,1.0,1.0,1.0,1.0,1.0,1.0,1.0,1.0,1.0,1.0,1.0,1.0,1.0,1.0,1.0,1.0,1.0,1.0,1.0,1.0,1.0,1.0,1.0,1.0,1.0,1.0,1.0,1.0,1.0,1.0,1.0,1.0,1.0,1.0,1.0,1.0,1.0,1.0,1.0,1.0,1.0,1.0,1.0,1.0,1.0,1.0,1.0,1.0,1.0,1.0,1.0,1.0,1.0,1.0,1.0,1.0,1.0,1.0,1.0,1.0,1.0,1.0,1.0,1.0,1.0,1.0,1.0,1.0,1.0,1.0,1.0,1.0,1.0,1.0,1.0,1.0,1.0,1.0,1.0,1.0,1.0,1.0,1.0,1.0,1.0,1.0,1.0,1.0,1.0,1.0,1.0,1.0,1.0,1.0,1.0,1.0,1.0,1.0,1.0,1.0,1.0,1.0,1.0,1.0,1.0,1.0,1.0,1.0,1.0,1.0,1.0,1.0,1.0,1.0,1.0,1.0,1.0,1.0,1.0,1.0,1.0,1.0,1.0,1.0,1.0,1.0,1.0,1.0,1.0,1.0,1.0,1.0,1.0,1.0,1.0,1.0,1.0,1.0,1.0,1.0,1.0,1.0,1.0,1.0,1.0,1.0,1.0,1.0,1.0,1.0,1.0,1.0,1.0,1.0,1.0,1.0,1.0,1.0,1.0,1.0,1.0,1.0,1.0,1.0,1.0,1.0,1.0,1.0,1.0,1.0,1.0,1.0,1.0,1.0,1.0,1.0,1.0,1.0,1.0,1.0,1.0,1.0,1.0,1.0,1.0,1.0,1.0,1.0,1.0,1.0,1.0,1.0,1.0,1.0,1.0,1.0,1.0,1.0,1.0,1.0,1.0,1.0,1.0,1.0,1.0,1.0,1.0,1.0,1.0,1.0,1.0,1.0,1.0,1.0,1.0,1.0,1.0,1.0,1.0,1.0,1.0,1.0,1.0,1.0,1.0,1.0,1.0,1.0,1.0,1.0,1.0,1.0,1.0,1.0,1.0,1.0,1.0,1.0,1.0,1.0,1.0,1.0,1.0,1.0,1.0,1.0,1.0,1.0,1.0,1.0,1.0,1.0,1.0,1.0,1.0,1.0,1.0,1.0,1.0,1.0,1.0,1.0,1.0,1.0,1.0,1.0,1.0,1.0,1.0,1.0,1.0,1.0,1.0,1.0,1.0,1.0,1.0,1.0,1.0,1.0,1.0,1.0,1.0,1.0,1.0,1.0,1.0,1.0,1.0,1.0,1.0,1.0,1.0,1.0,1.0,1.0,1.0,1.0,1.0,1.0,1.0,1.0,1.0,1.0,1.0,1.0,1.0,1.0,1.0,1.0,1.0,1.0,1.0,1.0,1.0,1.0,1.0,1.0,1.0,1.0,1.0,1.0,1.0,1.0,1.0,1.0,1.0,1.0,1.0,1.0,1.0,1.0,1.0,1.0,1.0,1.0,1.0,1.0,1.0,1.0,1.0,1.0,1.0,1.0,1.0,1.0,1.0,1.0,1.0,1.0,1.0,1.0,1.0,1.0,1.0,1.0,1.0,1.0,1.0,1.0,1.0,1.0,1.0,1.0,1.0,1.0,1.0,1.0,1.0,1.0,1.0,1.0,1.0,1.0,1.0,1.0,1.0,1.0,1.0,1.0,1.0,1.0,1.0,1.0,1.0,1.0,1.0,1.0,1.0,1.0,1.0,1.0,1.0,1.0,1.0,1.0,1.0,1.0,1.0,1.0,1.0,1.0,1.0,1.0,1.0,1.0,1.0,1.0,1.0,1.0,1.0,1.0,1.0,1.0,1.0,1.0,1.0,1.0,1.0,1.0,1.0,1.0,1.0,1.0,1.0,1.0,1.0,1.0,1.0,1.0,1.0,1.0,1.0,1.0,1.0,1.0,1.0,1.0,1.0,1.0,1.0,1.0,1.0,1.0,1.0,1.0,1.0,1.0,1.0,1.0,1.0,1.0,1.0,1.0,1.0,1.0,1.0,1.0,1.0,1.0,1.0,1.0,1.0,1.0,1.0,1.0,1.0,1.0,1.0,1.0,1.0,1.0,1.0,1.0,1.0,1.0,1.0,1.0,1.0,1.0,1.0,1.0,1.0,1.0,1.0,1.0,1.0,1.0,1.0,1.0,1.0,1.0,1.0,1.0,1.0,1.0,1.0,1.0,1.0,1.0,1.0,1.0,1.0,1.0,1.0,1.0,1.0,1.0,1.0,1.0,1.0,1.0,1.0,1.0,1.0,1.0,1.0,1.0,1.0,1.0,1.0,1.0,1.0,1.0,1.0,1.0,1.0,1.0,1.0,1.0,1.0,1.0,1.0,1.0,1.0,1.0,1.0,1.0,1.0,1.0,1.0,1.0,1.0,1.0,1.0,1.0,1.0,1.0,1.0,1.0,1.0,1.0,1.0,1.0,1.0,1.0,1.0,1.0,1.0,1.0,1.0,1.0,1.0,1.0,1.0,1.0,1.0,1.0,1.0,1.0,1.0,1.0,1.0,1.0,1.0,1.0,1.0,1.0,1.0,1.0,1.0,1.0,1.0,1.0,1.0,1.0,1.0,1.0,1.0,1.0,1.0,1.0,1.0,1.0,1.0,1.0,1.0,1.0,1.0,1.0,1.0,1.0,1.0,1.0,1.0,1.0,1.0,1.0,1.0,1.0,1.0,1.0,1.0,1.0,1.0,1.0,1.0,1.0,1.0,1.0,1.0,1.0,1.0,1.0,1.0,1.0,1.0,1.0,1.0,1.0,1.0,1.0,1.0,1.0,1.0,1.0,1.0,1.0,1.0,1.0,1.0,1.0,1.0,1.0,1.0,1.0,1.0,1.0,1.0,1.0,1.0,1.0,1.0,1.0,1.0,1.0,1.0,1.0,1.0,1.0,1.0,1.0,1.0,1.0,1.0,1.0,1.0,1.0,1.0,1.0,1.0,1.0,1.0,1.0,1.0,1.0,1.0,1.0,1.0,1.0,1.0,1.0,1.0,1.0,1.0,1.0,1.0,1.0,1.0,1.0,1.0,1.0,1.0,1.0,1.0,1.0,1.0,1.0,1.0,1.0,1.0,1.0,1.0,1.0,1.0,1.0,1.0,1.0,1.0,1.0,1.0,1.0,1.0,1.0,1.0,1.0,1.0,1.0,1.0,1.0,1.0,1.0,1.0,1.0,1.0,1.0,1.0,1.0,1.0,1.0,1.0,1.0,1.0,1.0,1.0,1.0,1.0,1.0,1.0,1.0,1.0,1.0,1.0,1.0,1.0,1.0,1.0,1.0,1.0,1.0,1.0,1.0,1.0,1.0,1.0,1.0,1.0,1.0,1.0,1.0,1.0,1.0,1.0,1.0,1.0,1.0,1.0,1.0,1.0,1.0,1.0,1.0,1.0,1.0,1.0,1.0,1.0,1.0,1.0,1.0,1.0,1.0,1.0,1.0,1.0,1.0,1.0,1.0,1.0,1.0,1.0,1.0,1.0,1.0,1.0,1.0,1.0,1.0,1.0,1.0,1.0,1.0,1.0,1.0,1.0,1.0,1.0,1.0,1.0,1.0,1.0,1.0,1.0,1.0,1.0,1.0,1.0,1.0,1.0,1.0,1.0,1.0,1.0,1.0,1.0,1.0,1.0,1.0,1.0,1.0,1.0,1.0,1.0,1.0,1.0,1.0,1.0,1.0,1.0,1.0,1.0,1.0,1.0,1.0,1.0,1.0,1.0,1.0,1.0,1.0,1.0,1.0,1.0,1.0,1.0,1.0,1.0,1.0,1.0,1.0,1.0,1.0,1.0,1.0,1.0,1.0,1.0,1.0,1.0,1.0,1.0,1.0,1.0,1.0,1.0,1.0,1.0,1.0,1.0,1.0,1.0,1.0,1.0,1.0,1.0,1.0,1.0,1.0,1.0,1.0,1.0,1.0,1.0,1.0,1.0,1.0,1.0,1.0,1.0,1.0,1.0,1.0,1.0,1.0,1.0,1.0,1.0,1.0,1.0,1.0,1.0,1.0,1.0,1.0,1.0,1.0,1.0,1.0,1.0,1.0,1.0,1.0,1.0,1.0,1.0,1.0,1.0,1.0,1.0,1.0,1.0,1.0,1.0,1.0,1.0,1.0,1.0,1.0,1.0,1.0,1.0,1.0,1.0,1.0,1.0,1.0,1.0,1.0,1.0,1.0,1.0,1.0,1.0,1.0,1.0,1.0,1.0,1.0,1.0,1.0,1.0,1.0,1.0,1.0,1.0,1.0,1.0,1.0,1.0,1.0,1.0,1.0,1.0,1.0,1.0,1.0,1.0,1.0,1.0,1.0,1.0,1.0,1.0,1.0,1.0,1.0,1.0,1.0,1.0,1.0,1.0,1.0,1.0,1.0,1.0,1.0,1.0,1.0,1.0,1.0,1.0,1.0,1.0,1.0,1.0,1.0,1.0,1.0,1.0,1.0,1.0,1.0,1.0,1.0,1.0,1.0,1.0,1.0,1.0,1.0,1.0,1.0,1.0,1.0,1.0,1.0,1.0,1.0,1.0,1.0,1.0,1.0,1.0,1.0,1.0,1.0,1.0,1.0,1.0,1.0,1.0,1.0,1.0,1.0,1.0,1.0,1.0,1.0,1.0,1.0,1.0,1.0,1.0,1.0,1.0,1.0,1.0,1.0,1.0,1.0,1.0,1.0,1.0,1.0,1.0,1.0,1.0,1.0,1.0,1.0,1.0,1.0,1.0,1.0,1.0,1.0,1.0,1.0,1.0,1.0,1.0,1.0,1.0,1.0,1.0,1.0,1.0,1.0,1.0,1.0,1.0,1.0,1.0,1.0,1.0,1.0,1.0,1.0,1.0,1.0,1.0,1.0,1.0,1.0,1.0,1.0,1.0,1.0,1.0,1.0,1.0,1.0,1.0,1.0,1.0,1.0,1.0,1.0,1.0,1.0,1.0,1.0,1.0,1.0,1.0,1.0,1.0,1.0,1.0,1.0,1.0,1.0,1.0,1.0,1.0,1.0,1.0,1.0,1.0,1.0,1.0,1.0,1.0,1.0,1.0,1.0,1.0,1.0,1.0,1.0,1.0,1.0,1.0,1.0,1.0,1.0,1.0,1.0,1.0,1.0,1.0,1.0,1.0,1.0,1.0,1.0,1.0,1.0,1.0,1.0,1.0,1.0,1.0,1.0,1.0,1.0,1.0,1.0,1.0,1.0,1.0,1.0,1.0,1.0,1.0,1.0,1.0,1.0,1.0,1.0,1.0,1.0,1.0,1.0,1.0,1.0,1.0,1.0,1.0,1.0,1.0,1.0,1.0,1.0,1.0,1.0,1.0,1.0,1.0,1.0,1.0,1.0,1.0,1.0,1.0,1.0,1.0,1.0,1.0,1.0,1.0,1.0,1.0,1.0,1.0,1.0,1.0,1.0,1.0,1.0,1.0,1.0,1.0,1.0,1.0,1.0,1.0,1.0,1.0,1.0,1.0,1.0,1.0,1.0,1.0,1.0,1.0,1.0,1.0,1.0,1.0,1.0,1.0,1.0,1.0,1.0,1.0,1.0,1.0,1.0,1.0,1.0,1.0,1.0,1.0,1.0,1.0,1.0,1.0,1.0,1.0,1.0,1.0,1.0,1.0,1.0,1.0,1.0,1.0,1.0,1.0,1.0,1.0,1.0,1.0,1.0,1.0,1.0,1.0,1.0,1.0,1.0,1.0,1.0,1.0,1.0,1.0,1.0,1.0,1.0,1.0,1.0,1.0,1.0,1.0,1.0,1.0,1.0,1.0,1.0,1.0,1.0,1.0,1.0,1.0,1.0,1.0,1.0,1.0,1.0,1.0,1.0,1.0,1.0,1.0,1.0,1.0,1.0,1.0,1.0,1.0,1.0,1.0,1.0,1.0,1.0,1.0,1.0,1.0,1.0,1.0,1.0,1.0,1.0,1.0,1.0,1.0,1.0,1.0,1.0,1.0,1.0,1.0,1.0
1.0,1.0,1.0,1.0,1.0,1.0,1.0,1.0,1.0,1.0,1.0,1.0,1.0,1.0,1.0,1.0,1.0,1.0,1.0,1.0,1.0,1.0,1.0,1.0,1.0,1.0,1.0,1.0,1.0,1.0,1.0,1.0,1.0,1.0,1.0,1.0,1.0,1.0,1.0,1.0,1.0,1.0,1.0,1.0,1.0,1.0,1.0,1.0,1.0,1.0,1.0,1.0,1.0,1.0,1.0,1.0,1.0,1.0,1.0,1.0,1.0,1.0,1.0,1.0,1.0,1.0,1.0,1.0,1.0,1.0,1.0,1.0,1.0,1.0,1.0,1.0,1.0,1.0,1.0,1.0,1.0,1.0,1.0,1.0,1.0,1.0,1.0,1.0,1.0,1.0,1.0,1.0,1.0,1.0,1.0,1.0,1.0,1.0,1.0,1.0,1.0,1.0,1.0,1.0,1.0,1.0,1.0,1.0,1.0,1.0,1.0,1.0,1.0,1.0,1.0,1.0,1.0,1.0,1.0,1.0,1.0,1.0,1.0,1.0,1.0,1.0,1.0,1.0,1.0,1.0,1.0,1.0,1.0,1.0,1.0,1.0,1.0,1.0,1.0,1.0,1.0,1.0,1.0,1.0,1.0,1.0,1.0,1.0,1.0,1.0,1.0,1.0,1.0,1.0,1.0,1.0,1.0,1.0,1.0,1.0,1.0,1.0,1.0,1.0,1.0,1.0,1.0,1.0,1.0,1.0,1.0,1.0,1.0,1.0,1.0,1.0,1.0,1.0,1.0,1.0,1.0,1.0,1.0,1.0,1.0,1.0,1.0,1.0,1.0,1.0,1.0,1.0,1.0,1.0,1.0,1.0,1.0,1.0,1.0,1.0,1.0,1.0,1.0,1.0,1.0,1.0,1.0,1.0,1.0,1.0,1.0,1.0,1.0,1.0,1.0,1.0,1.0,1.0,1.0,1.0,1.0,1.0,1.0,1.0,1.0,1.0,1.0,1.0,1.0,1.0,1.0,1.0,1.0,1.0,1.0,1.0,1.0,1.0,1.0,1.0,1.0,1.0,1.0,1.0,1.0,1.0,1.0,1.0,1.0,1.0,1.0,1.0,1.0,1.0,1.0,1.0,1.0,1.0,1.0,1.0,1.0,1.0,1.0,1.0,1.0,1.0,1.0,1.0,1.0,1.0,1.0,1.0,1.0,1.0,1.0,1.0,1.0,1.0,1.0,1.0,1.0,1.0,1.0,1.0,1.0,1.0,1.0,1.0,1.0,1.0,1.0,1.0,1.0,1.0,1.0,1.0,1.0,1.0,1.0,1.0,1.0,1.0,1.0,1.0,1.0,1.0,1.0,1.0,1.0,1.0,1.0,1.0,1.0,1.0,1.0,1.0,1.0,1.0,1.0,1.0,1.0,1.0,1.0,1.0,1.0,1.0,1.0,1.0,1.0,1.0,1.0,1.0,1.0,1.0,1.0,1.0,1.0,1.0,1.0,1.0,1.0,1.0,1.0,1.0,1.0,1.0,1.0,1.0,1.0,1.0,1.0,1.0,1.0,1.0,1.0,1.0,1.0,1.0,1.0,1.0,1.0,1.0,1.0,1.0,1.0,1.0,1.0,1.0,1.0,1.0,1.0,1.0,1.0,1.0,1.0,1.0,1.0,1.0,1.0,1.0,1.0,1.0,1.0,1.0,1.0,1.0,1.0,1.0,1.0,1.0,1.0,1.0,1.0,1.0,1.0,1.0,1.0,1.0,1.0,1.0,1.0,1.0,1.0,1.0,1.0,1.0,1.0,1.0,1.0,1.0,1.0,1.0,1.0,1.0,1.0,1.0,1.0,1.0,1.0,1.0,1.0,1.0,1.0,1.0,1.0,1.0,1.0,1.0,1.0,1.0,1.0,1.0,1.0,1.0,1.0,1.0,1.0,1.0,1.0,1.0,1.0,1.0,1.0,1.0,1.0,1.0,1.0,1.0,1.0,1.0,1.0,1.0,1.0,1.0,1.0,1.0,1.0,1.0,1.0,1.0,1.0,1.0,1.0,1.0,1.0,1.0,1.0,1.0,1.0,1.0,1.0,1.0,1.0,1.0,1.0,1.0,1.0,1.0,1.0,1.0,1.0,1.0,1.0,1.0,1.0,1.0,1.0,1.0,1.0,1.0,1.0,1.0,1.0,1.0,1.0,1.0,1.0,1.0,1.0,1.0,1.0,1.0,1.0,1.0,1.0,1.0,1.0,1.0,1.0,1.0,1.0,1.0,1.0,1.0,1.0,1.0,1.0,1.0,1.0,1.0,1.0,1.0,1.0,1.0,1.0,1.0,1.0,1.0,1.0,1.0,1.0,1.0,1.0,1.0,1.0,1.0,1.0,1.0,1.0,1.0,1.0,1.0,1.0,1.0,1.0,1.0,1.0,1.0,1.0,1.0,1.0,1.0,1.0,1.0,1.0,1.0,1.0,1.0,1.0,1.0,1.0,1.0,1.0,1.0,1.0,1.0,1.0,1.0,1.0,1.0,1.0,1.0,1.0,1.0,1.0,1.0,1.0,1.0,1.0,1.0,1.0,1.0,1.0,1.0,1.0,1.0,1.0,1.0,1.0,1.0,1.0,1.0,1.0,1.0,1.0,1.0,1.0,1.0,1.0,1.0,1.0,1.0,1.0,1.0,1.0,1.0,1.0,1.0,1.0,1.0,1.0,1.0,1.0,1.0,1.0,1.0,1.0,1.0,1.0,1.0,1.0,1.0,1.0,1.0,1.0,1.0,1.0,1.0,1.0,1.0,1.0,1.0,1.0,1.0,1.0,1.0,1.0,1.0,1.0,1.0,1.0,1.0,1.0,1.0,1.0,1.0,1.0,1.0,1.0,1.0,1.0,1.0,1.0,1.0,1.0,1.0,1.0,1.0,1.0,1.0,1.0,1.0,1.0,1.0,1.0,1.0,1.0,1.0,1.0,1.0,1.0,1.0,1.0,1.0,1.0,1.0,1.0,1.0,1.0,1.0,1.0,1.0,1.0,1.0,1.0,1.0,1.0,1.0,1.0,1.0,1.0,1.0,1.0,1.0,1.0,1.0,1.0,1.0,1.0,1.0,1.0,1.0,1.0,1.0,1.0,1.0,1.0,1.0,1.0,1.0,1.0,1.0,1.0,1.0,1.0,1.0,1.0,1.0,1.0,1.0,1.0,1.0,1.0,1.0,1.0,1.0,1.0,1.0,1.0,1.0,1.0,1.0,1.0,1.0,1.0,1.0,1.0,1.0,1.0,1.0,1.0,1.0,1.0,1.0,1.0,1.0,1.0,1.0,1.0,1.0,1.0,1.0,1.0,1.0,1.0,1.0,1.0,1.0,1.0,1.0,1.0,1.0,1.0,1.0,1.0,1.0,1.0,1.0,1.0,1.0,1.0,1.0,1.0,1.0,1.0,1.0,1.0,1.0,1.0,1.0,1.0,1.0,1.0,1.0,1.0,1.0,1.0,1.0,1.0,1.0,1.0,1.0,1.0,1.0,1.0,1.0,1.0,1.0,1.0,1.0,1.0,1.0,1.0,1.0,1.0,1.0,1.0,1.0,1.0,1.0,1.0,1.0,1.0,1.0,1.0,1.0,1.0,1.0,1.0,1.0,1.0,1.0,1.0,1.0,1.0,1.0,1.0,1.0,1.0,1.0,1.0,1.0,1.0,1.0,1.0,1.0,1.0,1.0,1.0,1.0,1.0,1.0,1.0,1.0,1.0,1.0,1.0,1.0,1.0,1.0,1.0,1.0,1.0,1.0,1.0,1.0,1.0,1.0,1.0,1.0,1.0,1.0,1.0,1.0,1.0,1.0,1.0,1.0,1.0,1.0,1.0,1.0,1.0,1.0,1.0,1.0,1.0,1.0,1.0,1.0,1.0,1.0,1.0,1.0,1.0,1.0,1.0,1.0,1.0,1.0,1.0,1.0,1.0,1.0,1.0,1.0,1.0,1.0,1.0,1.0,1.0,1.0,1.0,1.0,1.0,1.0,1.0,1.0,1.0,1.0,1.0,1.0,1.0,1.0,1.0,1.0,1.0,1.0,1.0,1.0,1.0,1.0,1.0,1.0,1.0,1.0,1.0,1.0,1.0,1.0,1.0,1.0,1.0,1.0,1.0,1.0,1.0,1.0,1.0,1.0,1.0,1.0,1.0,1.0,1.0,1.0,1.0,1.0,1.0,1.0,1.0,1.0,1.0,1.0,1.0,1.0,1.0,1.0,1.0,1.0,1.0,1.0,1.0,1.0,1.0,1.0,1.0,1.0,1.0,1.0,1.0,1.0,1.0,1.0,1.0,1.0,1.0,1.0,1.0,1.0,1.0,1.0,1.0,1.0,1.0,1.0,1.0,1.0,1.0,1.0,1.0,1.0,1.0,1.0,1.0,1.0,1.0,1.0,1.0,1.0,1.0,1.0,1.0,1.0,1.0,1.0,1.0,1.0,1.0,1.0,1.0,1.0,1.0,1.0,1.0,1.0,1.0,1.0,1.0,1.0,1.0,1.0,1.0,1.0,1.0,1.0,1.0,1.0,1.0,1.0,1.0,1.0,1.0,1.0,1.0,1.0,1.0,1.0,1.0,1.0,1.0,1.0,1.0,1.0,1.0,1.0,1.0,1.0,1.0,1.0,1.0,1.0,1.0,1.0,1.0,1.0,1.0,1.0,1.0,1.0,1.0,1.0,1.0,1.0,1.0,1.0,1.0,1.0,1.0,1.0,1.0,1.0,1.0,1.0,1.0,1.0,1.0,1.0,1.0,1.0,1.0,1.0,1.0,1.0,1.0,1.0,1.0,1.0,1.0,1.0,1.0,1.0,1.0,1.0,1.0,1.0,1.0,1.0,1.0,1.0,1.0,1.0,1.0,1.0,1.0,1.0,1.0,1.0,1.0,1.0,1.0,1.0,1.0,1.0,1.0,1.0,1.0,1.0,1.0,1.0,1.0,1.0,1.0,1.0,1.0,1.0,1.0,1.0,1.0,1.0,1.0,1.0,1.0,1.0,1.0,1.0,1.0,1.0,1.0,1.0,1.0,1.0,1.0,1.0,1.0,1.0,1.0,1.0,1.0,1.0,1.0,1.0,1.0,1.0,1.0,1.0,1.0,1.0,1.0,1.0,1.0,1.0,1.0,1.0,1.0,1.0,1.0,1.0,1.0,1.0,1.0,1.0,1.0,1.0,1.0,1.0,1.0,1.0,1.0,1.0,1.0,1.0,1.0,1.0,1.0,1.0,1.0,1.0,1.0,1.0,1.0,1.0,1.0,1.0,1.0,1.0,1.0,1.0,1.0,1.0,1.0,1.0,1.0,1.0,1.0,1.0,1.0,1.0,1.0,1.0,1.0,1.0,1.0,1.0,1.0,1.0,1.0,1.0,1.0,1.0,1.0,1.0,1.0,1.0,1.0,1.0,1.0,1.0,1.0,1.0,1.0,1.0,1.0,1.0,1.0,1.0,1.0,1.0,1.0,1.0,1.0,1.0,1.0,1.0,1.0,1.0,1.0,1.0,1.0,1.0,1.0,1.0,1.0,1.0,1.0,1.0,1.0,1.0,1.0,1.0,1.0,1.0,1.0,1.0,1.0,1.0,1.0,1.0,1.0,1.0,1.0,1.0,1.0,1.0,1.0,1.0,1.0,1.0,1.0,1.0,1.0,1.0,1.0,1.0,1.0,1.0,1.0,1.0,1.0,1.0,1.0,1.0,1.0,1.0,1.0,1.0,1.0,1.0,1.0,1.0,1.0,1.0,1.0,1.0,1.0,1.0,1.0,1.0,1.0,1.0,1.0,1.0,1.0,1.0,1.0,1.0,1.0,1.0,1.0,1.0,1.0,1.0,1.0,1.0,1.0,1.0,1.0,1.0,1.0,1.0,1.0,1.0,1.0,1.0,1.0,1.0,1.0,1.0,1.0,1.0,1.0,1.0,1.0,1.0,1.0,1.0,1.0,1.0,1.0,1.0,1.0,1.0,1.0,1.0,1.0,1.0,1.0,1.0,1.0,1.0,1.0,1.0,1.0,1.0,1.0,1.0,1.0,1.0,1.0,1.0,1.0,1.0,1.0,1.0,1.0,1.0,1.0,1.0,1.0,1.0,1.0,1.0,1.0,1.0,1.0,1.0,1.0,1.0,1.0,1.0,1.0,1.0,1.0,1.0,1.0,1.0,1.0,1.0,1.0,1.0,1.0,1.0,1.0,1.0,1.0,1.0,1.0,1.0,1.0,1.0,1.0,1.0,1.0,1.0,1.0,1.0,1.0,1.0,1.0,1.0,1.0,1.0,1.0,1.0,1.0,1.0,1.0,1.0,1.0,1.0,1.0,1.0,1.0,1.0,1.0,1.0,1.0,1.0,1.0,1.0,1.0,1.0,1.0,1.0,1.0,1.0,1.0,1.0,1.0,1.0,1.0,1.0,1.0,1.0,1.0,1.0,1.0,1.0,1.0,1.0,1.0,1.0,1.0,1.0,1.0,1.0,1.0,1.0,1.0,1.0,1.0,1.0,1.0,1.0,1.0,1.0,1.0,1.0,1.0,1.0,1.0,1.0,1.0,1.0,1.0,1.0,1.0,1.0,1.0,1.0,1.0,1.0,1.0,1.0,1.0,1.0,1.0,1.0,1.0,1.0,1.0,1.0,1.0,1.0,1.0,1.0,1.0,1.0,1.0,1.0,1.0,1.0,1.0,1.0,1.0,1.0,1.0,1.0,1.0,1.0,1.0,1.0,1.0,1.0,1.0,1.0,1.0,1.0,1.0,1.0,1.0,1.0,1.0,1.0,1.0,1.0,1.0,1.0,1.0,1.0,1.0,1.0,1.0,1.0,1.0,1.0,1.0,1.0,1.0,1.0,1.0,1.0,1.0,1.0,1.0,1.0,1.0,1.0,1.0,1.0,1.0,1.0,1.0,1.0,1.0,1.0,1.0,1.0,1.0,1.0,1.0,1.0,1.0,1.0,1.0,1.0,1.0,1.0,1.0,1.0,1.0,1.0,1.0,1.0,1.0,1.0,1.0,1.0,1.0,1.0,1.0,1.0,1.0,1.0,1.0,1.0,1.0,1.0,1.0,1.0,1.0,1.0,1.0,1.0,1.0,1.0,1.0,1.0,1.0,1.0,1.0,1.0,1.0,1.0,1.0,1.0,1.0,1.0,1.0,1.0,1.0,1.0,1.0,1.0,1.0,1.0,1.0,1.0,1.0,1.0,1.0,1.0,1.0,1.0,1.0,1.0,1.0,1.0,1.0,1.0,1.0,1.0,1.0,1.0,1.0,1.0,1.0,1.0,1.0,1.0,1.0,1.0,1.0,1.0,1.0,1.0,1.0,1.0,1.0,1.0,1.0,1.0,1.0,1.0,1.0,1.0,1.0,1.0,1.0,1.0,1.0,1.0,1.0,1.0,1.0,1.0,1.0,1.0,1.0,1.0,1.0,1.0,1.0,1.0,1.0,1.0,1.0,1.0,1.0,1.0,1.0,1.0,1.0,1.0,1.0,1.0,1.0,1.0,1.0,1.0,1.0,1.0,1.0,1.0,1.0,1.0,1.0,1.0,1.0,1.0,1.0,1.0,1.0,1.0,1.0,1.0,1.0,1.0,1.0,1.0,1.0,1.0,1.0,1.0,1.0,1.0,1.0,1.0,1.0,1.0,1.0,1.0,1.0,1.0,1.0,1.0,1.0,1.0,1.0,1.0,1.0,1.0,1.0,1.0,1.0,1.0,1.0,1.0,1.0,1.0,1.0,1.0,1.0,1.0,1.0,1.0,1.0,1.0,1.0,1.0,1.0,1.0,1.0,1.0,1.0,1.0,1.0,1.0,1.0,1.0,1.0,1.0,1.0,1.0,1.0,1.0,1.0,1.0,1.0,1.0,1.0,1.0,1.0,1.0,1.0,1.0,1.0,1.0,1.0,1.0,1.0,1.0,1.0,1.0,1.0,1.0,1.0,1.0,1.0,1.0,1.0,1.0,1.0,1.0,1.0,1.0,1.0,1.0,1.0,1.0,1.0,1.0,1.0,1.0,1.0,1.0,1.0,1.0,1.0,1.0,1.0,1.0,1.0,1.0,1.0,1.0,1.0,1.0,1.0,1.0,1.0,1.0,1.0,1.0,1.0,1.0,1.0,1.0,1.0,1.0,1.0,1.0,1.0,1.0,1.0,1.0,1.0,1.0,1.0,1.0,1.0,1.0,1.0,1.0,1.0,1.0,1.0,1.0,1.0,1.0,1.0,1.0,1.0,1.0,1.0,1.0,1.0,1.0,1.0,1.0,1.0,1.0,1.0,1.0,1.0,1.0,1.0,1.0,1.0,1.0,1.0,1.0,1.0,1.0,1.0,1.0,1.0,1.0,1.0,1.0,1.0,1.0,1.0,1.0,1.0,1.0,1.0,1.0,1.0,1.0,1.0,1.0,1.0,1.0,1.0,1.0,1.0,1.0,1.0,1.0,1.0,1.0,1.0,1.0,1.0,1.0,1.0,1.0,1.0,1.0,1.0,1.0,1.0,1.0,1.0,1.0,1.0,1.0,1.0,1.0,1.0,1.0,1.0,1.0,1.0,1.0,1.0,1.0,1.0,1.0,1.0,1.0,1.0,1.0,1.0,1.0,1.0,1.0,1.0,1.0,1.0,1.0,1.0,1.0,1.0,1.0,1.0,1.0,1.0,1.0,1.0,1.0,1.0,1.0,1.0,1.0,1.0,1.0,1.0,1.0,1.0,1.0,1.0,1.0,1.0,1.0,1.0,1.0,1.0,1.0,1.0,1.0,1.0,1.0,1.0,1.0,1.0,1.0,1.0,1.0,1.0,1.0,1.0,1.0,1.0,1.0,1.0,1.0,1.0,1.0,1.0,1.0,1.0,1.0,1.0,1.0,1.0,1.0,1.0,1.0,1.0,1.0,1.0,1.0,1.0,1.0,1.0,1.0,1.0,1.0,1.0,1.0,1.0,1.0,1.0,1.0,1.0,1.0,1.0,1.0,1.0,1.0,1.0,1.0,1.0,1.0,1.0,1.0,1.0,1.0,1.0,1.0,1.0,1.0,1.0,1.0,1.0,1.0,1.0,1.0,1.0,1.0,1.0,1.0,1.0,1.0,1.0,1.0,1.0,1.0,1.0,1.0,1.0,1.0,1.0,1.0,1.0,1.0,1.0,1.0,1.0,1.0,1.0,1.0,1.0,1.0,1.0,1.0,1.0,1.0,1.0,1.0,1.0,1.0,1.0,1.0,1.0,1.0,1.0,1.0,1.0,1.0,1.0,1.0,1.0,1.0,1.0,1.0,1.0,1.0,1.0,1.0,1.0,1.0,1.0,1.0,1.0,1.0,1.0,1.0,1.0,1.0,1.0,1.0,1.0,1.0,1.0,1.0,1.0,1.0,1.0,1.0,1.0,1.0,1.0,1.0,1.0,1.0,1.0,1.0,1.0,1.0,1.0,1.0,1.0,1.0,1.0,1.0,1.0,1.0,1.0,1.0,1.0,1.0,1.0,1.0,1.0,1.0,1.0,1.0,1.0,1.0,1.0,1.0,1.0,1.0,1.0,1.0,1.0,1.0,1.0,1.0,1.0,1.0,1.0,1.0,1.0,1.0,1.0,1.0,1.0,1.0,1.0,1.0,1.0,1.0,1.0,1.0,1.0,1.0,1.0,1.0,1.0,1.0,1.0,1.0,1.0,1.0,1.0,1.0,1.0,1.0,1.0,1.0,1.0,1.0,1.0,1.0,1.0,1.0,1.0,1.0,1.0,1.0,1.0,1.0,1.0,1.0,1.0,1.0,1.0,1.0,1.0,1.0,1.0,1.0,1.0,1.0,1.0,1.0,1.0,1.0,1.0,1.0,1.0,1.0,1.0,1.0,1.0,1.0,1.0,1.0,1.0,1.0,1.0,1.0,1.0,1.0,1.0,1.0,1.0,1.0,1.0,1.0,1.0,1.0,1.0,1.0,1.0,1.0,1.0,1.0,1.0,1.0,1.0,1.0,1.0,1.0,1.0,1.0,1.0,1.0,1.0,1.0,1.0,1.0,1.0,1.0,1.0,1.0,1.0,1.0,1.0,1.0,1.0,1.0,1.0,1.0,1.0,1.0,1.0,1.0,1.0,1.0,1.0,1.0,1.0,1.0,1.0,1.0,1.0,1.0,1.0,1.0,1.0,1.0,1.0,1.0,1.0,1.0,1.0,1.0,1.0,1.0,1.0,1.0,1.0,1.0,1.0,1.0,1.0,1.0,1.0,1.0,1.0,1.0,1.0,1.0,1.0,1.0,1.0,1.0,1.0,1.0,1.0,1.0,1.0,1.0,1.0,1.0,1.0,1.0,1.0,1.0,1.0,1.0,1.0,1.0,1.0,1.0,1.0,1.0,1.0,1.0,1.0,1.0,1.0,1.0,1.0,1.0,1.0,1.0,1.0,1.0,1.0,1.0,1.0,1.0,1.0,1.0,1.0,1.0,1.0,1.0,1.0,1.0,1.0,1.0,1.0,1.0,1.0,1.0,1.0,1.0,1.0,1.0,1.0,1.0,1.0,1.0,1.0,1.0,1.0,1.0,1.0,1.0,1.0,1.0,1.0,1.0,1.0,1.0,1.0,1.0,1.0,1.0,1.0,1.0,1.0,1.0,1.0,1.0,1.0,1.0,1.0,1.0,1.0,1.0,1.0,1.0,1.0,1.0,1.0,1.0,1.0,1.0,1.0,1.0,1.0,1.0,1.0,1.0,1.0,1.0,1.0,1.0,1.0,1.0,1.0,1.0,1.0,1.0,1.0,1.0,1.0,1.0,1.0,1.0,1.0,1.0,1.0,1.0,1.0,1.0,1.0,1.0,1.0,1.0,1.0,1.0,1.0,1.0,1.0,1.0,1.0,1.0,1.0,1.0,1.0,1.0,1.0,1.0,1.0,1.0,1.0,1.0,1.0,1.0,1.0,1.0,1.0,1.0,1.0,1.0,1.0,1.0,1.0,1.0,1.0,1.0,1.0,1.0,1.0,1.0,1.0,1.0,1.0,1.0,1.0,1.0,1.0,1.0,1.0,1.0,1.0,1.0,1.0,1.0,1.0,1.0,1.0,1.0,1.0,1.0,1.0,1.0,1.0,1.0,1.0,1.0,1.0,1.0,1.0,1.0,1.0,1.0,1.0,1.0,1.0,1.0,1.0,1.0,1.0,1.0,1.0,1.0,1.0,1.0,1.0,1.0,1.0,1.0,1.0,1.0,1.0,1.0,1.0,1.0,1.0,1.0,1.0,1.0,1.0,1.0,1.0,1.0,1.0,1.0,1.0,1.0,1.0,1.0,1.0,1.0,1.0,1.0,1.0,1.0,1.0,1.0,1.0,1.0,1.0,1.0,1.0,1.0,1.0,1.0,1.0,1.0,1.0,1.0,1.0,1.0,1.0,1.0,1.0,1.0,1.0,1.0,1.0,1.0,1.0,1.0,1.0,1.0,1.0,1.0,1.0,1.0,1.0,1.0,1.0,1.0,1.0,1.0,1.0,1.0,1.0,1.0,1.0,1.0,1.0,1.0,1.0,1.0,1.0,1.0,1.0,1.0,1.0,1.0,1.0,1.0,1.0,1.0,1.0,1.0,1.0,1.0,1.0,1.0,1.0,1.0,1.0,1.0,1.0,1.0,1.0,1.0,1.0,1.0,1.0,1.0,1.0,1.0,1.0,1.0,1.0,1.0,1.0,1.0,1.0,1.0,1.0,1.0,1.0,1.0,1.0,1.0,1.0,1.0,1.0,1.0,1.0,1.0,1.0,1.0,1.0,1.0,1.0,1.0,1.0,1.0,1.0,1.0,1.0,1.0,1.0,1.0,1.0,1.0,1.0,1.0,1.0,1.0,1.0,1.0,1.0,1.0,1.0,1.0,1.0,1.0,1.0,1.0,1.0,1.0,1.0,1.0,1.0,1.0,1.0,1.0,1.0,1.0,1.0,1.0,1.0,1.0,1.0,1.0,1.0,1.0,1.0,1.0,1.0,1.0,1.0,1.0,1.0,1.0,1.0,1.0,1.0,1.0,1.0,1.0,1.0,1.0,1.0,1.0,1.0,1.0,1.0,1.0,1.0,1.0,1.0,1.0,1.0,1.0,1.0,1.0,1.0,1.0,1.0,1.0,1.0,1.0,1.0,1.0,1.0,1.0,1.0,1.0,1.0,1.0,1.0,1.0,1.0,1.0,1.0,1.0,1.0,1.0,1.0,1.0,1.0,1.0,1.0,1.0,1.0,1.0,1.0,1.0,1.0,1.0,1.0,1.0,1.0,1.0,1.0,1.0,1.0,1.0,1.0,1.0,1.0,1.0,1.0,1.0,1.0,1.0,1.0,1.0,1.0,1.0,1.0,1.0,1.0,1.0,1.0,1.0,1.0,1.0,1.0,1.0,1.0,1.0,1.0,1.0,1.0,1.0,1.0,1.0,1.0,1.0,1.0,1.0,1.0,1.0,1.0,1.0,1.0,1.0,1.0,1.0,1.0,1.0,1.0,1.0,1.0,1.0,1.0,1.0,1.0,1.0,1.0,1.0,1.0,1.0,1.0,1.0,1.0,1.0,1.0,1.0,1.0,1.0,1.0,1.0,1.0,1.0,1.0,1.0,1.0,1.0,1.0,1.0,1.0,1.0,1.0,1.0,1.0,1.0,1.0,1.0,1.0,1.0,1.0,1.0,1.0,1.0,1.0,1.0,1.0,1.0,1.0,1.0,1.0,1.0,1.0,1.0,1.0,1.0,1.0,1.0,1.0,1.0,1.0,1.0,1.0,1.0,1.0,1.0,1.0,1.0,1.0,1.0,1.0,1.0,1.0,1.0,1.0,1.0,1.0,1.0,1.0,1.0,1.0,1.0,1.0,1.0,1.0,1.0,1.0,1.0,1.0,1.0,1.0,1.0,1.0,1.0,1.0,1.0,1.0,1.0,1.0,1.0,1.0,1.0,1.0,1.0,1.0,1.0,1.0,1.0,1.0,1.0,1.0,1.0,1.0,1.0,1.0,1.0,1.0,1.0,1.0,1.0,1.0,1.0,1.0,1.0,1.0,1.0,1.0,1.0,1.0,1.0,1.0,1.0,1.0,1.0,1.0,1.0,1.0,1.0,1.0,1.0,1.0,1.0,1.0,1.0,1.0,1.0,1.0,1.0,1.0,1.0,1.0,1.0,1.0,1.0,1.0,1.0,1.0,1.0,1.0,1.0,1.0,1.0,1.0,1.0,1.0,1.0,1.0,1.0,1.0,1.0,1.0,1.0,1.0,1.0,1.0,1.0,1.0,1.0,1.0,1.0,1.0,1.0,1.0,1.0,1.0,1.0,1.0,1.0,1.0,1.0,1.0,1.0,1.0,1.0,1.0,1.0,1.0,1.0,1.0,1.0,1.0,1.0,1.0,1.0,1.0,1.0,1.0,1.0,1.0,1.0,1.0,1.0,1.0,1.0,1.0,1.0,1.0,1.0,1.0,1.0,1.0,1.0,1.0,1.0,1.0,1.0,1.0,1.0,1.0,1.0,1.0,1.0,1.0,1.0,1.0,1.0,1.0,1.0,1.0,1.0,1.0,1.0,1.0,1.0,1.0,1.0,1.0,1.0,1.0,1.0,1.0,1.0,1.0,1.0,1.0,1.0,1.0,1.0,1.0,1.0,1.0,1.0,1.0,1.0,1.0,1.0,1.0,1.0,1.0,1.0,1.0,1.0,1.0,1.0,1.0,1.0,1.0,1.0,1.0,1.0,1.0,1.0,1.0,1.0,1.0,1.0,1.0,1.0,1.0,1.0,1.0,1.0,1.0,1.0,1.0,1.0,1.0,1.0,1.0,1.0,1.0,1.0,1.0,1.0,1.0,1.0,1.0,1.0,1.0,1.0,1.0,1.0,1.0,1.0,1.0,1.0,1.0,1.0,1.0,1.0,1.0,1.0,1.0,1.0,1.0,1.0,1.0,1.0,1.0,1.0,1.0,1.0,1.0,1.0,1.0,1.0,1.0,1.0,1.0,1.0,1.0,1.0,1.0,1.0,1.0,1.0,1.0,1.0,1.0,1.0,1.0,1.0,1.0,1.0,1.0,1.0,1.0,1.0,1.0,1.0,1.0,1.0,1.0,1.0,1.0,1.0,1.0,1.0,1.0,1.0,1.0,1.0,1.0,1.0,1.0,1.0,1.0,1.0,1.0,1.0,1.0,1.0,1.0,1.0,1.0,1.0,1.0,1.0,1.0,1.0,1.0,1.0,1.0,1.0,1.0,1.0,1.0,1.0,1.0,1.0,1.0,1.0,1.0,1.0,1.0,1.0,1.0,1.0,1.0,1.0,1.0,1.0,1.0,1.0,1.0,1.0,1.0,1.0,1.0,1.0,1.0,1.0,1.0,1.0,1.0,1.0,1.0,1.0,1.0,1.0,1.0,1.0,1.0,1.0,1.0,1.0,1.0,1.0,1.0,1.0,1.0,1.0,1.0,1.0,1.0,1.0,1.0,1.0,1.0,1.0,1.0,1.0,1.0,1.0,1.0,1.0,1.0,1.0,1.0,1.0,1.0,1.0,1.0,1.0,1.0,1.0,1.0,1.0,1.0,1.0,1.0,1.0,1.0,1.0,1.0,1.0,1.0,1.0,1.0,1.0,1.0,1.0,1.0,1.0,1.0,1.0,1.0,1.0,1.0,1.0,1.0,1.0,1.0,1.0,1.0,1.0,1.0,1.0,1.0,1.0,1.0,1.0,1.0,1.0,1.0,1.0,1.0,1.0,1.0,1.0,1.0,1.0,1.0,1.0,1.0,1.0,1.0,1.0,1.0,1.0,1.0,1.0,1.0,1.0,1.0,1.0,1.0,1.0,1.0,1.0,1.0,1.0,1.0,1.0,1.0,1.0,1.0,1.0,1.0,1.0,1.0,1.0,1.0,1.0,1.0,1.0,1.0,1.0,1.0,1.0,1.0,1.0,1.0,1.0,1.0,1.0,1.0,1.0,1.0,1.0,1.0,1.0,1.0,1.0,1.0,1.0,1.0,1.0,1.0,1.0,1.0,1.0,1.0,1.0,1.0,1.0,1.0,1.0,1.0,1.0,1.0,1.0,1.0,1.0,1.0,1.0,1.0,1.0,1.0,1.0,1.0,1.0,1.0,1.0,1.0,1.0,1.0,1.0,1.0,1.0,1.0,1.0,1.0,1.0,1.0,1.0,1.0,1.0,1.0,1.0,1.0,1.0,1.0,1.0,1.0,1.0,1.0,1.0,1.0,1.0,1.0,1.0,1.0,1.0,1.0,1.0,1.0,1.0,1.0,1.0,1.0,1.0,1.0,1.0,1.0,1.0,1.0,1.0,1.0,1.0,1.0,1.0,1.0,1.0,1.0,1.0,1.0,1.0,1.0,1.0,1.0,1.0,1.0,1.0,1.0,1.0,1.0,1.0,1.0,1.0,1.0,1.0,1.0,1.0,1.0,1.0,1.0,1.0,1.0,1.0,1.0,1.0,1.0,1.0,1.0,1.0,1.0,1.0,1.0,1.0,1.0,1.0,1.0,1.0,1.0,1.0,1.0,1.0,1.0,1.0,1.0,1.0,1.0,1.0,1.0,1.0,1.0,1.0,1.0,1.0,1.0,1.0,1.0,1.0,1.0,1.0,1.0,1.0,1.0,1.0,1.0,1.0,1.0,1.0,1.0,1.0,1.0,1.0,1.0,1.0,1.0,1.0,1.0,1.0,1.0,1.0,1.0,1.0,1.0,1.0,1.0,1.0,1.0,1.0,1.0,1.0,1.0,1.0,1.0,1.0,1.0,1.0,1.0,1.0,1.0,1.0,1.0,1.0,1.0,1.0,1.0,1.0,1.0,1.0,1.0,1.0,1.0,1.0,1.0,1.0,1.0,1.0,1.0,1.0,1.0,1.0,1.0,1.0,1.0,1.0,1.0,1.0,1.0,1.0,1.0,1.0,1.0,1.0,1.0,1.0,1.0,1.0,1.0,1.0,1.0,1.0,1.0,1.0,1.0,1.0,1.0,1.0,1.0,1.0,1.0,1.0,1.0,1.0,1.0,1.0,1.0,1.0,1.0,1.0,1.0,1.0,1.0,1.0,1.0,1.0,1.0,1.0,1.0,1.0,1.0,1.0,1.0,1.0,1.0,1.0,1.0,1.0,1.0,1.0,1.0,1.0,1.0,1.0,1.0,1.0,1.0,1.0,1.0,1.0,1.0,1.0,1.0,1.0,1.0,1.0,1.0,1.0,1.0,1.0,1.0,1.0,1.0,1.0,1.0,1.0,1.0,1.0,1.0,1.0,1.0,1.0,1.0,1.0,1.0,1.0,1.0,1.0,1.0,1.0,1.0,1.0,1.0,1.0,1.0,1.0,1.0,1.0,1.0,1.0,1.0,1.0,1.0,1.0,1.0,1.0,1.0,1.0,1.0,1.0,1.0,1.0,1.0,1.0,1.0,1.0,1.0,1.0,1.0,1.0,1.0,1.0,1.0,1.0,1.0,1.0,1.0,1.0,1.0,1.0,1.0,1.0,1.0,1.0,1.0,1.0,1.0,1.0,1.0,1.0,1.0,1.0,1.0,1.0,1.0,1.0,1.0,1.0,1.0,1.0,1.0,1.0,1.0,1.0,1.0,1.0,1.0,1.0,1.0,1.0,1.0,1.0,1.0,1.0,1.0,1.0,1.0,1.0,1.0,1.0,1.0,1.0,1.0,1.0,1.0,1.0,1.0,1.0,1.0,1.0,1.0,1.0,1.0,1.0,1.0,1.0,1.0,1.0,1.0,1.0,1.0,1.0,1.0,1.0,1.0,1.0,1.0,1.0,1.0,1.0,1.0,1.0,1.0,1.0,1.0,1.0,1.0,1.0,1.0,1.0,1.0,1.0,1.0,1.0,1.0,1.0,1.0,1.0,1.0,1.0,1.0,1.0,1.0,1.0,1.0,1.0,1.0,1.0,1.0,1.0,1.0,1.0,1.0,1.0,1.0,1.0,1.0,1.0,1.0,1.0,1.0,1.0,1.0,1.0,1.0,1.0,1.0,1.0,1.0,1.0,1.0,1.0,1.0,1.0,1.0,1.0,1.0,1.0,1.0,1.0,1.0,1.0,1.0,1.0,1.0,1.0,1.0,1.0,1.0,1.0,1.0,1.0,1.0,1.0,1.0,1.0,1.0,1.0,1.0,1.0,1.0,1.0,1.0,1.0,1.0,1.0,1.0,1.0,1.0,1.0,1.0,1.0,1.0,1.0,1.0,1.0,1.0,1.0,1.0,1.0,1.0,1.0,1.0,1.0,1.0,1.0,1.0,1.0,1.0,1.0,1.0,1.0,1.0,1.0,1.0,1.0,1.0,1.0,1.0,1.0,1.0,1.0,1.0,1.0,1.0,1.0,1.0,1.0,1.0,1.0,1.0,1.0,1.0,1.0,1.0,1.0,1.0,1.0,1.0,1.0,1.0,1.0,1.0,1.0,1.0,1.0,1.0,1.0,1.0,1.0,1.0,1.0,1.0,1.0,1.0,1.0,1.0,1.0,1.0,1.0,1.0,1.0,1.0,1.0,1.0,1.0,1.0,1.0,1.0,1.0,1.0,1.0,1.0,1.0,1.0,1.0,1.0,1.0,1.0,1.0,1.0,1.0,1.0,1.0,1.0,1.0,1.0,1.0,1.0,1.0,1.0,1.0,1.0,1.0,1.0,1.0,1.0,1.0,1.0,1.0,1.0,1.0,1.0,1.0,1.0,1.0,1.0,1.0,1.0,1.0,1.0,1.0,1.0,1.0,1.0,1.0,1.0,1.0,1.0,1.0,1.0,1.0,1.0,1.0,1.0,1.0,1.0,1.0,1.0,1.0,1.0,1.0,1.0,1.0,1.0,1.0,1.0,1.0,1.0,1.0,1.0,1.0,1.0,1.0,1.0,1.0,1.0,1.0,1.0,1.0,1.0,1.0,1.0,1.0,1.0,1.0,1.0,1.0,1.0,1.0,1.0,1.0,1.0,1.0,1.0,1.0,1.0,1.0,1.0,1.0,1.0,1.0,1.0,1.0,1.0,1.0,1.0,1.0,1.0,1.0,1.0,1.0,1.0,1.0,1.0,1.0,1.0,1.0,1.0,1.0,1.0,1.0,1.0,1.0,1.0,1.0,1.0,1.0,1.0,1.0,1.0,1.0,1.0,1.0,1.0,1.0,1.0,1.0,1.0,1.0,1.0,1.0,1.0,1.0,1.0,1.0,1.0,1.0,1.0,1.0,1.0,1.0,1.0,1.0,1.0,1.0,1.0,1.0,1.0,1.0,1.0,1.0,1.0,1.0,1.0,1.0,1.0,1.0,1.0,1.0,1.0,1.0,1.0,1.0,1.0,1.0,1.0,1.0,1.0,1.0,1.0,1.0,1.0,1.0,1.0,1.0,1.0,1.0,1.0,1.0,1.0,1.0,1.0,1.0,1.0,1.0,1.0,1.0,1.0,1.0,1.0,1.0,1.0,1.0,1.0,1.0,1.0,1.0,1.0,1.0,1.0,1.0,1.0,1.0,1.0,1.0,1.0,1.0,1.0,1.0,1.0,1.0,1.0,1.0,1.0,1.0,1.0,1.0,1.0,1.0,1.0,1.0,1.0,1.0,1.0,1.0,1.0,1.0,1.0,1.0,1.0,1.0,1.0,1.0,1.0,1.0,1.0,1.0,1.0,1.0,1.0,1.0,1.0,1.0,1.0,1.0,1.0,1.0,1.0,1.0,1.0,1.0,1.0,1.0,1.0,1.0,1.0,1.0,1.0,1.0,1.0,1.0,1.0,1.0,1.0,1.0,1.0,1.0,1.0,1.0,1.0,1.0,1.0,1.0,1.0,1.0,1.0,1.0,1.0,1.0,1.0,1.0,1.0,1.0,1.0,1.0,1.0,1.0,1.0,1.0,1.0,1.0,1.0,1.0,1.0,1.0,1.0,1.0,1.0,1.0,1.0,1.0,1.0,1.0,1.0,1.0,1.0,1.0,1.0,1.0,1.0,1.0,1.0,1.0,1.0,1.0,1.0,1.0,1.0,1.0,1.0,1.0,1.0,1.0,1.0,1.0,1.0,1.0,1.0,1.0,1.0,1.0,1.0,1.0,1.0,1.0,1.0,1.0,1.0,1.0,1.0,1.0,1.0,1.0,1.0,1.0,1.0,1.0,1.0,1.0,1.0,1.0,1.0,1.0,1.0,1.0,1.0,1.0,1.0,1.0,1.0,1.0,1.0,1.0,1.0,1.0,1.0,1.0,1.0,1.0,1.0,1.0,1.0,1.0,1.0,1.0,1.0,1.0,1.0,1.0,1.0,1.0,1.0,1.0,1.0,1.0,1.0,1.0,1.0,1.0,1.0,1.0,1.0,1.0,1.0,1.0,1.0,1.0,1.0,1.0,1.0,1.0,1.0,1.0,1.0,1.0,1.0,1.0,1.0,1.0,1.0,1.0,1.0,1.0,1.0,1.0,1.0,1.0,1.0,1.0,1.0,1.0,1.0,1.0,1.0,1.0,1.0,1.0,1.0,1.0,1.0,1.0,1.0,1.0,1.0,1.0,1.0,1.0,1.0,1.0,1.0,1.0,1.0,1.0,1.0,1.0,1.0,1.0,1.0,1.0,1.0,1.0,1.0,1.0,1.0,1.0,1.0,1.0,1.0,1.0,1.0,1.0,1.0,1.0,1.0,1.0,1.0,1.0,1.0,1.0,1.0,1.0,1.0,1.0,1.0,1.0,1.0,1.0,1.0,1.0,1.0,1.0,1.0,1.0,1.0,1.0,1.0,1.0,1.0,1.0,1.0,1.0,1.0,1.0,1.0,1.0,1.0,1.0,1.0,1.0,1.0,1.0,1.0,1.0,1.0,1.0,1.0,1.0,1.0,1.0,1.0,1.0,1.0,1.0,1.0,1.0,1.0,1.0,1.0,1.0,1.0,1.0,1.0,1.0,1.0,1.0,1.0,1.0,1.0,1.0,1.0,1.0,1.0,1.0,1.0,1.0,1.0,1.0,1.0,1.0,1.0,1.0,1.0,1.0,1.0,1.0,1.0,1.0,1.0,1.0,1.0,1.0,1.0,1.0,1.0,1.0,1.0,1.0,1.0,1.0,1.0,1.0,1.0,1.0,1.0,1.0,1.0,1.0,1.0,1.0,1.0,1.0,1.0,1.0,1.0,1.0,1.0,1.0,1.0,1.0,1.0,1.0,1.0,1.0,1.0,1.0,1.0,1.0,1.0,1.0,1.0,1.0,1.0,1.0,1.0,1.0,1.0,1.0,1.0,1.0,1.0,1.0,1.0,1.0,1.0,1.0,1.0,1.0,1.0,1.0,1.0,1.0,1.0,1.0,1.0,1.0,1.0,1.0,1.0,1.0,1.0,1.0,1.0,1.0,1.0,1.0,1.0,1.0,1.0,1.0,1.0,1.0,1.0,1.0,1.0,1.0,1.0,1.0,1.0,1.0,1.0,1.0,1.0,1.0,1.0,1.0,1.0,1.0,1.0,1.0,1.0,1.0,1.0,1.0,1.0,1.0,1.0,1.0,1.0,1.0,1.0,1.0,1.0,1.0,1.0,1.0,1.0,1.0,1.0,1.0,1.0,1.0,1.0,1.0,1.0,1.0,1.0,1.0,1.0,1.0,1.0,1.0,1.0,1.0,1.0,1.0,1.0,1.0,1.0,1.0,1.0,1.0,1.0,1.0,1.0,1.0,1.0,1.0,1.0,1.0,1.0,1.0,1.0,1.0,1.0,1.0,1.0,1.0,1.0,1.0,1.0,1.0,1.0,1.0,1.0,1.0,1.0,1.0,1.0,1.0,1.0,1.0,1.0,1.0,1.0,1.0,1.0,1.0,1.0,1.0,1.0,1.0,1.0,1.0,1.0,1.0,1.0,1.0,1.0,1.0,1.0,1.0,1.0,1.0,1.0,1.0,1.0,1.0,1.0,1.0,1.0,1.0,1.0,1.0,1.0,1.0,1.0,1.0,1.0,1.0,1.0,1.0,1.0,1.0,1.0,1.0,1.0,1.0,1.0,1.0,1.0,1.0,1.0,1.0,1.0,1.0,1.0,1.0,1.0,1.0,1.0,1.0,1.0,1.0,1.0,1.0,1.0,1.0,1.0,1.0,1.0,1.0,1.0,1.0,1.0,1.0,1.0,1.0,1.0,1.0,1.0,1.0,1.0,1.0,1.0,1.0,1.0,1.0,1.0,1.0,1.0,1.0,1.0,1.0,1.0,1.0,1.0,1.0,1.0,1.0,1.0,1.0,1.0,1.0,1.0,1.0,1.0,1.0,1.0,1.0,1.0,1.0,1.0,1.0,1.0,1.0,1.0,1.0,1.0,1.0,1.0,1.0,1.0,1.0,1.0,1.0,1.0,1.0,1.0,1.0,1.0,1.0,1.0,1.0,1.0,1.0,1.0,1.0,1.0,1.0,1.0,1.0,1.0,1.0,1.0,1.0,1.0,1.0,1.0,1.0,1.0,1.0,1.0,1.0,1.0,1.0,1.0,1.0,1.0,1.0,1.0,1.0,1.0,1.0,1.0,1.0,1.0,1.0,1.0,1.0,1.0,1.0,1.0,1.0,1.0,1.0,1.0,1.0,1.0,1.0,1.0,1.0,1.0,1.0,1.0,1.0,1.0,1.0,1.0,1.0,1.0,1.0,1.0,1.0,1.0,1.0,1.0,1.0,1.0,1.0,1.0,1.0,1.0,1.0,1.0,1.0,1.0,1.0,1.0,1.0,1.0,1.0,1.0,1.0,1.0,1.0,1.0,1.0,1.0,1.0,1.0,1.0,1.0,1.0,1.0,1.0,1.0,1.0,1.0,1.0,1.0,1.0,1.0,1.0,1.0,1.0,1.0,1.0,1.0,1.0,1.0,1.0,1.0,1.0,1.0,1.0,1.0,1.0,1.0,1.0,1.0,1.0,1.0,1.0,1.0,1.0,1.0,1.0,1.0,1.0,1.0,1.0,1.0,1.0,1.0,1.0,1.0,1.0,1.0,1.0,1.0,1.0,1.0,1.0,1.0,1.0,1.0,1.0,1.0,1.0,1.0,1.0,1.0,1.0,1.0,1.0,1.0,1.0,1.0,1.0,1.0,1.0,1.0,1.0,1.0,1.0,1.0,1.0,1.0,1.0,1.0,1.0,1.0,1.0,1.0,1.0
1.0,1.0,1.0,1.0,1.0,1.0,1.0,1.0,1.0,1.0,1.0,1.0,1.0,1.0,1.0,1.0,1.0,1.0,1.0,1.0,1.0,1.0,1.0,1.0,1.0,1.0,1.0,1.0,1.0,1.0,1.0,1.0,1.0,1.0,1.0,1.0,1.0,1.0,1.0,1.0,1.0,1.0,1.0,1.0,1.0,1.0,1.0,1.0,1.0,1.0,1.0,1.0,1.0,1.0,1.0,1.0,1.0,1.0,1.0,1.0,1.0,1.0,1.0,1.0,1.0,1.0,1.0,1.0,1.0,1.0,1.0,1.0,1.0,1.0,1.0,1.0,1.0,1.0,1.0,1.0,1.0,1.0,1.0,1.0,1.0,1.0,1.0,1.0,1.0,1.0,1.0,1.0,1.0,1.0,1.0,1.0,1.0,1.0,1.0,1.0,1.0,1.0,1.0,1.0,1.0,1.0,1.0,1.0,1.0,1.0,1.0,1.0,1.0,1.0,1.0,1.0,1.0,1.0,1.0,1.0,1.0,1.0,1.0,1.0,1.0,1.0,1.0,1.0,1.0,1.0,1.0,1.0,1.0,1.0,1.0,1.0,1.0,1.0,1.0,1.0,1.0,1.0,1.0,1.0,1.0,1.0,1.0,1.0,1.0,1.0,1.0,1.0,1.0,1.0,1.0,1.0,1.0,1.0,1.0,1.0,1.0,1.0,1.0,1.0,1.0,1.0,1.0,1.0,1.0,1.0,1.0,1.0,1.0,1.0,1.0,1.0,1.0,1.0,1.0,1.0,1.0,1.0,1.0,1.0,1.0,1.0,1.0,1.0,1.0,1.0,1.0,1.0,1.0,1.0,1.0,1.0,1.0,1.0,1.0,1.0,1.0,1.0,1.0,1.0,1.0,1.0,1.0,1.0,1.0,1.0,1.0,1.0,1.0,1.0,1.0,1.0,1.0,1.0,1.0,1.0,1.0,1.0,1.0,1.0,1.0,1.0,1.0,1.0,1.0,1.0,1.0,1.0,1.0,1.0,1.0,1.0,1.0,1.0,1.0,1.0,1.0,1.0,1.0,1.0,1.0,1.0,1.0,1.0,1.0,1.0,1.0,1.0,1.0,1.0,1.0,1.0,1.0,1.0,1.0,1.0,1.0,1.0,1.0,1.0,1.0,1.0,1.0,1.0,1.0,1.0,1.0,1.0,1.0,1.0,1.0,1.0,1.0,1.0,1.0,1.0,1.0,1.0,1.0,1.0,1.0,1.0,1.0,1.0,1.0,1.0,1.0,1.0,1.0,1.0,1.0,1.0,1.0,1.0,1.0,1.0,1.0,1.0,1.0,1.0,1.0,1.0,1.0,1.0,1.0,1.0,1.0,1.0,1.0,1.0,1.0,1.0,1.0,1.0,1.0,1.0,1.0,1.0,1.0,1.0,1.0,1.0,1.0,1.0,1.0,1.0,1.0,1.0,1.0,1.0,1.0,1.0,1.0,1.0,1.0,1.0,1.0,1.0,1.0,1.0,1.0,1.0,1.0,1.0,1.0,1.0,1.0,1.0,1.0,1.0,1.0,1.0,1.0,1.0,1.0,1.0,1.0,1.0,1.0,1.0,1.0,1.0,1.0,1.0,1.0,1.0,1.0,1.0,1.0,1.0,1.0,1.0,1.0,1.0,1.0,1.0,1.0,1.0,1.0,1.0,1.0,1.0,1.0,1.0,1.0,1.0,1.0,1.0,1.0,1.0,1.0,1.0,1.0,1.0,1.0,1.0,1.0,1.0,1.0,1.0,1.0,1.0,1.0,1.0,1.0,1.0,1.0,1.0,1.0,1.0,1.0,1.0,1.0,1.0,1.0,1.0,1.0,1.0,1.0,1.0,1.0,1.0,1.0,1.0,1.0,1.0,1.0,1.0,1.0,1.0,1.0,1.0,1.0,1.0,1.0,1.0,1.0,1.0,1.0,1.0,1.0,1.0,1.0,1.0,1.0,1.0,1.0,1.0,1.0,1.0,1.0,1.0,1.0,1.0,1.0,1.0,1.0,1.0,1.0,1.0,1.0,1.0,1.0,1.0,1.0,1.0,1.0,1.0,1.0,1.0,1.0,1.0,1.0,1.0,1.0,1.0,1.0,1.0,1.0,1.0,1.0,1.0,1.0,1.0,1.0,1.0,1.0,1.0,1.0,1.0,1.0,1.0,1.0,1.0,1.0,1.0,1.0,1.0,1.0,1.0,1.0,1.0,1.0,1.0,1.0,1.0,1.0,1.0,1.0,1.0,1.0,1.0,1.0,1.0,1.0,1.0,1.0,1.0,1.0,1.0,1.0,1.0,1.0,1.0,1.0,1.0,1.0,1.0,1.0,1.0,1.0,1.0,1.0,1.0,1.0,1.0,1.0,1.0,1.0,1.0,1.0,1.0,1.0,1.0,1.0,1.0,1.0,1.0,1.0,1.0,1.0,1.0,1.0,1.0,1.0,1.0,1.0,1.0,1.0,1.0,1.0,1.0,1.0,1.0,1.0,1.0,1.0,1.0,1.0,1.0,1.0,1.0,1.0,1.0,1.0,1.0,1.0,1.0,1.0,1.0,1.0,1.0,1.0,1.0,1.0,1.0,1.0,1.0,1.0,1.0,1.0,1.0,1.0,1.0,1.0,1.0,1.0,1.0,1.0,1.0,1.0,1.0,1.0,1.0,1.0,1.0,1.0,1.0,1.0,1.0,1.0,1.0,1.0,1.0,1.0,1.0,1.0,1.0,1.0,1.0,1.0,1.0,1.0,1.0,1.0,1.0,1.0,1.0,1.0,1.0,1.0,1.0,1.0,1.0,1.0,1.0,1.0,1.0,1.0,1.0,1.0,1.0,1.0,1.0,1.0,1.0,1.0,1.0,1.0,1.0,1.0,1.0,1.0,1.0,1.0,1.0,1.0,1.0,1.0,1.0,1.0,1.0,1.0,1.0,1.0,1.0,1.0,1.0,1.0,1.0,1.0,1.0,1.0,1.0,1.0,1.0,1.0,1.0,1.0,1.0,1.0,1.0,1.0,1.0,1.0,1.0,1.0,1.0,1.0,1.0,1.0,1.0,1.0,1.0,1.0,1.0,1.0,1.0,1.0,1.0,1.0,1.0,1.0,1.0,1.0,1.0,1.0,1.0,1.0,1.0,1.0,1.0,1.0,1.0,1.0,1.0,1.0,1.0,1.0,1.0,1.0,1.0,1.0,1.0,1.0,1.0,1.0,1.0,1.0,1.0,1.0,1.0,1.0,1.0,1.0,1.0,1.0,1.0,1.0,1.0,1.0,1.0,1.0,1.0,1.0,1.0,1.0,1.0,1.0,1.0,1.0,1.0,1.0,1.0,1.0,1.0,1.0,1.0,1.0,1.0,1.0,1.0,1.0,1.0,1.0,1.0,1.0,1.0,1.0,1.0,1.0,1.0,1.0,1.0,1.0,1.0,1.0,1.0,1.0,1.0,1.0,1.0,1.0,1.0,1.0,1.0,1.0,1.0,1.0,1.0,1.0,1.0,1.0,1.0,1.0,1.0,1.0,1.0,1.0,1.0,1.0,1.0,1.0,1.0,1.0,1.0,1.0,1.0,1.0,1.0,1.0,1.0,1.0,1.0,1.0,1.0,1.0,1.0,1.0,1.0,1.0,1.0,1.0,1.0,1.0,1.0,1.0,1.0,1.0,1.0,1.0,1.0,1.0,1.0,1.0,1.0,1.0,1.0,1.0,1.0,1.0,1.0,1.0,1.0,1.0,1.0,1.0,1.0,1.0,1.0,1.0,1.0,1.0,1.0,1.0,1.0,1.0,1.0,1.0,1.0,1.0,1.0,1.0,1.0,1.0,1.0,1.0,1.0,1.0,1.0,1.0,1.0,1.0,1.0,1.0,1.0,1.0,1.0,1.0,1.0,1.0,1.0,1.0,1.0,1.0,1.0,1.0,1.0,1.0,1.0,1.0,1.0,1.0,1.0,1.0,1.0,1.0,1.0,1.0,1.0,1.0,1.0,1.0,1.0,1.0,1.0,1.0,1.0,1.0,1.0,1.0,1.0,1.0,1.0,1.0,1.0,1.0,1.0,1.0,1.0,1.0,1.0,1.0,1.0,1.0,1.0,1.0,1.0,1.0,1.0,1.0,1.0,1.0,1.0,1.0,1.0,1.0,1.0,1.0,1.0,1.0,1.0,1.0,1.0,1.0,1.0,1.0,1.0,1.0,1.0,1.0,1.0,1.0,1.0,1.0,1.0,1.0,1.0,1.0,1.0,1.0,1.0,1.0,1.0,1.0,1.0,1.0,1.0,1.0,1.0,1.0,1.0,1.0,1.0,1.0,1.0,1.0,1.0,1.0,1.0,1.0,1.0,1.0,1.0,1.0,1.0,1.0,1.0,1.0,1.0,1.0,1.0,1.0,1.0,1.0,1.0,1.0,1.0,1.0,1.0,1.0,1.0,1.0,1.0,1.0,1.0,1.0,1.0,1.0,1.0,1.0,1.0,1.0,1.0,1.0,1.0,1.0,1.0,1.0,1.0,1.0,1.0,1.0,1.0,1.0,1.0,1.0,1.0,1.0,1.0,1.0,1.0,1.0,1.0,1.0,1.0,1.0,1.0,1.0,1.0,1.0,1.0,1.0,1.0,1.0,1.0,1.0,1.0,1.0,1.0,1.0,1.0,1.0,1.0,1.0,1.0,1.0,1.0,1.0,1.0,1.0,1.0,1.0,1.0,1.0,1.0,1.0,1.0,1.0,1.0,1.0,1.0,1.0,1.0,1.0,1.0,1.0,1.0,1.0,1.0,1.0,1.0,1.0,1.0,1.0,1.0,1.0,1.0,1.0,1.0,1.0,1.0,1.0,1.0,1.0,1.0,1.0,1.0,1.0,1.0,1.0,1.0,1.0,1.0,1.0,1.0,1.0,1.0,1.0,1.0,1.0,1.0,1.0,1.0,1.0,1.0,1.0,1.0,1.0,1.0,1.0,1.0,1.0,1.0,1.0,1.0,1.0,1.0,1.0,1.0,1.0,1.0,1.0,1.0,1.0,1.0,1.0,1.0,1.0,1.0,1.0,1.0,1.0,1.0,1.0,1.0,1.0,1.0,1.0,1.0,1.0,1.0,1.0,1.0,1.0,1.0,1.0,1.0,1.0,1.0,1.0,1.0,1.0,1.0,1.0,1.0,1.0,1.0,1.0,1.0,1.0,1.0,1.0,1.0,1.0,1.0,1.0,1.0,1.0,1.0,1.0,1.0,1.0,1.0,1.0,1.0,1.0,1.0,1.0,1.0,1.0,1.0,1.0,1.0,1.0,1.0,1.0,1.0,1.0,1.0,1.0,1.0,1.0,1.0,1.0,1.0,1.0,1.0,1.0,1.0,1.0,1.0,1.0,1.0,1.0,1.0,1.0,1.0,1.0,1.0,1.0,1.0,1.0,1.0,1.0,1.0,1.0,1.0,1.0,1.0,1.0,1.0,1.0,1.0,1.0,1.0,1.0,1.0,1.0,1.0,1.0,1.0,1.0,1.0,1.0,1.0,1.0,1.0,1.0,1.0,1.0,1.0,1.0,1.0,1.0,1.0,1.0,1.0,1.0,1.0,1.0,1.0,1.0,1.0,1.0,1.0,1.0,1.0,1.0,1.0,1.0,1.0,1.0,1.0,1.0,1.0,1.0,1.0,1.0,1.0,1.0,1.0,1.0,1.0,1.0,1.0,1.0,1.0,1.0,1.0,1.0,1.0,1.0,1.0,1.0,1.0,1.0,1.0,1.0,1.0,1.0,1.0,1.0,1.0,1.0,1.0,1.0,1.0,1.0,1.0,1.0,1.0,1.0,1.0,1.0,1.0,1.0,1.0,1.0,1.0,1.0,1.0,1.0,1.0,1.0,1.0,1.0,1.0,1.0,1.0,1.0,1.0,1.0,1.0,1.0,1.0,1.0,1.0,1.0,1.0,1.0,1.0,1.0,1.0,1.0,1.0,1.0,1.0,1.0,1.0,1.0,1.0,1.0,1.0,1.0,1.0,1.0,1.0,1.0,1.0,1.0,1.0,1.0,1.0,1.0,1.0,1.0,1.0,1.0,1.0,1.0,1.0,1.0,1.0,1.0,1.0,1.0,1.0,1.0,1.0,1.0,1.0,1.0,1.0,1.0,1.0,1.0,1.0,1.0,1.0,1.0,1.0,1.0,1.0,1.0,1.0,1.0,1.0,1.0,1.0,1.0,1.0,1.0,1.0,1.0,1.0,1.0,1.0,1.0,1.0,1.0,1.0,1.0,1.0,1.0,1.0,1.0,1.0,1.0,1.0,1.0,1.0,1.0,1.0,1.0,1.0,1.0,1.0,1.0,1.0,1.0,1.0,1.0,1.0,1.0,1.0,1.0,1.0,1.0,1.0,1.0,1.0,1.0,1.0,1.0,1.0,1.0,1.0,1.0,1.0,1.0,1.0,1.0,1.0,1.0,1.0,1.0,1.0,1.0,1.0,1.0,1.0,1.0,1.0,1.0,1.0,1.0,1.0,1.0,1.0,1.0,1.0,1.0,1.0,1.0,1.0,1.0,1.0,1.0,1.0,1.0,1.0,1.0,1.0,1.0,1.0,1.0,1.0,1.0,1.0,1.0,1.0,1.0,1.0,1.0,1.0,1.0,1.0,1.0,1.0,1.0,1.0,1.0,1.0,1.0,1.0,1.0,1.0,1.0,1.0,1.0,1.0,1.0,1.0,1.0,1.0,1.0,1.0,1.0,1.0,1.0,1.0,1.0,1.0,1.0,1.0,1.0,1.0,1.0,1.0,1.0,1.0,1.0,1.0,1.0,1.0,1.0,1.0,1.0,1.0,1.0,1.0,1.0,1.0,1.0,1.0,1.0,1.0,1.0,1.0,1.0,1.0,1.0,1.0,1.0,1.0,1.0,1.0,1.0,1.0,1.0,1.0,1.0,1.0,1.0,1.0,1.0,1.0,1.0,1.0,1.0,1.0,1.0,1.0,1.0,1.0,1.0,1.0,1.0,1.0,1.0,1.0,1.0,1.0,1.0,1.0,1.0,1.0,1.0,1.0,1.0,1.0,1.0,1.0,1.0,1.0,1.0,1.0,1.0,1.0,1.0,1.0,1.0,1.0,1.0,1.0,1.0,1.0,1.0,1.0,1.0,1.0,1.0,1.0,1.0,1.0,1.0,1.0,1.0,1.0,1.0,1.0,1.0,1.0,1.0,1.0,1.0,1.0,1.0,1.0,1.0,1.0,1.0,1.0,1.0,1.0,1.0,1.0,1.0,1.0,1.0,1.0,1.0,1.0,1.0,1.0,1.0,1.0,1.0,1.0,1.0,1.0,1.0,1.0,1.0,1.0,1.0,1.0,1.0,1.0,1.0,1.0,1.0,1.0,1.0,1.0,1.0,1.0,1.0,1.0,1.0,1.0,1.0,1.0,1.0,1.0,1.0,1.0,1.0,1.0,1.0,1.0,1.0,1.0,1.0,1.0,1.0,1.0,1.0,1.0,1.0,1.0,1.0,1.0,1.0,1.0,1.0,1.0,1.0,1.0,1.0,1.0,1.0,1.0,1.0,1.0,1.0,1.0,1.0,1.0,1.0,1.0,1.0,1.0,1.0,1.0,1.0,1.0,1.0,1.0,1.0,1.0,1.0,1.0,1.0,1.0,1.0,1.0,1.0,1.0,1.0,1.0,1.0,1.0,1.0,1.0,1.0,1.0,1.0,1.0,1.0,1.0,1.0,1.0,1.0,1.0,1.0,1.0,1.0,1.0,1.0,1.0,1.0,1.0,1.0,1.0,1.0,1.0,1.0,1.0,1.0,1.0,1.0,1.0,1.0,1.0,1.0,1.0,1.0,1.0,1.0,1.0,1.0,1.0,1.0,1.0,1.0,1.0,1.0,1.0,1.0,1.0,1.0,1.0,1.0,1.0,1.0,1.0,1.0,1.0,1.0,1.0,1.0,1.0,1.0,1.0,1.0,1.0,1.0,1.0,1.0,1.0,1.0,1.0,1.0,1.0,1.0,1.0,1.0,1.0,1.0,1.0,1.0,1.0,1.0,1.0,1.0,1.0,1.0,1.0,1.0,1.0,1.0,1.0,1.0,1.0,1.0,1.0,1.0,1.0,1.0,1.0,1.0,1.0,1.0,1.0,1.0,1.0,1.0,1.0,1.0,1.0,1.0,1.0,1.0,1.0,1.0,1.0,1.0,1.0,1.0,1.0,1.0,1.0,1.0,1.0,1.0,1.0,1.0,1.0,1.0,1.0,1.0,1.0,1.0,1.0,1.0,1.0,1.0,1.0,1.0,1.0,1.0,1.0,1.0,1.0,1.0,1.0,1.0,1.0,1.0,1.0,1.0,1.0,1.0,1.0,1.0,1.0,1.0,1.0,1.0,1.0,1.0,1.0,1.0,1.0,1.0,1.0,1.0,1.0,1.0,1.0,1.0,1.0,1.0,1.0,1.0,1.0,1.0,1.0,1.0,1.0,1.0,1.0,1.0,1.0,1.0,1.0,1.0,1.0,1.0,1.0,1.0,1.0,1.0,1.0,1.0,1.0,1.0,1.0,1.0,1.0,1.0,1.0,1.0,1.0,1.0,1.0,1.0,1.0,1.0,1.0,1.0,1.0,1.0,1.0,1.0,1.0,1.0,1.0,1.0,1.0,1.0,1.0,1.0,1.0,1.0,1.0,1.0,1.0,1.0,1.0,1.0,1.0,1.0,1.0,1.0,1.0,1.0,1.0,1.0,1.0,1.0,1.0,1.0,1.0,1.0,1.0,1.0,1.0,1.0,1.0,1.0,1.0,1.0,1.0,1.0,1.0,1.0,1.0,1.0,1.0,1.0,1.0,1.0,1.0,1.0,1.0,1.0,1.0,1.0,1.0,1.0,1.0,1.0,1.0,1.0,1.0,1.0,1.0,1.0,1.0,1.0,1.0,1.0,1.0,1.0,1.0,1.0,1.0,1.0,1.0,1.0,1.0,1.0,1.0,1.0,1.0,1.0,1.0,1.0,1.0,1.0,1.0,1.0,1.0,1.0,1.0,1.0,1.0,1.0,1.0,1.0,1.0,1.0,1.0,1.0,1.0,1.0,1.0,1.0,1.0,1.0,1.0,1.0,1.0,1.0,1.0,1.0,1.0,1.0,1.0,1.0,1.0,1.0,1.0,1.0,1.0,1.0,1.0,1.0,1.0,1.0,1.0,1.0,1.0,1.0,1.0,1.0,1.0,1.0,1.0,1.0,1.0,1.0,1.0,1.0,1.0,1.0,1.0,1.0,1.0,1.0,1.0,1.0,1.0,1.0,1.0,1.0,1.0,1.0,1.0,1.0,1.0,1.0,1.0,1.0,1.0,1.0,1.0,1.0,1.0,1.0,1.0,1.0,1.0,1.0,1.0,1.0,1.0,1.0,1.0,1.0,1.0,1.0,1.0,1.0,1.0,1.0,1.0,1.0,1.0,1.0,1.0,1.0,1.0,1.0,1.0,1.0,1.0,1.0,1.0,1.0,1.0,1.0,1.0,1.0,1.0,1.0,1.0,1.0,1.0,1.0,1.0,1.0,1.0,1.0,1.0,1.0,1.0,1.0,1.0,1.0,1.0,1.0,1.0,1.0,1.0,1.0,1.0,1.0,1.0,1.0,1.0,1.0,1.0,1.0,1.0,1.0,1.0,1.0,1.0,1.0,1.0,1.0,1.0,1.0,1.0,1.0,1.0,1.0,1.0,1.0,1.0,1.0,1.0,1.0,1.0,1.0,1.0,1.0,1.0,1.0,1.0,1.0,1.0,1.0,1.0,1.0,1.0,1.0,1.0,1.0,1.0,1.0,1.0,1.0,1.0,1.0,1.0,1.0,1.0,1.0,1.0,1.0,1.0,1.0,1.0,1.0,1.0,1.0,1.0,1.0,1.0,1.0,1.0,1.0,1.0,1.0,1.0,1.0,1.0,1.0,1.0,1.0,1.0,1.0,1.0,1.0,1.0,1.0,1.0,1.0,1.0,1.0,1.0,1.0,1.0,1.0,1.0,1.0,1.0,1.0,1.0,1.0,1.0,1.0,1.0,1.0,1.0,1.0,1.0,1.0,1.0,1.0,1.0,1.0,1.0,1.0,1.0,1.0,1.0,1.0,1.0,1.0,1.0,1.0,1.0,1.0,1.0,1.0,1.0,1.0,1.0,1.0,1.0,1.0,1.0,1.0,1.0,1.0,1.0,1.0,1.0,1.0,1.0,1.0,1.0,1.0,1.0,1.0,1.0,1.0,1.0,1.0,1.0,1.0,1.0,1.0,1.0,1.0,1.0,1.0,1.0,1.0,1.0,1.0,1.0,1.0,1.0,1.0,1.0,1.0,1.0,1.0,1.0,1.0,1.0,1.0,1.0,1.0,1.0,1.0,1.0,1.0,1.0,1.0,1.0,1.0,1.0,1.0,1.0,1.0,1.0,1.0,1.0,1.0,1.0,1.0,1.0,1.0,1.0,1.0,1.0,1.0,1.0,1.0,1.0,1.0,1.0,1.0,1.0,1.0,1.0,1.0,1.0,1.0,1.0,1.0,1.0,1.0,1.0,1.0,1.0,1.0,1.0,1.0,1.0,1.0,1.0,1.0,1.0,1.0,1.0,1.0,1.0,1.0,1.0,1.0,1.0,1.0,1.0,1.0,1.0,1.0,1.0,1.0,1.0,1.0,1.0,1.0,1.0,1.0,1.0,1.0,1.0,1.0,1.0,1.0,1.0,1.0,1.0,1.0,1.0,1.0,1.0,1.0,1.0,1.0,1.0,1.0,1.0,1.0,1.0,1.0,1.0,1.0,1.0,1.0,1.0,1.0,1.0,1.0,1.0,1.0,1.0,1.0,1.0,1.0,1.0,1.0,1.0,1.0,1.0,1.0,1.0,1.0,1.0,1.0,1.0,1.0,1.0,1.0,1.0,1.0,1.0,1.0,1.0,1.0,1.0,1.0,1.0,1.0,1.0,1.0,1.0,1.0,1.0,1.0,1.0,1.0,1.0,1.0,1.0,1.0,1.0,1.0,1.0,1.0,1.0,1.0,1.0,1.0,1.0,1.0,1.0,1.0,1.0,1.0,1.0,1.0,1.0,1.0,1.0,1.0,1.0,1.0,1.0,1.0,1.0,1.0,1.0,1.0,1.0,1.0,1.0,1.0,1.0,1.0,1.0,1.0,1.0,1.0,1.0,1.0,1.0,1.0,1.0,1.0,1.0,1.0,1.0,1.0,1.0,1.0,1.0,1.0,1.0,1.0,1.0,1.0,1.0,1.0,1.0,1.0,1.0,1.0,1.0,1.0,1.0,1.0,1.0,1.0,1.0,1.0,1.0,1.0,1.0,1.0,1.0,1.0,1.0,1.0,1.0,1.0,1.0,1.0,1.0,1.0,1.0,1.0,1.0,1.0,1.0,1.0,1.0,1.0,1.0,1.0,1.0,1.0,1.0,1.0,1.0,1.0,1.0,1.0,1.0,1.0,1.0,1.0,1.0,1.0,1.0,1.0,1.0,1.0,1.0,1.0,1.0,1.0,1.0,1.0,1.0,1.0,1.0,1.0,1.0,1.0,1.0,1.0,1.0,1.0,1.0,1.0,1.0,1.0,1.0,1.0,1.0,1.0,1.0,1.0,1.0,1.0,1.0,1.0,1.0,1.0,1.0,1.0,1.0,1.0,1.0,1.0,1.0,1.0,1.0,1.0,1.0,1.0,1.0,1.0,1.0,1.0,1.0,1.0,1.0,1.0,1.0,1.0,1.0,1.0,1.0,1.0,1.0,1.0,1.0,1.0,1.0,1.0,1.0,1.0,1.0,1.0,1.0,1.0,1.0,1.0,1.0,1.0,1.0,1.0,1.0,1.0,1.0,1.0,1.0,1.0,1.0,1.0,1.0,1.0,1.0,1.0,1.0,1.0,1.0,1.0,1.0,1.0,1.0,1.0,1.0,1.0,1.0,1.0,1.0,1.0,1.0,1.0,1.0,1.0,1.0,1.0,1.0,1.0,1.0,1.0,1.0,1.0,1.0,1.0,1.0,1.0,1.0,1.0,1.0,1.0,1.0,1.0,1.0,1.0,1.0,1.0,1.0,1.0,1.0,1.0,1.0,1.0,1.0,1.0,1.0,1.0,1.0,1.0,1.0,1.0,1.0,1.0,1.0,1.0,1.0,1.0,1.0,1.0,1.0,1.0,1.0,1.0,1.0,1.0,1.0,1.0,1.0,1.0,1.0,1.0,1.0,1.0,1.0,1.0,1.0,1.0,1.0,1.0,1.0,1.0,1.0,1.0,1.0,1.0,1.0,1.0,1.0,1.0,1.0,1.0,1.0,1.0,1.0,1.0,1.0,1.0,1.0,1.0,1.0,1.0,1.0,1.0,1.0,1.0,1.0,1.0,1.0,1.0,1.0,1.0,1.0,1.0,1.0,1.0,1.0,1.0,1.0,1.0,1.0,1.0,1.0,1.0,1.0,1.0,1.0,1.0,1.0,1.0,1.0,1.0,1.0,1.0,1.0,1.0,1.0,1.0,1.0,1.0,1.0,1.0,1.0,1.0,1.0,1.0,1.0,1.0,1.0,1.0,1.0,1.0,1.0,1.0,1.0,1.0,1.0,1.0,1.0,1.0,1.0,1.0,1.0,1.0,1.0,1.0,1.0,1.0,1.0,1.0,1.0,1.0,1.0,1.0,1.0,1.0,1.0,1.0,1.0,1.0,1.0,1.0,1.0,1.0,1.0,1.0,1.0,1.0,1.0,1.0,1.0,1.0,1.0,1.0,1.0,1.0,1.0,1.0,1.0,1.0,1.0,1.0,1.0,1.0,1.0,1.0,1.0,1.0,1.0,1.0,1.0,1.0,1.0,1.0,1.0,1.0,1.0,1.0,1.0,1.0,1.0,1.0,1.0,1.0,1.0,1.0,1.0,1.0,1.0,1.0,1.0,1.0,1.0,1.0,1.0,1.0,1.0,1.0,1.0,1.0,1.0,1.0,1.0,1.0,1.0,1.0,1.0,1.0,1.0,1.0,1.0,1.0,1.0,1.0,1.0,1.0,1.0,1.0,1.0,1.0,1.0,1.0,1.0,1.0,1.0,1.0,1.0,1.0,1.0,1.0,1.0,1.0,1.0,1.0,1.0,1.0,1.0,1.0,1.0,1.0,1.0,1.0,1.0,1.0,1.0,1.0,1.0,1.0,1.0,1.0,1.0,1.0,1.0,1.0,1.0,1.0,1.0,1.0,1.0,1.0,1.0,1.0,1.0,1.0,1.0,1.0,1.0,1.0,1.0,1.0,1.0,1.0,1.0,1.0,1.0,1.0,1.0,1.0,1.0,1.0,1.0,1.0,1.0,1.0,1.0,1.0,1.0,1.0,1.0,1.0,1.0,1.0,1.0,1.0,1.0,1.0,1.0,1.0,1.0,1.0,1.0,1.0,1.0,1.0,1.0,1.0,1.0,1.0,1.0,1.0,1.0,1.0,1.0,1.0,1.0,1.0,1.0,1.0,1.0,1.0,1.0,1.0,1.0,1.0,1.0,1.0,1.0,1.0,1.0,1.0,1.0,1.0,1.0,1.0,1.0,1.0,1.0,1.0,1.0,1.0,1.0,1.0,1.0,1.0,1.0,1.0,1.0,1.0,1.0,1.0,1.0,1.0,1.0,1.0,1.0,1.0,1.0,1.0,1.0,1.0,1.0,1.0,1.0,1.0,1.0,1.0,1.0,1.0,1.0,1.0,1.0,1.0,1.0,1.0,1.0,1.0,1.0,1.0,1.0,1.0,1.0,1.0,1.0,1.0,1.0,1.0,1.0,1.0,1.0,1.0,1.0,1.0,1.0,1.0,1.0,1.0,1.0,1.0,1.0,1.0,1.0,1.0,1.0,1.0,1.0,1.0,1.0,1.0,1.0,1.0,1.0,1.0,1.0,1.0,1.0,1.0,1.0,1.0,1.0,1.0,1.0,1.0,1.0,1.0,1.0,1.0,1.0,1.0,1.0,1.0,1.0,1.0,1.0,1.0,1.0,1.0,1.0,1.0,1.0,1.0,1.0,1.0,1.0,1.0,1.0,1.0,1.0,1.0,1.0,1.0,1.0,1.0,1.0,1.0,1.0,1.0,1.0,1.0,1.0,1.0,1.0,1.0,1.0,1.0,1.0,1.0,1.0,1.0,1.0,1.0,1.0,1.0,1.0,1.0,1.0,1.0,1.0,1.0,1.0,1.0,1.0,1.0,1.0,1.0,1.0,1.0,1.0,1.0,1.0,1.0,1.0,1.0,1.0,1.0,1.0,1.0,1.0,1.0,1.0,1.0,1.0,1.0,1.0,1.0,1.0,1.0,1.0,1.0,1.0,1.0,1.0,1.0,1.0,1.0,1.0,1.0,1.0,1.0,1.0,1.0,1.0,1.0,1.0,1.0,1.0,1.0,1.0,1.0,1.0,1.0,1.0,1.0,1.0,1.0,1.0,1.0,1.0,1.0,1.0,1.0,1.0,1.0,1.0,1.0,1.0,1.0,1.0,1.0,1.0,1.0,1.0,1.0,1.0,1.0,1.0,1.0,1.0,1.0,1.0,1.0,1.0,1.0,1.0,1.0,1.0,1.0,1.0,1.0,1.0,1.0,1.0,1.0,1.0,1.0,1.0,1.0,1.0,1.0,1.0,1.0,1.0,1.0,1.0,1.0,1.0,1.0,1.0,1.0,1.0,1.0,1.0,1.0,1.0,1.0,1.0,1.0,1.0,1.0,1.0,1.0,1.0,1.0,1.0,1.0,1.0,1.0,1.0,1.0,1.0,1.0,1.0,1.0,1.0,1.0,1.0,1.0,1.0,1.0,1.0,1.0,1.0,1.0,1.0,1.0,1.0,1.0,1.0,1.0,1.0,1.0,1.0,1.0,1.0,1.0,1.0,1.0,1.0,1.0,1.0,1.0,1.0,1.0,1.0,1.0,1.0,1.0,1.0,1.0,1.0,1.0,1.0,1.0,1.0,1.0,1.0,1.0,1.0,1.0,1.0,1.0,1.0,1.0,1.0,1.0,1.0,1.0,1.0,1.0,1.0,1.0,1.0,1.0,1.0,1.0,1.0,1.0,1.0,1.0,1.0,1.0,1.0,1.0,1.0,1.0,1.0,1.0,1.0,1.0,1.0,1.0,1.0,1.0,1.0,1.0,1.0,1.0,1.0,1.0,1.0,1.0,1.0,1.0,1.0,1.0,1.0,1.0,1.0,1.0,1.0,1.0,1.0,1.0,1.0,1.0,1.0,1.0,1.0,1.0,1.0,1.0,1.0,1.0,1.0,1.0,1.0,1.0,1.0,1.0,1.0,1.0,1.0,1.0,1.0,1.0,1.0,1.0,1.0,1.0,1.0,1.0,1.0,1.0,1.0,1.0,1.0,1.0,1.0,1.0,1.0,1.0,1.0,1.0,1.0,1.0,1.0,1.0,1.0,1.0,1.0,1.0,1.0,1.0,1.0,1.0,1.0,1.0,1.0,1.0,1.0,1.0,1.0,1.0,1.0,1.0,1.0,1.0,1.0,1.0,1.0,1.0,1.0,1.0,1.0,1.0,1.0,1.0,1.0,1.0,1.0,1.0,1.0,1.0,1.0,1.0,1.0,1.0,1.0,1.0,1.0,1.0,1.0,1.0,1.0,1.0,1.0,1.0,1.0,1.0,1.0,1.0,1.0,1.0,1.0,1.0,1.0,1.0,1.0,1.0,1.0,1.0,1.0,1.0,1.0,1.0,1.0,1.0,1.0,1.0,1.0,1.0,1.0,1.0,1.0,1.0,1.0,1.0,1.0,1.0,1.0,1.0,1.0,1.0,1.0,1.0,1.0,1.0,1.0,1.0,1.0,1.0,1.0,1.0,1.0,1.0,1.0,1.0,1.0,1.0,1.0,1.0,1.0,1.0,1.0,1.0,1.0,1.0,1.0,1.0,1.0,1.0,1.0,1.0,1.0,1.0,1.0,1.0,1.0,1.0,1.0,1.0,1.0,1.0,1.0,1.0,1.0,1.0,1.0,1.0,1.0,1.0,1.0,1.0,1.0,1.0,1.0,1.0,1.0,1.0,1.0,1.0,1.0,1.0,1.0,1.0,1.0,1.0,1.0,1.0,1.0,1.0,1.0,1.0,1.0,1.0,1.0,1.0,1.0,1.0,1.0,1.0,1.0,1.0,1.0,1.0,1.0,1.0,1.0,1.0,1.0,1.0,1.0,1.0,1.0,1.0,1.0,1.0,1.0,1.0,1.0,1.0,1.0,1.0,1.0,1.0,1.0,1.0,1.0,1.0,1.0,1.0,1.0,1.0,1.0,1.0,1.0,1.0,1.0,1.0,1.0,1.0,1.0,1.0,1.0,1.0,1.0,1.0,1.0,1.0,1.0,1.0,1.0,1.0,1.0,1.0,1.0,1.0,1.0,1.0,1.0,1.0,1.0,1.0,1.0,1.0,1.0,1.0,1.0,1.0,1.0,1.0,1.0,1.0,1.0,1.0,1.0,1.0,1.0,1.0,1.0,1.0,1.0,1.0,1.0,1.0,1.0,1.0,1.0,1.0,1.0,1.0,1.0,1.0,1.0,1.0,1.0,1.0,1.0,1.0,1.0,1.0,1.0,1.0,1.0,1.0,1.0,1.0,1.0,1.0,1.0,1.0,1.0,1.0,1.0,1.0,1.0,1.0,1.0,1.0,1.0,1.0,1.0,1.0,1.0,1.0,1.0,1.0,1.0,1.0,1.0,1.0,1.0,1.0,1.0,1.0,1.0,1.0,1.0,1.0,1.0,1.0,1.0,1.0,1.0,1.0,1.0,1.0,1.0,1.0,1.0,1.0,1.0,1.0,1.0,1.0,1.0,1.0,1.0,1.0,1.0,1.0,1.0,1.0,1.0,1.0,1.0,1.0,1.0,1.0,1.0,1.0,1.0,1.0,1.0,1.0,1.0,1.0,1.0,1.0,1.0,1.0,1.0,1.0,1.0,1.0,1.0,1.0,1.0,1.0,1.0,1.0,1.0,1.0,1.0,1.0,1.0,1.0,1.0,1.0,1.0,1.0,1.0,1.0,1.0,1.0,1.0,1.0,1.0,1.0,1.0,1.0,1.0,1.0,1.0,1.0,1.0,1.0,1.0,1.0,1.0,1.0,1.0,1.0,1.0,1.0,1.0,1.0,1.0,1.0,1.0,1.0,1.0,1.0,1.0,1.0,1.0,1.0,1.0,1.0,1.0,1.0,1.0,1.0,1.0,1.0,1.0,1.0,1.0,1.0,1.0,1.0,1.0,1.0,1.0,1.0,1.0,1.0,1.0,1.0,1.0,1.0,1.0,1.0,1.0,1.0,1.0,1.0,1.0,1.0,1.0,1.0,1.0,1.0,1.0,1.0,1.0,1.0,1.0,1.0,1.0,1.0,1.0,1.0,1.0,1.0,1.0,1.0,1.0,1.0,1.0,1.0,1.0,1.0,1.0,1.0,1.0,1.0,1.0,1.0,1.0,1.0,1.0,1.0,1.0,1.0,1.0,1.0,1.0,1.0,1.0,1.0,1.0,1.0,1.0,1.0,1.0,1.0,1.0,1.0,1.0,1.0,1.0,1.0,1.0,1.0,1.0,1.0,1.0,1.0,1.0,1.0,1.0,1.0,1.0,1.0,1.0,1.0,1.0,1.0,1.0,1.0,1.0,1.0,1.0,1.0,1.0,1.0,1.0,1.0,1.0,1.0,1.0,1.0,1.0,1.0,1.0,1.0,1.0,1.0,1.0,1.0,1.0,1.0,1.0,1.0,1.0,1.0,1.0,1.0,1.0,1.0,1.0,1.0,1.0,1.0,1.0,1.0,1.0,1.0,1.0,1.0,1.0,1.0,1.0,1.0,1.0,1.0,1.0,1.0,1.0,1.0,1.0,1.0,1.0,1.0,1.0,1.0,1.0,1.0,1.0,1.0,1.0,1.0,1.0,1.0,1.0,1.0,1.0,1.0,1.0,1.0,1.0,1.0,1.0,1.0,1.0,1.0,1.0,1.0,1.0,1.0,1.0,1.0,1.0,1.0,1.0,1.0,1.0,1.0,1.0,1.0,1.0,1.0,1.0,1.0,1.0,1.0,1.0,1.0,1.0,1.0,1.0,1.0,1.0,1.0,1.0,1.0,1.0,1.0,1.0,1.0,1.0,1.0,1.0,1.0,1.0,1.0,1.0,1.0,1.0,1.0,1.0,1.0,1.0,1.0,1.0,1.0,1.0,1.0,1.0,1.0,1.0,1.0,1.0,1.0,1.0,1.0,1.0,1.0,1.0,1.0,1.0,1.0,1.0,1.0,1.0,1.0,1.0,1.0,1.0,1.0,1.0,1.0,1.0,1.0,1.0,1.0,1.0,1.0,1.0,1.0,1.0,1.0,1.0,1.0,1.0,1.0,1.0,1.0,1.0,1.0,1.0,1.0,1.0,1.0,1.0,1.0,1.0,1.0,1.0,1.0,1.0,1.0,1.0,1.0,1.0,1.0,1.0,1.0,1.0,1.0,1.0,1.0,1.0,1.0,1.0,1.0,1.0,1.0,1.0,1.0,1.0,1.0,1.0,1.0,1.0,1.0,1.0,1.0,1.0,1.0,1.0,1.0,1.0,1.0,1.0,1.0,1.0,1.0,1.0,1.0,1.0,1.0,1.0,1.0,1.0,1.0,1.0,1.0,1.0,1.0,1.0,1.0,1.0,1.0,1.0,1.0,1.0,1.0,1.0,1.0,1.0,1.0,1.0,1.0,1.0,1.0,1.0,1.0,1.0,1.0,1.0,1.0,1.0,1.0,1.0,1.0,1.0,1.0,1.0,1.0,1.0,1.0,1.0,1.0,1.0,1.0,1.0,1.0,1.0,1.0,1.0,1.0,1.0,1.0,1.0,1.0,1.0,1.0,1.0,1.0,1.0,1.0,1.0,1.0,1.0,1.0,1.0,1.0,1.0,1.0,1.0,1.0,1.0,1.0,1.0,1.0,1.0,1.0,1.0,1.0,1.0,1.0,1.0,1.0,1.0,1.0,1.0,1.0,1.0,1.0,1.0,1.0,1.0,1.0,1.0,1.0,1.0,1.0,1.0,1.0,1.0,1.0,1.0,1.0,1.0,1.0,1.0,1.0,1.0,1.0,1.0,1.0,1.0,1.0,1.0,1.0,1.0,1.0,1.0,1.0,1.0,1.0,1.0,1.0,1.0,1.0,1.0,1.0,1.0,1.0,1.0,1.0,1.0,1.0,1.0,1.0,1.0,1.0,1.0,1.0,1.0,1.0,1.0,1.0,1.0,1.0,1.0,1.0,1.0,1.0,1.0,1.0,1.0,1.0,1.0,1.0,1.0,1.0,1.0,1.0,1.0,1.0,1.0,1.0,1.0,1.0,1.0,1.0,1.0,1.0,1.0,1.0,1.0,1.0,1.0,1.0,1.0,1.0,1.0,1.0,1.0,1.0,1.0,1.0,1.0,1.0,1.0,1.0,1.0,1.0,1.0,1.0,1.0,1.0,1.0,1.0,1.0,1.0,1.0,1.0,1.0,1.0,1.0,1.0,1.0,1.0,1.0,1.0,1.0,1.0,1.0,1.0,1.0,1.0,1.0,1.0,1.0,1.0,1.0,1.0,1.0,1.0,1.0,1.0,1.0,1.0,1.0,1.0,1.0,1.0,1.0,1.0,1.0,1.0,1.0,1.0,1.0,1.0,1.0,1.0,1.0,1.0,1.0,1.0,1.0,1.0,1.0,1.0,1.0,1.0,1.0,1.0,1.0,1.0,1.0,1.0,1.0,1.0,1.0,1.0,1.0,1.0,1.0,1.0,1.0,1.0,1.0,1.0,1.0,1.0,1.0,1.0,1.0,1.0,1.0,1.0,1.0,1.0,1.0,1.0,1.0,1.0,1.0,1.0,1.0,1.0,1.0,1.0,1.0,1.0,1.0,1.0,1.0,1.0,1.0,1.0,1.0,1.0,1.0,1.0,1.0,1.0,1.0,1.0,1.0,1.0,1.0,1.0,1.0,1.0,1.0,1.0,1.0,1.0,1.0,1.0,1.0,1.0,1.0,1.0,1.0,1.0,1.0,1.0,1.0,1.0,1.0,1.0,1.0,1.0,1.0,1.0,1.0,1.0,1.0,1.0,1.0,1.0,1.0,1.0,1.0,1.0,1.0,1.0,1.0,1.0,1.0,1.0,1.0,1.0,1.0,1.0,1.0,1.0,1.0,1.0,1.0,1.0,1.0,1.0,1.0,1.0,1.0,1.0,1.0,1.0,1.0,1.0,1.0,1.0,1.0,1.0,1.0,1.0,1.0,1.0,1.0,1.0,1.0,1.0,1.0,1.0,1.0,1.0,1.0,1.0,1.0,1.0,1.0,1.0,1.0,1.0,1.0,1.0,1.0,1.0,1.0,1.0,1.0,1.0,1.0,1.0,1.0,1.0,1.0,1.0,1.0,1.0,1.0,1.0,1.0,1.0,1.0,1.0,1.0,1.0,1.0,1.0,1.0,1.0,1.0,1.0,1.0,1.0,1.0,1.0,1.0,1.0,1.0,1.0,1.0,1.0,1.0,1.0,1.0,1.0,1.0,1.0,1.0,1.0,1.0,1.0,1.0,1.0,1.0,1.0,1.0,1.0,1.0,1.0,1.0,1.0,1.0,1.0,1.0,1.0,1.0,1.0,1.0,1.0,1.0,1.0,1.0,1.0,1.0,1.0,1.0,1.0,1.0,1.0,1.0,1.0,1.0,1.0,1.0,1.0,1.0,1.0,1.0,1.0,1.0,1.0,1.0,1.0,1.0,1.0,1.0,1.0,1.0,1.0,1.0,1.0,1.0,1.0,1.0,1.0,1.0,1.0,1.0,1.0,1.0,1.0,1.0,1.0,1.0,1.0,1.0,1.0,1.0,1.0,1.0,1.0,1.0,1.0,1.0,1.0,1.0,1.0,1.0,1.0,1.0,1.0,1.0,1.0,1.0,1.0,1.0,1.0,1.0,1.0,1.0,1.0,1.0,1.0,1.0,1.0,1.0,1.0,1.0,1.0,1.0,1.0,1.0,1.0,1.0,1.0,1.0,1.0,1.0,1.0,1.0,1.0,1.0,1.0,1.0,1.0,1.0,1.0,1.0,1.0,1.0,1.0,1.0,1.0,1.0,1.0,1.0,1.0,1.0,1.0,1.0,1.0,1.0,1.0,1.0,1.0,1.0,1.0,1.0,1.0,1.0,1.0,1.0,1.0,1.0,1.0,1.0,1.0,1.0,1.0,1.0,1.0,1.0,1.0,1.0,1.0,1.0,1.0,1.0,1.0,1.0,1.0,1.0,1.0,1.0,1.0,1.0,1.0,1.0,1.0,1.0,1.0,1.0,1.0,1.0,1.0,1.0,1.0,1.0,1.0,1.0,1.0,1.0,1.0,1.0,1.0,1.0,1.0,1.0,1.0,1.0,1.0,1.0,1.0,1.0,1.0,1.0,1.0,1.0,1.0,1.0,1.0,1.0,1.0,1.0,1.0,1.0,1.0,1.0,1.0,1.0,1.0,1.0,1.0,1.0,1.0,1.0,1.0,1.0,1.0,1.0,1.0,1.0,1.0,1.0,1.0,1.0,1.0,1.0,1.0,1.0,1.0,1.0,1.0,1.0,1.0,1.0,1.0,1.0,1.0,1.0,1.0,1.0,1.0,1.0,1.0,1.0,1.0,1.0,1.0,1.0,1.0,1.0,1.0,1.0,1.0,1.0,1.0,1.0,1.0,1.0,1.0,1.0,1.0,1.0,1.0,1.0,1.0,1.0,1.0,1.0,1.0,1.0,1.0,1.0,1.0,1.0,1.0,1.0,1.0,1.0,1.0,1.0,1.0,1.0,1.0,1.0,1.0,1.0,1.0,1.0,1.0,1.0,1.0,1.0,1.0,1.0,1.0,1.0,1.0,1.0,1.0,1.0,1.0,1.0,1.0,1.0,1.0,1.0,1.0,1.0,1.0,1.0,1.0,1.0,1.0,1.0,1.0,1.0,1.0,1.0,1.0,1.0,1.0,1.0,1.0,1.0,1.0,1.0,1.0,1.0,1.0,1.0,1.0,1.0,1.0,1.0,1.0,1.0,1.0,1.0,1.0,1.0,1.0,1.0,1.0,1.0,1.0,1.0
1.0,1.0,1.0,1.0,1.0,1.0,1.0,1.0,1.0,1.0,1.0,1.0,1.0,1.0,1.0,1.0,1.0,1.0,1.0,1.0,1.0,1.0,1.0,1.0,1.0,1.0,1.0,1.0,1.0,1.0,1.0,1.0,1.0,1.0,1.0,1.0,1.0,1.0,1.0,1.0,1.0,1.0,1.0,1.0,1.0,1.0,1.0,1.0,1.0,1.0,1.0,1.0,1.0,1.0,1.0,1.0,1.0,1.0,1.0,1.0,1.0,1.0,1.0,1.0,1.0,1.0,1.0,1.0,1.0,1.0,1.0,1.0,1.0,1.0,1.0,1.0,1.0,1.0,1.0,1.0,1.0,1.0,1.0,1.0,1.0,1.0,1.0,1.0,1.0,1.0,1.0,1.0,1.0,1.0,1.0,1.0,1.0,1.0,1.0,1.0,1.0,1.0,1.0,1.0,1.0,1.0,1.0,1.0,1.0,1.0,1.0,1.0,1.0,1.0,1.0,1.0,1.0,1.0,1.0,1.0,1.0,1.0,1.0,1.0,1.0,1.0,1.0,1.0,1.0,1.0,1.0,1.0,1.0,1.0,1.0,1.0,1.0,1.0,1.0,1.0,1.0,1.0,1.0,1.0,1.0,1.0,1.0,1.0,1.0,1.0,1.0,1.0,1.0,1.0,1.0,1.0,1.0,1.0,1.0,1.0,1.0,1.0,1.0,1.0,1.0,1.0,1.0,1.0,1.0,1.0,1.0,1.0,1.0,1.0,1.0,1.0,1.0,1.0,1.0,1.0,1.0,1.0,1.0,1.0,1.0,1.0,1.0,1.0,1.0,1.0,1.0,1.0,1.0,1.0,1.0,1.0,1.0,1.0,1.0,1.0,1.0,1.0,1.0,1.0,1.0,1.0,1.0,1.0,1.0,1.0,1.0,1.0,1.0,1.0,1.0,1.0,1.0,1.0,1.0,1.0,1.0,1.0,1.0,1.0,1.0,1.0,1.0,1.0,1.0,1.0,1.0,1.0,1.0,1.0,1.0,1.0,1.0,1.0,1.0,1.0,1.0,1.0,1.0,1.0,1.0,1.0,1.0,1.0,1.0,1.0,1.0,1.0,1.0,1.0,1.0,1.0,1.0,1.0,1.0,1.0,1.0,1.0,1.0,1.0,1.0,1.0,1.0,1.0,1.0,1.0,1.0,1.0,1.0,1.0,1.0,1.0,1.0,1.0,1.0,1.0,1.0,1.0,1.0,1.0,1.0,1.0,1.0,1.0,1.0,1.0,1.0,1.0,1.0,1.0,1.0,1.0,1.0,1.0,1.0,1.0,1.0,1.0,1.0,1.0,1.0,1.0,1.0,1.0,1.0,1.0,1.0,1.0,1.0,1.0,1.0,1.0,1.0,1.0,1.0,1.0,1.0,1.0,1.0,1.0,1.0,1.0,1.0,1.0,1.0,1.0,1.0,1.0,1.0,1.0,1.0,1.0,1.0,1.0,1.0,1.0,1.0,1.0,1.0,1.0,1.0,1.0,1.0,1.0,1.0,1.0,1.0,1.0,1.0,1.0,1.0,1.0,1.0,1.0,1.0,1.0,1.0,1.0,1.0,1.0,1.0,1.0,1.0,1.0,1.0,1.0,1.0,1.0,1.0,1.0,1.0,1.0,1.0,1.0,1.0,1.0,1.0,1.0,1.0,1.0,1.0,1.0,1.0,1.0,1.0,1.0,1.0,1.0,1.0,1.0,1.0,1.0,1.0,1.0,1.0,1.0,1.0,1.0,1.0,1.0,1.0,1.0,1.0,1.0,1.0,1.0,1.0,1.0,1.0,1.0,1.0,1.0,1.0,1.0,1.0,1.0,1.0,1.0,1.0,1.0,1.0,1.0,1.0,1.0,1.0,1.0,1.0,1.0,1.0,1.0,1.0,1.0,1.0,1.0,1.0,1.0,1.0,1.0,1.0,1.0,1.0,1.0,1.0,1.0,1.0,1.0,1.0,1.0,1.0,1.0,1.0,1.0,1.0,1.0,1.0,1.0,1.0,1.0,1.0,1.0,1.0,1.0,1.0,1.0,1.0,1.0,1.0,1.0,1.0,1.0,1.0,1.0,1.0,1.0,1.0,1.0,1.0,1.0,1.0,1.0,1.0,1.0,1.0,1.0,1.0,1.0,1.0,1.0,1.0,1.0,1.0,1.0,1.0,1.0,1.0,1.0,1.0,1.0,1.0,1.0,1.0,1.0,1.0,1.0,1.0,1.0,1.0,1.0,1.0,1.0,1.0,1.0,1.0,1.0,1.0,1.0,1.0,1.0,1.0,1.0,1.0,1.0,1.0,1.0,1.0,1.0,1.0,1.0,1.0,1.0,1.0,1.0,1.0,1.0,1.0,1.0,1.0,1.0,1.0,1.0,1.0,1.0,1.0,1.0,1.0,1.0,1.0,1.0,1.0,1.0,1.0,1.0,1.0,1.0,1.0,1.0,1.0,1.0,1.0,1.0,1.0,1.0,1.0,1.0,1.0,1.0,1.0,1.0,1.0,1.0,1.0,1.0,1.0,1.0,1.0,1.0,1.0,1.0,1.0,1.0,1.0,1.0,1.0,1.0,1.0,1.0,1.0,1.0,1.0,1.0,1.0,1.0,1.0,1.0,1.0,1.0,1.0,1.0,1.0,1.0,1.0,1.0,1.0,1.0,1.0,1.0,1.0,1.0,1.0,1.0,1.0,1.0,1.0,1.0,1.0,1.0,1.0,1.0,1.0,1.0,1.0,1.0,1.0,1.0,1.0,1.0,1.0,1.0,1.0,1.0,1.0,1.0,1.0,1.0,1.0,1.0,1.0,1.0,1.0,1.0,1.0,1.0,1.0,1.0,1.0,1.0,1.0,1.0,1.0,1.0,1.0,1.0,1.0,1.0,1.0,1.0,1.0,1.0,1.0,1.0,1.0,1.0,1.0,1.0,1.0,1.0,1.0,1.0,1.0,1.0,1.0,1.0,1.0,1.0,1.0,1.0,1.0,1.0,1.0,1.0,1.0,1.0,1.0,1.0,1.0,1.0,1.0,1.0,1.0,1.0,1.0,1.0,1.0,1.0,1.0,1.0,1.0,1.0,1.0,1.0,1.0,1.0,1.0,1.0,1.0,1.0,1.0,1.0,1.0,1.0,1.0,1.0,1.0,1.0,1.0,1.0,1.0,1.0,1.0,1.0,1.0,1.0,1.0,1.0,1.0,1.0,1.0,1.0,1.0,1.0,1.0,1.0,1.0,1.0,1.0,1.0,1.0,1.0,1.0,1.0,1.0,1.0,1.0,1.0,1.0,1.0,1.0,1.0,1.0,1.0,1.0,1.0,1.0,1.0,1.0,1.0,1.0,1.0,1.0,1.0,1.0,1.0,1.0,1.0,1.0,1.0,1.0,1.0,1.0,1.0,1.0,1.0,1.0,1.0,1.0,1.0,1.0,1.0,1.0,1.0,1.0,1.0,1.0,1.0,1.0,1.0,1.0,1.0,1.0,1.0,1.0,1.0,1.0,1.0,1.0,1.0,1.0,1.0,1.0,1.0,1.0,1.0,1.0,1.0,1.0,1.0,1.0,1.0,1.0,1.0,1.0,1.0,1.0,1.0,1.0,1.0,1.0,1.0,1.0,1.0,1.0,1.0,1.0,1.0,1.0,1.0,1.0,1.0,1.0,1.0,1.0,1.0,1.0,1.0,1.0,1.0,1.0,1.0,1.0,1.0,1.0,1.0,1.0,1.0,1.0,1.0,1.0,1.0,1.0,1.0,1.0,1.0,1.0,1.0,1.0,1.0,1.0,1.0,1.0,1.0,1.0,1.0,1.0,1.0,1.0,1.0,1.0,1.0,1.0,1.0,1.0,1.0,1.0,1.0,1.0,1.0,1.0,1.0,1.0,1.0,1.0,1.0,1.0,1.0,1.0,1.0,1.0,1.0,1.0,1.0,1.0,1.0,1.0,1.0,1.0,1.0,1.0,1.0,1.0,1.0,1.0,1.0,1.0,1.0,1.0,1.0,1.0,1.0,1.0,1.0,1.0,1.0,1.0,1.0,1.0,1.0,1.0,1.0,1.0,1.0,1.0,1.0,1.0,1.0,1.0,1.0,1.0,1.0,1.0,1.0,1.0,1.0,1.0,1.0,1.0,1.0,1.0,1.0,1.0,1.0,1.0,1.0,1.0,1.0,1.0,1.0,1.0,1.0,1.0,1.0,1.0,1.0,1.0,1.0,1.0,1.0,1.0,1.0,1.0,1.0,1.0,1.0,1.0,1.0,1.0,1.0,1.0,1.0,1.0,1.0,1.0,1.0,1.0,1.0,1.0,1.0,1.0,1.0,1.0,1.0,1.0,1.0,1.0,1.0,1.0,1.0,1.0,1.0,1.0,1.0,1.0,1.0,1.0,1.0,1.0,1.0,1.0,1.0,1.0,1.0,1.0,1.0,1.0,1.0,1.0,1.0,1.0,1.0,1.0,1.0,1.0,1.0,1.0,1.0,1.0,1.0,1.0,1.0,1.0,1.0,1.0,1.0,1.0,1.0,1.0,1.0,1.0,1.0,1.0,1.0,1.0,1.0,1.0,1.0,1.0,1.0,1.0,1.0,1.0,1.0,1.0,1.0,1.0,1.0,1.0,1.0,1.0,1.0,1.0,1.0,1.0,1.0,1.0,1.0,1.0,1.0,1.0,1.0,1.0,1.0,1.0,1.0,1.0,1.0,1.0,1.0,1.0,1.0,1.0,1.0,1.0,1.0,1.0,1.0,1.0,1.0,1.0,1.0,1.0,1.0,1.0,1.0,1.0,1.0,1.0,1.0,1.0,1.0,1.0,1.0,1.0,1.0,1.0,1.0,1.0,1.0,1.0,1.0,1.0,1.0,1.0,1.0,1.0,1.0,1.0,1.0,1.0,1.0,1.0,1.0,1.0,1.0,1.0,1.0,1.0,1.0,1.0,1.0,1.0,1.0,1.0,1.0,1.0,1.0,1.0,1.0,1.0,1.0,1.0,1.0,1.0,1.0,1.0,1.0,1.0,1.0,1.0,1.0,1.0,1.0,1.0,1.0,1.0,1.0,1.0,1.0,1.0,1.0,1.0,1.0,1.0,1.0,1.0,1.0,1.0,1.0,1.0,1.0,1.0,1.0,1.0,1.0,1.0,1.0,1.0,1.0,1.0,1.0,1.0,1.0,1.0,1.0,1.0,1.0,1.0,1.0,1.0,1.0,1.0,1.0,1.0,1.0,1.0,1.0,1.0,1.0,1.0,1.0,1.0,1.0,1.0,1.0,1.0,1.0,1.0,1.0,1.0,1.0,1.0,1.0,1.0,1.0,1.0,1.0,1.0,1.0,1.0,1.0,1.0,1.0,1.0,1.0,1.0,1.0,1.0,1.0,1.0,1.0,1.0,1.0,1.0,1.0,1.0,1.0,1.0,1.0,1.0,1.0,1.0,1.0,1.0,1.0,1.0,1.0,1.0,1.0,1.0,1.0,1.0,1.0,1.0,1.0,1.0,1.0,1.0,1.0,1.0,1.0,1.0,1.0,1.0,1.0,1.0,1.0,1.0,1.0,1.0,1.0,1.0,1.0,1.0,1.0,1.0,1.0,1.0,1.0,1.0,1.0,1.0,1.0,1.0,1.0,1.0,1.0,1.0,1.0,1.0,1.0,1.0,1.0,1.0,1.0,1.0,1.0,1.0,1.0,1.0,1.0,1.0,1.0,1.0,1.0,1.0,1.0,1.0,1.0,1.0,1.0,1.0,1.0,1.0,1.0,1.0,1.0,1.0,1.0,1.0,1.0,1.0,1.0,1.0,1.0,1.0,1.0,1.0,1.0,1.0,1.0,1.0,1.0,1.0,1.0,1.0,1.0,1.0,1.0,1.0,1.0,1.0,1.0,1.0,1.0,1.0,1.0,1.0,1.0,1.0,1.0,1.0,1.0,1.0,1.0,1.0,1.0,1.0,1.0,1.0,1.0,1.0,1.0,1.0,1.0,1.0,1.0,1.0,1.0,1.0,1.0,1.0,1.0,1.0,1.0,1.0,1.0,1.0,1.0,1.0,1.0,1.0,1.0,1.0,1.0,1.0,1.0,1.0,1.0,1.0,1.0,1.0,1.0,1.0,1.0,1.0,1.0,1.0,1.0,1.0,1.0,1.0,1.0,1.0,1.0,1.0,1.0,1.0,1.0,1.0,1.0,1.0,1.0,1.0,1.0,1.0,1.0,1.0,1.0,1.0,1.0,1.0,1.0,1.0,1.0,1.0,1.0,1.0,1.0,1.0,1.0,1.0,1.0,1.0,1.0,1.0,1.0,1.0,1.0,1.0,1.0,1.0,1.0,1.0,1.0,1.0,1.0,1.0,1.0,1.0,1.0,1.0,1.0,1.0,1.0,1.0,1.0,1.0,1.0,1.0,1.0,1.0,1.0,1.0,1.0,1.0,1.0,1.0,1.0,1.0,1.0,1.0,1.0,1.0,1.0,1.0,1.0,1.0,1.0,1.0,1.0,1.0,1.0,1.0,1.0,1.0,1.0,1.0,1.0,1.0,1.0,1.0,1.0,1.0,1.0,1.0,1.0,1.0,1.0,1.0,1.0,1.0,1.0,1.0,1.0,1.0,1.0,1.0,1.0,1.0,1.0,1.0,1.0,1.0,1.0,1.0,1.0,1.0,1.0,1.0,1.0,1.0,1.0,1.0,1.0,1.0,1.0,1.0,1.0,1.0,1.0,1.0,1.0,1.0,1.0,1.0,1.0,1.0,1.0,1.0,1.0,1.0,1.0,1.0,1.0,1.0,1.0,1.0,1.0,1.0,1.0,1.0,1.0,1.0,1.0,1.0,1.0,1.0,1.0,1.0,1.0,1.0,1.0,1.0,1.0,1.0,1.0,1.0,1.0,1.0,1.0,1.0,1.0,1.0,1.0,1.0,1.0,1.0,1.0,1.0,1.0,1.0,1.0,1.0,1.0,1.0,1.0,1.0,1.0,1.0,1.0,1.0,1.0,1.0,1.0,1.0,1.0,1.0,1.0,1.0,1.0,1.0,1.0,1.0,1.0,1.0,1.0,1.0,1.0,1.0,1.0,1.0,1.0,1.0,1.0,1.0,1.0,1.0,1.0,1.0,1.0,1.0,1.0,1.0,1.0,1.0,1.0,1.0,1.0,1.0,1.0,1.0,1.0,1.0,1.0,1.0,1.0,1.0,1.0,1.0,1.0,1.0,1.0,1.0,1.0,1.0,1.0,1.0,1.0,1.0,1.0,1.0,1.0,1.0,1.0,1.0,1.0,1.0,1.0,1.0,1.0,1.0,1.0,1.0,1.0,1.0,1.0,1.0,1.0,1.0,1.0,1.0,1.0,1.0,1.0,1.0,1.0,1.0,1.0,1.0,1.0,1.0,1.0,1.0,1.0,1.0,1.0,1.0,1.0,1.0,1.0,1.0,1.0,1.0,1.0,1.0,1.0,1.0,1.0,1.0,1.0,1.0,1.0,1.0,1.0,1.0,1.0,1.0,1.0,1.0,1.0,1.0,1.0,1.0,1.0,1.0,1.0,1.0,1.0,1.0,1.0,1.0,1.0,1.0,1.0,1.0,1.0,1.0,1.0,1.0,1.0,1.0,1.0,1.0,1.0,1.0,1.0,1.0,1.0,1.0,1.0,1.0,1.0,1.0,1.0,1.0,1.0,1.0,1.0,1.0,1.0,1.0,1.0,1.0,1.0,1.0,1.0,1.0,1.0,1.0,1.0,1.0,1.0,1.0,1.0,1.0,1.0,1.0,1.0,1.0,1.0,1.0,1.0,1.0,1.0,1.0,1.0,1.0,1.0,1.0,1.0,1.0,1.0,1.0,1.0,1.0,1.0,1.0,1.0,1.0,1.0,1.0,1.0,1.0,1.0,1.0,1.0,1.0,1.0,1.0,1.0,1.0,1.0,1.0,1.0,1.0,1.0,1.0,1.0,1.0,1.0,1.0,1.0,1.0,1.0,1.0,1.0,1.0,1.0,1.0,1.0,1.0,1.0,1.0,1.0,1.0,1.0,1.0,1.0,1.0,1.0,1.0,1.0,1.0,1.0,1.0,1.0,1.0,1.0,1.0,1.0,1.0,1.0,1.0,1.0,1.0,1.0,1.0,1.0,1.0,1.0,1.0,1.0,1.0,1.0,1.0,1.0,1.0,1.0,1.0,1.0,1.0,1.0,1.0,1.0,1.0,1.0,1.0,1.0,1.0,1.0,1.0,1.0,1.0,1.0,1.0,1.0,1.0,1.0,1.0,1.0,1.0,1.0,1.0,1.0,1.0,1.0,1.0,1.0,1.0,1.0,1.0,1.0,1.0,1.0,1.0,1.0,1.0,1.0,1.0,1.0,1.0,1.0,1.0,1.0,1.0,1.0,1.0,1.0,1.0,1.0,1.0,1.0,1.0,1.0,1.0,1.0,1.0,1.0,1.0,1.0,1.0,1.0,1.0,1.0,1.0,1.0,1.0,1.0,1.0,1.0,1.0,1.0,1.0,1.0,1.0,1.0,1.0,1.0,1.0,1.0,1.0,1.0,1.0,1.0,1.0,1.0,1.0,1.0,1.0,1.0,1.0,1.0,1.0,1.0,1.0,1.0,1.0,1.0,1.0,1.0,1.0,1.0,1.0,1.0,1.0,1.0,1.0,1.0,1.0,1.0,1.0,1.0,1.0,1.0,1.0,1.0,1.0,1.0,1.0,1.0,1.0,1.0,1.0,1.0,1.0,1.0,1.0,1.0,1.0,1.0,1.0,1.0,1.0,1.0,1.0,1.0,1.0,1.0,1.0,1.0,1.0,1.0,1.0,1.0,1.0,1.0,1.0,1.0,1.0,1.0,1.0,1.0,1.0,1.0,1.0,1.0,1.0,1.0,1.0,1.0,1.0,1.0,1.0,1.0,1.0,1.0,1.0,1.0,1.0,1.0,1.0,1.0,1.0,1.0,1.0,1.0,1.0,1.0,1.0,1.0,1.0,1.0,1.0,1.0,1.0,1.0,1.0,1.0,1.0,1.0,1.0,1.0,1.0,1.0,1.0,1.0,1.0,1.0,1.0,1.0,1.0,1.0,1.0,1.0,1.0,1.0,1.0,1.0,1.0,1.0,1.0,1.0,1.0,1.0,1.0,1.0,1.0,1.0,1.0,1.0,1.0,1.0,1.0,1.0,1.0,1.0,1.0,1.0,1.0,1.0,1.0,1.0,1.0,1.0,1.0,1.0,1.0,1.0,1.0,1.0,1.0,1.0,1.0,1.0,1.0,1.0,1.0,1.0,1.0,1.0,1.0,1.0,1.0,1.0,1.0,1.0,1.0,1.0,1.0,1.0,1.0,1.0,1.0,1.0,1.0,1.0,1.0,1.0,1.0,1.0,1.0,1.0,1.0,1.0,1.0,1.0,1.0,1.0,1.0,1.0,1.0,1.0,1.0,1.0,1.0,1.0,1.0,1.0,1.0,1.0,1.0,1.0,1.0,1.0,1.0,1.0,1.0,1.0,1.0,1.0,1.0,1.0,1.0,1.0,1.0,1.0,1.0,1.0,1.0,1.0,1.0,1.0,1.0,1.0,1.0,1.0,1.0,1.0,1.0,1.0,1.0,1.0,1.0,1.0,1.0,1.0,1.0,1.0,1.0,1.0,1.0,1.0,1.0,1.0,1.0,1.0,1.0,1.0,1.0,1.0,1.0,1.0,1.0,1.0,1.0,1.0,1.0,1.0,1.0,1.0,1.0,1.0,1.0,1.0,1.0,1.0,1.0,1.0,1.0,1.0,1.0,1.0,1.0,1.0,1.0,1.0,1.0,1.0,1.0,1.0,1.0,1.0,1.0,1.0,1.0,1.0,1.0,1.0,1.0,1.0,1.0,1.0,1.0,1.0,1.0,1.0,1.0,1.0,1.0,1.0,1.0,1.0,1.0,1.0,1.0,1.0,1.0,1.0,1.0,1.0,1.0,1.0,1.0,1.0,1.0,1.0,1.0,1.0,1.0,1.0,1.0,1.0,1.0,1.0,1.0,1.0,1.0,1.0,1.0,1.0,1.0,1.0,1.0,1.0,1.0,1.0,1.0,1.0,1.0,1.0,1.0,1.0,1.0,1.0,1.0,1.0,1.0,1.0,1.0,1.0,1.0,1.0,1.0,1.0,1.0,1.0,1.0,1.0,1.0,1.0,1.0,1.0,1.0,1.0,1.0,1.0,1.0,1.0,1.0,1.0,1.0,1.0,1.0,1.0,1.0,1.0,1.0,1.0,1.0,1.0,1.0,1.0,1.0,1.0,1.0,1.0,1.0,1.0,1.0,1.0,1.0,1.0,1.0,1.0,1.0,1.0,1.0,1.0,1.0,1.0,1.0,1.0,1.0,1.0,1.0,1.0,1.0,1.0,1.0,1.0,1.0,1.0,1.0,1.0,1.0,1.0,1.0,1.0,1.0,1.0,1.0,1.0,1.0,1.0,1.0,1.0,1.0,1.0,1.0,1.0,1.0,1.0,1.0,1.0,1.0,1.0,1.0,1.0,1.0,1.0,1.0,1.0,1.0,1.0,1.0,1.0,1.0,1.0,1.0,1.0,1.0,1.0,1.0,1.0,1.0,1.0,1.0,1.0,1.0,1.0,1.0,1.0,1.0,1.0,1.0,1.0,1.0,1.0,1.0,1.0,1.0,1.0,1.0,1.0,1.0,1.0,1.0,1.0,1.0,1.0,1.0,1.0,1.0,1.0,1.0,1.0,1.0,1.0,1.0,1.0,1.0,1.0,1.0,1.0,1.0,1.0,1.0,1.0,1.0,1.0,1.0,1.0,1.0,1.0,1.0,1.0,1.0,1.0,1.0,1.0,1.0,1.0,1.0,1.0,1.0,1.0,1.0,1.0,1.0,1.0,1.0,1.0,1.0,1.0,1.0,1.0,1.0,1.0,1.0,1.0,1.0,1.0,1.0,1.0,1.0,1.0,1.0,1.0,1.0,1.0,1.0,1.0,1.0,1.0,1.0,1.0,1.0,1.0,1.0,1.0,1.0,1.0,1.0,1.0,1.0,1.0,1.0,1.0,1.0,1.0,1.0,1.0,1.0,1.0,1.0,1.0,1.0,1.0,1.0,1.0,1.0,1.0,1.0,1.0,1.0,1.0,1.0,1.0,1.0,1.0,1.0,1.0,1.0,1.0,1.0,1.0,1.0,1.0,1.0,1.0,1.0,1.0,1.0,1.0,1.0,1.0,1.0,1.0,1.0,1.0,1.0,1.0,1.0,1.0,1.0,1.0,1.0,1.0,1.0,1.0,1.0,1.0,1.0,1.0,1.0,1.0,1.0,1.0,1.0,1.0,1.0,1.0,1.0,1.0,1.0,1.0,1.0,1.0,1.0,1.0,1.0,1.0,1.0,1.0,1.0,1.0,1.0,1.0,1.0,1.0,1.0,1.0,1.0,1.0,1.0,1.0,1.0,1.0,1.0,1.0,1.0,1.0,1.0,1.0,1.0,1.0,1.0,1.0,1.0,1.0,1.0,1.0,1.0,1.0,1.0,1.0,1.0,1.0,1.0,1.0,1.0,1.0,1.0,1.0,1.0,1.0,1.0,1.0,1.0,1.0,1.0,1.0,1.0,1.0,1.0,1.0,1.0,1.0,1.0,1.0,1.0,1.0,1.0,1.0,1.0,1.0,1.0,1.0,1.0,1.0,1.0,1.0,1.0,1.0,1.0,1.0,1.0,1.0,1.0,1.0,1.0,1.0,1.0,1.0,1.0,1.0,1.0,1.0,1.0,1.0,1.0,1.0,1.0,1.0,1.0,1.0,1.0,1.0,1.0,1.0,1.0,1.0,1.0,1.0,1.0,1.0,1.0,1.0,1.0,1.0,1.0,1.0,1.0,1.0,1.0,1.0,1.0,1.0,1.0,1.0,1.0,1.0,1.0,1.0,1.0,1.0,1.0,1.0,1.0,1.0,1.0,1.0,1.0,1.0,1.0,1.0,1.0,1.0,1.0,1.0,1.0,1.0,1.0,1.0,1.0,1.0,1.0,1.0,1.0,1.0,1.0,1.0,1.0,1.0,1.0,1.0,1.0,1.0,1.0,1.0,1.0,1.0,1.0,1.0,1.0,1.0,1.0,1.0,1.0,1.0,1.0,1.0,1.0,1.0,1.0,1.0,1.0,1.0,1.0,1.0,1.0,1.0,1.0,1.0,1.0,1.0,1.0,1.0,1.0,1.0,1.0,1.0,1.0,1.0,1.0,1.0,1.0,1.0,1.0,1.0,1.0,1.0,1.0,1.0,1.0,1.0,1.0,1.0,1.0,1.0,1.0,1.0,1.0,1.0,1.0,1.0,1.0,1.0,1.0,1.0,1.0,1.0,1.0,1.0,1.0,1.0,1.0,1.0,1.0,1.0,1.0,1.0,1.0,1.0,1.0,1.0,1.0,1.0,1.0,1.0,1.0,1.0,1.0,1.0,1.0,1.0,1.0,1.0,1.0,1.0,1.0,1.0,1.0,1.0,1.0,1.0,1.0,1.0,1.0,1.0,1.0,1.0,1.0,1.0,1.0,1.0,1.0,1.0,1.0,1.0,1.0,1.0,1.0,1.0,1.0,1.0,1.0,1.0,1.0,1.0,1.0,1.0,1.0,1.0,1.0,1.0,1.0,1.0,1.0,1.0,1.0,1.0,1.0,1.0,1.0,1.0,1.0,1.0,1.0,1.0,1.0,1.0,1.0,1.0,1.0,1.0,1.0,1.0,1.0,1.0,1.0,1.0,1.0,1.0,1.0,1.0,1.0,1.0,1.0,1.0,1.0,1.0,1.0,1.0,1.0,1.0,1.0,1.0,1.0,1.0,1.0,1.0,1.0,1.0,1.0,1.0,1.0,1.0,1.0,1.0,1.0,1.0,1.0,1.0,1.0,1.0,1.0,1.0,1.0,1.0,1.0,1.0,1.0,1.0,1.0,1.0,1.0,1.0,1.0,1.0,1.0,1.0,1.0,1.0,1.0,1.0,1.0,1.0,1.0,1.0,1.0,1.0,1.0,1.0,1.0,1.0,1.0,1.0,1.0,1.0,1.0,1.0,1.0,1.0,1.0,1.0,1.0,1.0,1.0,1.0,1.0,1.0,1.0,1.0,1.0,1.0,1.0,1.0,1.0,1.0,1.0,1.0,1.0,1.0,1.0,1.0,1.0,1.0,1.0,1.0,1.0,1.0,1.0,1.0,1.0,1.0,1.0,1.0,1.0,1.0,1.0,1.0,1.0,1.0,1.0,1.0,1.0,1.0,1.0,1.0,1.0,1.0,1.0,1.0,1.0,1.0,1.0,1.0,1.0,1.0,1.0,1.0,1.0,1.0,1.0,1.0,1.0,1.0,1.0,1.0,1.0,1.0,1.0,1.0,1.0,1.0,1.0,1.0,1.0,1.0,1.0,1.0,1.0,1.0,1.0,1.0,1.0,1.0,1.0,1.0,1.0,1.0,1.0,1.0,1.0,1.0,1.0,1.0,1.0,1.0,1.0,1.0,1.0,1.0,1.0,1.0,1.0,1.0,1.0,1.0,1.0,1.0,1.0,1.0,1.0,1.0,1.0,1.0,1.0,1.0,1.0,1.0,1.0,1.0,1.0,1.0,1.0,1.0,1.0,1.0,1.0,1.0,1.0,1.0,1.0,1.0,1.0,1.0,1.0,1.0,1.0,1.0,1.0,1.0,1.0,1.0,1.0,1.0,1.0,1.0,1.0,1.0,1.0,1.0,1.0,1.0,1.0,1.0,1.0,1.0,1.0,1.0,1.0,1.0,1.0,1.0,1.0,1.0,1.0,1.0,1.0,1.0,1.0,1.0,1.0,1.0,1.0,1.0,1.0,1.0,1.0,1.0,1.0,1.0,1.0,1.0,1.0,1.0,1.0,1.0,1.0,1.0,1.0,1.0,1.0,1.0,1.0,1.0,1.0,1.0,1.0,1.0,1.0,1.0,1.0,1.0,1.0,1.0,1.0,1.0,1.0,1.0,1.0,1.0,1.0,1.0,1.0,1.0,1.0,1.0,1.0,1.0,1.0,1.0,1.0,1.0,1.0,1.0,1.0,1.0,1.0,1.0,1.0,1.0,1.0,1.0,1.0,1.0,1.0,1.0,1.0,1.0,1.0,1.0,1.0,1.0,1.0,1.0,1.0,1.0,1.0,1.0,1.0,1.0,1.0,1.0,1.0,1.0,1.0,1.0,1.0,1.0,1.0,1.0,1.0,1.0,1.0,1.0,1.0,1.0,1.0,1.0,1.0,1.0,1.0,1.0,1.0,1.0,1.0,1.0,1.0,1.0,1.0,1.0,1.0,1.0,1.0,1.0,1.0,1.0,1.0,1.0,1.0,1.0,1.0,1.0,1.0,1.0,1.0,1.0,1.0,1.0,1.0,1.0,1.0,1.0,1.0,1.0,1.0,1.0,1.0,1.0,1.0,1.0,1.0,1.0,1.0,1.0,1.0,1.0,1.0,1.0,1.0,1.0,1.0,1.0,1.0,1.0,1.0,1.0,1.0,1.0,1.0,1.0,1.0,1.0,1.0,1.0,1.0,1.0,1.0,1.0,1.0,1.0,1.0,1.0,1.0,1.0,1.0,1.0,1.0,1.0,1.0,1.0,1.0,1.0,1.0,1.0,1.0,1.0,1.0,1.0,1.0,1.0,1.0,1.0,1.0,1.0,1.0,1.0,1.0,1.0,1.0,1.0,1.0,1.0,1.0,1.0,1.0,1.0,1.0,1.0,1.0,1.0,1.0,1.0,1.0,1.0,1.0,1.0,1.0,1.0,1.0,1.0,1.0,1.0,1.0,1.0,1.0,1.0,1.0,1.0,1.0,1.0,1.0,1.0,1.0,1.0,1.0,1.0,1.0,1.0,1.0,1.0,1.0,1.0,1.0,1.0,1.0,1.0,1.0,1.0,1.0,1.0,1.0,1.0,1.0,1.0,1.0,1.0,1.0,1.0,1.0,1.0,1.0,1.0,1.0,1.0,1.0,1.0,1.0,1.0,1.0,1.0,1.0,1.0,1.0,1.0,1.0,1.0,1.0,1.0,1.0,1.0,1.0,1.0,1.0,1.0,1.0,1.0,1.0,1.0,1.0,1.0,1.0,1.0,1.0,1.0,1.0,1.0,1.0,1.0,1.0,1.0,1.0,1.0,1.0,1.0,1.0,1.0,1.0,1.0,1.0,1.0,1.0,1.0,1.0,1.0,1.0,1.0,1.0,1.0,1.0,1.0,1.0,1.0,1.0,1.0,1.0,1.0,1.0,1.0,1.0,1.0,1.0,1.0,1.0,1.0,1.0,1.0,1.0,1.0,1.0,1.0,1.0,1.0,1.0,1.0,1.0,1.0,1.0,1.0,1.0,1.0,1.0,1.0,1.0,1.0,1.0,1.0,1.0,1.0,1.0,1.0,1.0,1.0,1.0,1.0,1.0,1.0,1.0,1.0,1.0,1.0,1.0,1.0,1.0,1.0,1.0,1.0,1.0,1.0,1.0,1.0,1.0,1.0,1.0,1.0,1.0,1.0,1.0,1.0,1.0,1.0,1.0,1.0,1.0,1.0,1.0,1.0,1.0,1.0,1.0,1.0,1.0,1.0,1.0,1.0,1.0,1.0,1.0,1.0,1.0,1.0,1.0,1.0,1.0,1.0,1.0,1.0,1.0,1.0,1.0,1.0,1.0,1.0,1.0,1.0,1.0,1.0,1.0,1.0,1.0,1.0,1.0,1.0,1.0,1.0,1.0,1.0,1.0,1.0,1.0,1.0,1.0,1.0,1.0,1.0,1.0,1.0,1.0,1.0,1.0,1.0,1.0,1.0,1.0,1.0,1.0,1.0,1.0,1.0,1.0,1.0,1.0,1.0,1.0,1.0,1.0,1.0,1.0,1.0,1.0,1.0,1.0,1.0,1.0,1.0,1.0,1.0,1.0,1.0,1.0,1.0,1.0,1.0,1.0,1.0,1.0,1.0,1.0,1.0,1.0,1.0,1.0,1.0,1.0,1.0,1.0,1.0,1.0,1.0,1.0,1.0,1.0,1.0,1.0,1.0,1.0,1.0,1.0,1.0,1.0,1.0,1.0,1.0,1.0,1.0,1.0,1.0,1.0,1.0,1.0,1.0,1.0,1.0,1.0,1.0,1.0,1.0,1.0,1.0,1.0,1.0,1.0,1.0,1.0,1.0,1.0,1.0,1.0,1.0,1.0,1.0,1.0,1.0,1.0,1.0,1.0,1.0,1.0,1.0,1.0,1.0,1.0,1.0,1.0,1.0,1.0,1.0,1.0,1.0,1.0,1.0,1.0,1.0,1.0,1.0,1.0,1.0,1.0,1.0,1.0,1.0,1.0,1.0,1.0,1.0,1.0,1.0,1.0,1.0,1.0,1.0,1.0,1.0,1.0,1.0,1.0,1.0,1.0,1.0,1.0,1.0,1.0,1.0,1.0,1.0,1.0,1.0,1.0,1.0,1.0,1.0,1.0,1.0,1.0,1.0,1.0,1.0,1.0,1.0,1.0,1.0,1.0,1.0,1.0,1.0,1.0,1.0,1.0,1.0,1.0,1.0,1.0,1.0,1.0,1.0,1.0,1.0,1.0,1.0,1.0,1.0,1.0,1.0,1.0,1.0,1.0,1.0,1.0,1.0,1.0,1.0,1.0,1.0,1.0,1.0,1.0,1.0,1.0,1.0,1.0,1.0,1.0,1.0,1.0,1.0,1.0,1.0,1.0,1.0,1.0,1.0,1.0,1.0,1.0,1.0,1.0,1.0,1.0,1.0,1.0,1.0,1.0,1.0,1.0,1.0,1.0,1.0,1.0,1.0,1.0,1.0,1.0,1.0,1.0,1.0,1.0,1.0,1.0,1.0,1.0,1.0,1.0,1.0,1.0,1.0,1.0,1.0,1.0,1.0,1.0,1.0,1.0,1.0,1.0,1.0,1.0,1.0,1.0,1.0,1.0,1.0,1.0,1.0,1.0,1.0,1.0,1.0,1.0,1.0,1.0,1.0,1.0,1.0,1.0,1.0,1.0,1.0,1.0,1.0,1.0,1.0,1.0,1.0,1.0,1.0,1.0,1.0,1.0,1.0,1.0,1.0,1.0,1.0,1.0,1.0,1.0,1.0,1.0,1.0,1.0,1.0,1.0,1.0,1.0,1.0,1.0,1.0,1.0,1.0,1.0,1.0,1.0,1.0,1.0,1.0,1.0,1.0,1.0,1.0,1.0,1.0,1.0,1.0,1.0,1.0,1.0,1.0,1.0,1.0,1.0,1.0,1.0,1.0,1.0,1.0,1.0,1.0,1.0,1.0,1.0,1.0,1.0,1.0,1.0,1.0,1.0,1.0,1.0,1.0,1.0,1.0,1.0,1.0,1.0,1.0,1.0,1.0,1.0,1.0,1.0,1.0,1.0,1.0,1.0,1.0,1.0,1.0,1.0,1.0,1.0,1.0,1.0,1.0,1.0,1.0,1.0,1.0,1.0,1.0,1.0,1.0,1.0,1.0,1.0,1.0,1.0,1.0,1.0,1.0,1.0,1.0,1.0,1.0,1.0,1.0,1.0,1.0,1.0,1.0,1.0,1.0,1.0,1.0,1.0,1.0,1.0,1.0,1.0,1.0,1.0,1.0,1.0,1.0,1.0,1.0,1.0,1.0,1.0,1.0,1.0,1.0,1.0,1.0,1.0,1.0,1.0,1.0,1.0,1.0,1.0,1.0,1.0,1.0,1.0,1.0,1.0,1.0,1.0,1.0,1.0,1.0,1.0,1.0,1.0,1.0,1.0,1.0,1.0,1.0,1.0,1.0,1.0,1.0,1.0,1.0,1.0,1.0,1.0,1.0,1.0,1.0,1.0,1.0,1.0,1.0,1.0,1.0,1.0,1.0,1.0,1.0,1.0,1.0,1.0,1.0,1.0,1.0,1.0,1.0,1.0,1.0,1.0,1.0,1.0,1.0,1.0,1.0,1.0,1.0,1.0,1.0,1.0,1.0,1.0,1.0,1.0,1.0,1.0,1.0,1.0,1.0,1.0,1.0,1.0,1.0,1.0,1.0,1.0,1.0,1.0,1.0,1.0,1.0,1.0,1.0,1.0,1.0,1.0,1.0,1.0,1.0,1.0,1.0,1.0,1.0,1.0,1.0,1.0,1.0,1.0,1.0,1.0,1.0,1.0,1.0,1.0,1.0,1.0,1.0,1.0,1.0,1.0,1.0,1.0,1.0,1.0,1.0,1.0,1.0,1.0,1.0,1.0,1.0,1.0,1.0,1.0,1.0,1.0,1.0,1.0,1.0,1.0,1.0,1.0,1.0,1.0,1.0,1.0,1.0,1.0,1.0,1.0,1.0,1.0,1.0,1.0,1.0,1.0,1.0,1.0,1.0,1.0,1.0,1.0,1.0,1.0,1.0,1.0,1.0,1.0,1.0,1.0,1.0,1.0,1.0,1.0,1.0,1.0,1.0,1.0,1.0,1.0,1.0,1.0,1.0,1.0,1.0,1.0,1.0,1.0,1.0,1.0,1.0,1.0,1.0,1.0,1.0,1.0,1.0,1.0,1.0,1.0,1.0,1.0,1.0,1.0,1.0,1.0,1.0,1.0,1.0,1.0,1.0,1.0,1.0,1.0,1.0,1.0,1.0,1.0,1.0,1.0,1.0,1.0,1.0,1.0,1.0,1.0,1.0,1.0,1.0,1.0,1.0,1.0,1.0,1.0,1.0,1.0,1.0,1.0,1.0,1.0,1.0,1.0,1.0,1.0,1.0,1.0,1.0,1.0,1.0,1.0,1.0,1.0,1.0,1.0,1.0,1.0,1.0,1.0,1.0,1.0,1.0,1.0,1.0,1.0,1.0,1.0,1.0,1.0,1.0,1.0,1.0,1.0,1.0,1.0,1.0,1.0,1.0,1.0,1.0,1.0,1.0,1.0,1.0,1.0,1.0,1.0,1.0,1.0,1.0,1.0,1.0,1.0,1.0,1.0,1.0,1.0,1.0,1.0,1.0,1.0,1.0,1.0,1.0,1.0,1.0,1.0,1.0,1.0,1.0,1.0,1.0,1.0,1.0,1.0,1.0,1.0,1.0,1.0,1.0,1.0,1.0,1.0,1.0,1.0,1.0,1.0,1.0,1.0,1.0,1.0,1.0,1.0,1.0,1.0,1.0,1.0,1.0,1.0,1.0,1.0,1.0,1.0,1.0,1.0,1.0,1.0,1.0,1.0,1.0,1.0,1.0,1.0,1.0,1.0,1.0,1.0,1.0,1.0,1.0,1.0,1.0,1.0,1.0,1.0,1.0,1.0,1.0,1.0,1.0,1.0,1.0,1.0,1.0,1.0,1.0,1.0,1.0,1.0,1.0,1.0,1.0,1.0,1.0,1.0,1.0,1.0,1.0,1.0,1.0,1.0,1.0,1.0,1.0,1.0,1.0,1.0,1.0,1.0,1.0,1.0,1.0,1.0,1.0,1.0,1.0,1.0,1.0,1.0,1.0,1.0,1.0,1.0,1.0,1.0,1.0,1.0,1.0,1.0,1.0,1.0,1.0,1.0,1.0,1.0,1.0,1.0,1.0,1.0,1.0,1.0,1.0,1.0,1.0,1.0,1.0,1.0,1.0,1.0,1.0,1.0,1.0,1.0,1.0,1.0,1.0,1.0,1.0,1.0,1.0,1.0,1.0,1.0,1.0,1.0,1.0,1.0,1.0,1.0,1.0,1.0,1.0,1.0,1.0,1.0,1.0,1.0,1.0,1.0,1.0,1.0,1.0,1.0,1.0,1.0,1.0,1.0,1.0,1.0,1.0,1.0,1.0,1.0,1.0,1.0,1.0,1.0,1.0,1.0,1.0,1.0,1.0,1.0,1.0,1.0,1.0,1.0,1.0,1.0,1.0,1.0,1.0,1.0,1.0,1.0,1.0,1.0,1.0,1.0,1.0,1.0,1.0,1.0,1.0,1.0,1.0,1.0,1.0,1.0,1.0,1.0,1.0,1.0,1.0,1.0,1.0,1.0,1.0,1.0,1.0,1.0,1.0,1.0,1.0,1.0,1.0,1.0,1.0,1.0,1.0,1.0,1.0,1.0,1.0,1.0,1.0,1.0,1.0,1.0,1.0,1.0,1.0,1.0,1.0,1.0,1.0,1.0,1.0,1.0,1.0,1.0,1.0,1.0,1.0,1.0,1.0,1.0,1.0,1.0,1.0,1.0,1.0,1.0,1.0,1.0,1.0,1.0,1.0,1.0,1.0,1.0,1.0,1.0,1.0,1.0,1.0,1.0,1.0,1.0,1.0,1.0,1.0,1.0,1.0,1.0,1.0,1.0,1.0,1.0,1.0,1.0,1.0,1.0,1.0,1.0,1.0,1.0,1.0,1.0,1.0,1.0,1.0,1.0,1.0,1.0,1.0,1.0,1.0,1.0,1.0,1.0,1.0,1.0,1.0,1.0,1.0,1.0,1.0,1.0,1.0,1.0,1.0,1.0,1.0,1.0,1.0,1.0,1.0,1.0,1.0,1.0,1.0,1.0,1.0,1.0,1.0,1.0,1.0,1.0,1.0,1.0,1.0,1.0,1.0,1.0,1.0,1.0,1.0,1.0,1.0,1.0,1.0,1.0,1.0,1.0,1.0,1.0,1.0,1.0,1.0,1.0,1.0,1.0,1.0,1.0,1.0,1.0,1.0,1.0,1.0,1.0,1.0,1.0,1.0,1.0,1.0,1.0,1.0,1.0,1.0,1.0,1.0,1.0,1.0,1.0,1.0,1.0,1.0,1.0,1.0,1.0,1.0,1.0,1.0,1.0,1.0,1.0,1.0,1.0,1.0,1.0,1.0,1.0,1.0,1.0,1.0,1.0,1.0,1.0,1.0,1.0,1.0,1.0,1.0,1.0,1.0,1.0,1.0,1.0,1.0,1.0,1.0,1.0,1.0,1.0,1.0,1.0,1.0,1.0,1.0,1.0,1.0,1.0,1.0,1.0,1.0,1.0,1.0,1.0,1.0,1.0,1.0,1.0,1.0,1.0,1.0,1.0,1.0,1.0,1.0,1.0,1.0,1.0,1.0,1.0,1.0,1.0,1.0,1.0,1.0,1.0,1.0,1.0,1.0,1.0,1.0,1.0,1.0,1.0,1.0,1.0,1.0,1.0,1.0,1.0,1.0,1.0,1.0,1.0,1.0,1.0,1.0,1.0,1.0,1.0,1.0,1.0,1.0,1.0,1.0,1.0,1.0,1.0,1.0,1.0,1.0,1.0,1.0,1.0,1.0,1.0,1.0,1.0,1.0,1.0,1.0,1.0,1.0,1.0,1.0,1.0,1.0,1.0,1.0,1.0,1.0,1.0,1.0,1.0,1.0,1.0,1.0,1.0,1.0,1.0,1.0,1.0,1.0,1.0,1.0,1.0,1.0,1.0,1.0,1.0,1.0,1.0,1.0,1.0,1.0,1.0,1.0,1.0,1.0,1.0,1.0,1.0,1.0,1.0,1.0,1.0,1.0,1.0,1.0,1.0,1.0,1.0,1.0,1.0,1.0,1.0,1.0,1.0,1.0,1.0,1.0,1.0,1.0,1.0,1.0,1.0,1.0,1.0,1.0,1.0,1.0,1.0,1.0,1.0,1.0,1.0,1.0,1.0,1.0,1.0,1.0,1.0,1.0,1.0,1.0,1.0,1.0,1.0,1.0,1.0,1.0,1.0,1.0,1.0,1.0,1.0,1.0,1.0,1.0,1.0,1.0,1.0,1.0,1.0,1.0,1.0,1.0,1.0,1.0,1.0,1.0,1.0,1.0,1.0,1.0,1.0,1.0,1.0,1.0,1.0,1.0,1.0,1.0,1.0,1.0,1.0,1.0,1.0,1.0,1.0,1.0,1.0,1.0,1.0,1.0,1.0,1.0,1.0,1.0,1.0,1.0,1.0,1.0,1.0,1.0,1.0,1.0,1.0,1.0,1.0,1.0,1.0,1.0,1.0,1.0,1.0,1.0,1.0,1.0,1.0,1.0,1.0,1.0,1.0,1.0,1.0,1.0,1.0,1.0,1.0,1.0,1.0,1.0,1.0,1.0,1.0,1.0,1.0,1.0,1.0,1.0,1.0,1.0,1.0,1.0,1.0,1.0,1.0,1.0
1.0,1.0,1.0,1.0,1.0,1.0,1.0,1.0,1.0,1.0,1.0,1.0,1.0,1.0,1.0,1.0,1.0,1.0,1.0,1.0,1.0,1.0,1.0,1.0,1.0,1.0,1.0,1.0,1.0,1.0,1.0,1.0,1.0,1.0,1.0,1.0,1.0,1.0,1.0,1.0,1.0,1.0,1.0,1.0,1.0,1.0,1.0,1.0,1.0,1.0,1.0,1.0,1.0,1.0,1.0,1.0,1.0,1.0,1.0,1.0,1.0,1.0,1.0,1.0,1.0,1.0,1.0,1.0,1.0,1.0,1.0,1.0,1.0,1.0,1.0,1.0,1.0,1.0,1.0,1.0,1.0,1.0,1.0,1.0,1.0,1.0,1.0,1.0,1.0,1.0,1.0,1.0,1.0,1.0,1.0,1.0,1.0,1.0,1.0,1.0,1.0,1.0,1.0,1.0,1.0,1.0,1.0,1.0,1.0,1.0,1.0,1.0,1.0,1.0,1.0,1.0,1.0,1.0,1.0,1.0,1.0,1.0,1.0,1.0,1.0,1.0,1.0,1.0,1.0,1.0,1.0,1.0,1.0,1.0,1.0,1.0,1.0,1.0,1.0,1.0,1.0,1.0,1.0,1.0,1.0,1.0,1.0,1.0,1.0,1.0,1.0,1.0,1.0,1.0,1.0,1.0,1.0,1.0,1.0,1.0,1.0,1.0,1.0,1.0,1.0,1.0,1.0,1.0,1.0,1.0,1.0,1.0,1.0,1.0,1.0,1.0,1.0,1.0,1.0,1.0,1.0,1.0,1.0,1.0,1.0,1.0,1.0,1.0,1.0,1.0,1.0,1.0,1.0,1.0,1.0,1.0,1.0,1.0,1.0,1.0,1.0,1.0,1.0,1.0,1.0,1.0,1.0,1.0,1.0,1.0,1.0,1.0,1.0,1.0,1.0,1.0,1.0,1.0,1.0,1.0,1.0,1.0,1.0,1.0,1.0,1.0,1.0,1.0,1.0,1.0,1.0,1.0,1.0,1.0,1.0,1.0,1.0,1.0,1.0,1.0,1.0,1.0,1.0,1.0,1.0,1.0,1.0,1.0,1.0,1.0,1.0,1.0,1.0,1.0,1.0,1.0,1.0,1.0,1.0,1.0,1.0,1.0,1.0,1.0,1.0,1.0,1.0,1.0,1.0,1.0,1.0,1.0,1.0,1.0,1.0,1.0,1.0,1.0,1.0,1.0,1.0,1.0,1.0,1.0,1.0,1.0,1.0,1.0,1.0,1.0,1.0,1.0,1.0,1.0,1.0,1.0,1.0,1.0,1.0,1.0,1.0,1.0,1.0,1.0,1.0,1.0,1.0,1.0,1.0,1.0,1.0,1.0,1.0,1.0,1.0,1.0,1.0,1.0,1.0,1.0,1.0,1.0,1.0,1.0,1.0,1.0,1.0,1.0,1.0,1.0,1.0,1.0,1.0,1.0,1.0,1.0,1.0,1.0,1.0,1.0,1.0,1.0,1.0,1.0,1.0,1.0,1.0,1.0,1.0,1.0,1.0,1.0,1.0,1.0,1.0,1.0,1.0,1.0,1.0,1.0,1.0,1.0,1.0,1.0,1.0,1.0,1.0,1.0,1.0,1.0,1.0,1.0,1.0,1.0,1.0,1.0,1.0,1.0,1.0,1.0,1.0,1.0,1.0,1.0,1.0,1.0,1.0,1.0,1.0,1.0,1.0,1.0,1.0,1.0,1.0,1.0,1.0,1.0,1.0,1.0,1.0,1.0,1.0,1.0,1.0,1.0,1.0,1.0,1.0,1.0,1.0,1.0,1.0,1.0,1.0,1.0,1.0,1.0,1.0,1.0,1.0,1.0,1.0,1.0,1.0,1.0,1.0,1.0,1.0,1.0,1.0,1.0,1.0,1.0,1.0,1.0,1.0,1.0,1.0,1.0,1.0,1.0,1.0,1.0,1.0,1.0,1.0,1.0,1.0,1.0,1.0,1.0,1.0,1.0,1.0,1.0,1.0,1.0,1.0,1.0,1.0,1.0,1.0,1.0,1.0,1.0,1.0,1.0,1.0,1.0,1.0,1.0,1.0,1.0,1.0,1.0,1.0,1.0,1.0,1.0,1.0,1.0,1.0,1.0,1.0,1.0,1.0,1.0,1.0,1.0,1.0,1.0,1.0,1.0,1.0,1.0,1.0,1.0,1.0,1.0,1.0,1.0,1.0,1.0,1.0,1.0,1.0,1.0,1.0,1.0,1.0,1.0,1.0,1.0,1.0,1.0,1.0,1.0,1.0,1.0,1.0,1.0,1.0,1.0,1.0,1.0,1.0,1.0,1.0,1.0,1.0,1.0,1.0,1.0,1.0,1.0,1.0,1.0,1.0,1.0,1.0,1.0,1.0,1.0,1.0,1.0,1.0,1.0,1.0,1.0,1.0,1.0,1.0,1.0,1.0,1.0,1.0,1.0,1.0,1.0,1.0,1.0,1.0,1.0,1.0,1.0,1.0,1.0,1.0,1.0,1.0,1.0,1.0,1.0,1.0,1.0,1.0,1.0,1.0,1.0,1.0,1.0,1.0,1.0,1.0,1.0,1.0,1.0,1.0,1.0,1.0,1.0,1.0,1.0,1.0,1.0,1.0,1.0,1.0,1.0,1.0,1.0,1.0,1.0,1.0,1.0,1.0,1.0,1.0,1.0,1.0,1.0,1.0,1.0,1.0,1.0,1.0,1.0,1.0,1.0,1.0,1.0,1.0,1.0,1.0,1.0,1.0,1.0,1.0,1.0,1.0,1.0,1.0,1.0,1.0,1.0,1.0,1.0,1.0,1.0,1.0,1.0,1.0,1.0,1.0,1.0,1.0,1.0,1.0,1.0,1.0,1.0,1.0,1.0,1.0,1.0,1.0,1.0,1.0,1.0,1.0,1.0,1.0,1.0,1.0,1.0,1.0,1.0,1.0,1.0,1.0,1.0,1.0,1.0,1.0,1.0,1.0,1.0,1.0,1.0,1.0,1.0,1.0,1.0,1.0,1.0,1.0,1.0,1.0,1.0,1.0,1.0,1.0,1.0,1.0,1.0,1.0,1.0,1.0,1.0,1.0,1.0,1.0,1.0,1.0,1.0,1.0,1.0,1.0,1.0,1.0,1.0,1.0,1.0,1.0,1.0,1.0,1.0,1.0,1.0,1.0,1.0,1.0,1.0,1.0,1.0,1.0,1.0,1.0,1.0,1.0,1.0,1.0,1.0,1.0,1.0,1.0,1.0,1.0,1.0,1.0,1.0,1.0,1.0,1.0,1.0,1.0,1.0,1.0,1.0,1.0,1.0,1.0,1.0,1.0,1.0,1.0,1.0,1.0,1.0,1.0,1.0,1.0,1.0,1.0,1.0,1.0,1.0,1.0,1.0,1.0,1.0,1.0,1.0,1.0,1.0,1.0,1.0,1.0,1.0,1.0,1.0,1.0,1.0,1.0,1.0,1.0,1.0,1.0,1.0,1.0,1.0,1.0,1.0,1.0,1.0,1.0,1.0,1.0,1.0,1.0,1.0,1.0,1.0,1.0,1.0,1.0,1.0,1.0,1.0,1.0,1.0,1.0,1.0,1.0,1.0,1.0,1.0,1.0,1.0,1.0,1.0,1.0,1.0,1.0,1.0,1.0,1.0,1.0,1.0,1.0,1.0,1.0,1.0,1.0,1.0,1.0,1.0,1.0,1.0,1.0,1.0,1.0,1.0,1.0,1.0,1.0,1.0,1.0,1.0,1.0,1.0,1.0,1.0,1.0,1.0,1.0,1.0,1.0,1.0,1.0,1.0,1.0,1.0,1.0,1.0,1.0,1.0,1.0,1.0,1.0,1.0,1.0,1.0,1.0,1.0,1.0,1.0,1.0,1.0,1.0,1.0,1.0,1.0,1.0,1.0,1.0,1.0,1.0,1.0,1.0,1.0,1.0,1.0,1.0,1.0,1.0,1.0,1.0,1.0,1.0,1.0,1.0,1.0,1.0,1.0,1.0,1.0,1.0,1.0,1.0,1.0,1.0,1.0,1.0,1.0,1.0,1.0,1.0,1.0,1.0,1.0,1.0,1.0,1.0,1.0,1.0,1.0,1.0,1.0,1.0,1.0,1.0,1.0,1.0,1.0,1.0,1.0,1.0,1.0,1.0,1.0,1.0,1.0,1.0,1.0,1.0,1.0,1.0,1.0,1.0,1.0,1.0,1.0,1.0,1.0,1.0,1.0,1.0,1.0,1.0,1.0,1.0,1.0,1.0,1.0,1.0,1.0,1.0,1.0,1.0,1.0,1.0,1.0,1.0,1.0,1.0,1.0,1.0,1.0,1.0,1.0,1.0,1.0,1.0,1.0,1.0,1.0,1.0,1.0,1.0,1.0,1.0,1.0,1.0,1.0,1.0,1.0,1.0,1.0,1.0,1.0,1.0,1.0,1.0,1.0,1.0,1.0,1.0,1.0,1.0,1.0,1.0,1.0,1.0,1.0,1.0,1.0,1.0,1.0,1.0,1.0,1.0,1.0,1.0,1.0,1.0,1.0,1.0,1.0,1.0,1.0,1.0,1.0,1.0,1.0,1.0,1.0,1.0,1.0,1.0,1.0,1.0,1.0,1.0,1.0,1.0,1.0,1.0,1.0,1.0,1.0,1.0,1.0,1.0,1.0,1.0,1.0,1.0,1.0,1.0,1.0,1.0,1.0,1.0,1.0,1.0,1.0,1.0,1.0,1.0,1.0,1.0,1.0,1.0,1.0,1.0,1.0,1.0,1.0,1.0,1.0,1.0,1.0,1.0,1.0,1.0,1.0,1.0,1.0,1.0,1.0,1.0,1.0,1.0,1.0,1.0,1.0,1.0,1.0,1.0,1.0,1.0,1.0,1.0,1.0,1.0,1.0,1.0,1.0,1.0,1.0,1.0,1.0,1.0,1.0,1.0,1.0,1.0,1.0,1.0,1.0,1.0,1.0,1.0,1.0,1.0,1.0,1.0,1.0,1.0,1.0,1.0,1.0,1.0,1.0,1.0,1.0,1.0,1.0,1.0,1.0,1.0,1.0,1.0,1.0,1.0,1.0,1.0,1.0,1.0,1.0,1.0,1.0,1.0,1.0,1.0,1.0,1.0,1.0,1.0,1.0,1.0,1.0,1.0,1.0,1.0,1.0,1.0,1.0,1.0,1.0,1.0,1.0,1.0,1.0,1.0,1.0,1.0,1.0,1.0,1.0,1.0,1.0,1.0,1.0,1.0,1.0,1.0,1.0,1.0,1.0,1.0,1.0,1.0,1.0,1.0,1.0,1.0,1.0,1.0,1.0,1.0,1.0,1.0,1.0,1.0,1.0,1.0,1.0,1.0,1.0,1.0,1.0,1.0,1.0,1.0,1.0,1.0,1.0,1.0,1.0,1.0,1.0,1.0,1.0,1.0,1.0,1.0,1.0,1.0,1.0,1.0,1.0,1.0,1.0,1.0,1.0,1.0,1.0,1.0,1.0,1.0,1.0,1.0,1.0,1.0,1.0,1.0,1.0,1.0,1.0,1.0,1.0,1.0,1.0,1.0,1.0,1.0,1.0,1.0,1.0,1.0,1.0,1.0,1.0,1.0,1.0,1.0,1.0,1.0,1.0,1.0,1.0,1.0,1.0,1.0,1.0,1.0,1.0,1.0,1.0,1.0,1.0,1.0,1.0,1.0,1.0,1.0,1.0,1.0,1.0,1.0,1.0,1.0,1.0,1.0,1.0,1.0,1.0,1.0,1.0,1.0,1.0,1.0,1.0,1.0,1.0,1.0,1.0,1.0,1.0,1.0,1.0,1.0,1.0,1.0,1.0,1.0,1.0,1.0,1.0,1.0,1.0,1.0,1.0,1.0,1.0,1.0,1.0,1.0,1.0,1.0,1.0,1.0,1.0,1.0,1.0,1.0,1.0,1.0,1.0,1.0,1.0,1.0,1.0,1.0,1.0,1.0,1.0,1.0,1.0,1.0,1.0,1.0,1.0,1.0,1.0,1.0,1.0,1.0,1.0,1.0,1.0,1.0,1.0,1.0,1.0,1.0,1.0,1.0,1.0,1.0,1.0,1.0,1.0,1.0,1.0,1.0,1.0,1.0,1.0,1.0,1.0,1.0,1.0,1.0,1.0,1.0,1.0,1.0,1.0,1.0,1.0,1.0,1.0,1.0,1.0,1.0,1.0,1.0,1.0,1.0,1.0,1.0,1.0,1.0,1.0,1.0,1.0,1.0,1.0,1.0,1.0,1.0,1.0,1.0,1.0,1.0,1.0,1.0,1.0,1.0,1.0,1.0,1.0,1.0,1.0,1.0,1.0,1.0,1.0,1.0,1.0,1.0,1.0,1.0,1.0,1.0,1.0,1.0,1.0,1.0,1.0,1.0,1.0,1.0,1.0,1.0,1.0,1.0,1.0,1.0,1.0,1.0,1.0,1.0,1.0,1.0,1.0,1.0,1.0,1.0,1.0,1.0,1.0,1.0,1.0,1.0,1.0,1.0,1.0,1.0,1.0,1.0,1.0,1.0,1.0,1.0,1.0,1.0,1.0,1.0,1.0,1.0,1.0,1.0,1.0,1.0,1.0,1.0,1.0,1.0,1.0,1.0,1.0,1.0,1.0,1.0,1.0,1.0,1.0,1.0,1.0,1.0,1.0,1.0,1.0,1.0,1.0,1.0,1.0,1.0,1.0,1.0,1.0,1.0,1.0,1.0,1.0,1.0,1.0,1.0,1.0,1.0,1.0,1.0,1.0,1.0,1.0,1.0,1.0,1.0,1.0,1.0,1.0,1.0,1.0,1.0,1.0,1.0,1.0,1.0,1.0,1.0,1.0,1.0,1.0,1.0,1.0,1.0,1.0,1.0,1.0,1.0,1.0,1.0,1.0,1.0,1.0,1.0,1.0,1.0,1.0,1.0,1.0,1.0,1.0,1.0,1.0,1.0,1.0,1.0,1.0,1.0,1.0,1.0,1.0,1.0,1.0,1.0,1.0,1.0,1.0,1.0,1.0,1.0,1.0,1.0,1.0,1.0,1.0,1.0,1.0,1.0,1.0,1.0,1.0,1.0,1.0,1.0,1.0,1.0,1.0,1.0,1.0,1.0,1.0,1.0,1.0,1.0,1.0,1.0,1.0,1.0,1.0,1.0,1.0,1.0,1.0,1.0,1.0,1.0,1.0,1.0,1.0,1.0,1.0,1.0,1.0,1.0,1.0,1.0,1.0,1.0,1.0,1.0,1.0,1.0,1.0,1.0,1.0,1.0,1.0,1.0,1.0,1.0,1.0,1.0,1.0,1.0,1.0,1.0,1.0,1.0,1.0,1.0,1.0,1.0,1.0,1.0,1.0,1.0,1.0,1.0,1.0,1.0,1.0,1.0,1.0,1.0,1.0,1.0,1.0,1.0,1.0,1.0,1.0,1.0,1.0,1.0,1.0,1.0,1.0,1.0,1.0,1.0,1.0,1.0,1.0,1.0,1.0,1.0,1.0,1.0,1.0,1.0,1.0,1.0,1.0,1.0,1.0,1.0,1.0,1.0,1.0,1.0,1.0,1.0,1.0,1.0,1.0,1.0,1.0,1.0,1.0,1.0,1.0,1.0,1.0,1.0,1.0,1.0,1.0,1.0,1.0,1.0,1.0,1.0,1.0,1.0,1.0,1.0,1.0,1.0,1.0,1.0,1.0,1.0,1.0,1.0,1.0,1.0,1.0,1.0,1.0,1.0,1.0,1.0,1.0,1.0,1.0,1.0,1.0,1.0,1.0,1.0,1.0,1.0,1.0,1.0,1.0,1.0,1.0,1.0,1.0,1.0,1.0,1.0,1.0,1.0,1.0,1.0,1.0,1.0,1.0,1.0,1.0,1.0,1.0,1.0,1.0,1.0,1.0,1.0,1.0,1.0,1.0,1.0,1.0,1.0,1.0,1.0,1.0,1.0,1.0,1.0,1.0,1.0,1.0,1.0,1.0,1.0,1.0,1.0,1.0,1.0,1.0,1.0,1.0,1.0,1.0,1.0,1.0,1.0,1.0,1.0,1.0,1.0,1.0,1.0,1.0,1.0,1.0,1.0,1.0,1.0,1.0,1.0,1.0,1.0,1.0,1.0,1.0,1.0,1.0,1.0,1.0,1.0,1.0,1.0,1.0,1.0,1.0,1.0,1.0,1.0,1.0,1.0,1.0,1.0,1.0,1.0,1.0,1.0,1.0,1.0,1.0,1.0,1.0,1.0,1.0,1.0,1.0,1.0,1.0,1.0,1.0,1.0,1.0,1.0,1.0,1.0,1.0,1.0,1.0,1.0,1.0,1.0,1.0,1.0,1.0,1.0,1.0,1.0,1.0,1.0,1.0,1.0,1.0,1.0,1.0,1.0,1.0,1.0,1.0,1.0,1.0,1.0,1.0,1.0,1.0,1.0,1.0,1.0,1.0,1.0,1.0,1.0,1.0,1.0,1.0,1.0,1.0,1.0,1.0,1.0,1.0,1.0,1.0,1.0,1.0,1.0,1.0,1.0,1.0,1.0,1.0,1.0,1.0,1.0,1.0,1.0,1.0,1.0,1.0,1.0,1.0,1.0,1.0,1.0,1.0,1.0,1.0,1.0,1.0,1.0,1.0,1.0,1.0,1.0,1.0,1.0,1.0,1.0,1.0,1.0,1.0,1.0,1.0,1.0,1.0,1.0,1.0,1.0,1.0,1.0,1.0,1.0,1.0,1.0,1.0,1.0,1.0,1.0,1.0,1.0,1.0,1.0,1.0,1.0,1.0,1.0,1.0,1.0,1.0,1.0,1.0,1.0,1.0,1.0,1.0,1.0,1.0,1.0,1.0,1.0,1.0,1.0,1.0,1.0,1.0,1.0,1.0,1.0,1.0,1.0,1.0,1.0,1.0,1.0,1.0,1.0,1.0,1.0,1.0,1.0,1.0,1.0,1.0,1.0,1.0,1.0,1.0,1.0,1.0,1.0,1.0,1.0,1.0,1.0,1.0,1.0,1.0,1.0,1.0,1.0,1.0,1.0,1.0,1.0,1.0,1.0,1.0,1.0,1.0,1.0,1.0,1.0,1.0,1.0,1.0,1.0,1.0,1.0,1.0,1.0,1.0,1.0,1.0,1.0,1.0,1.0,1.0,1.0,1.0,1.0,1.0,1.0,1.0,1.0,1.0,1.0,1.0,1.0,1.0,1.0,1.0,1.0,1.0,1.0,1.0,1.0,1.0,1.0,1.0,1.0,1.0,1.0,1.0,1.0,1.0,1.0,1.0,1.0,1.0,1.0,1.0,1.0,1.0,1.0,1.0,1.0,1.0,1.0,1.0,1.0,1.0,1.0,1.0,1.0,1.0,1.0,1.0,1.0,1.0,1.0,1.0,1.0,1.0,1.0,1.0,1.0,1.0,1.0,1.0,1.0,1.0,1.0,1.0,1.0,1.0,1.0,1.0,1.0,1.0,1.0,1.0,1.0,1.0,1.0,1.0,1.0,1.0,1.0,1.0,1.0,1.0,1.0,1.0,1.0,1.0,1.0,1.0,1.0,1.0,1.0,1.0,1.0,1.0,1.0,1.0,1.0,1.0,1.0,1.0,1.0,1.0,1.0,1.0,1.0,1.0,1.0,1.0,1.0,1.0,1.0,1.0,1.0,1.0,1.0,1.0,1.0,1.0,1.0,1.0,1.0,1.0,1.0,1.0,1.0,1.0,1.0,1.0,1.0,1.0,1.0,1.0,1.0,1.0,1.0,1.0,1.0,1.0,1.0,1.0,1.0,1.0,1.0,1.0,1.0,1.0,1.0,1.0,1.0,1.0,1.0,1.0,1.0,1.0,1.0,1.0,1.0,1.0,1.0,1.0,1.0,1.0,1.0,1.0,1.0,1.0,1.0,1.0,1.0,1.0,1.0,1.0,1.0,1.0,1.0,1.0,1.0,1.0,1.0,1.0,1.0,1.0,1.0,1.0,1.0,1.0,1.0,1.0,1.0,1.0,1.0,1.0,1.0,1.0,1.0,1.0,1.0,1.0,1.0,1.0,1.0,1.0,1.0,1.0,1.0,1.0,1.0,1.0,1.0,1.0,1.0,1.0,1.0,1.0,1.0,1.0,1.0,1.0,1.0,1.0,1.0,1.0,1.0,1.0,1.0,1.0,1.0,1.0,1.0,1.0,1.0,1.0,1.0,1.0,1.0,1.0,1.0,1.0,1.0,1.0,1.0,1.0,1.0,1.0,1.0,1.0,1.0,1.0,1.0,1.0,1.0,1.0,1.0,1.0,1.0,1.0,1.0,1.0,1.0,1.0,1.0,1.0,1.0,1.0,1.0,1.0,1.0,1.0,1.0,1.0,1.0,1.0,1.0,1.0,1.0,1.0,1.0,1.0,1.0,1.0,1.0,1.0,1.0,1.0,1.0,1.0,1.0,1.0,1.0,1.0,1.0,1.0,1.0,1.0,1.0,1.0,1.0,1.0,1.0,1.0,1.0,1.0,1.0,1.0,1.0,1.0,1.0,1.0,1.0,1.0,1.0,1.0,1.0,1.0,1.0,1.0,1.0,1.0,1.0,1.0,1.0,1.0,1.0,1.0,1.0,1.0,1.0,1.0,1.0,1.0,1.0,1.0,1.0,1.0,1.0,1.0,1.0,1.0,1.0,1.0,1.0,1.0,1.0,1.0,1.0,1.0,1.0,1.0,1.0,1.0,1.0,1.0,1.0,1.0,1.0,1.0,1.0,1.0,1.0,1.0,1.0,1.0,1.0,1.0,1.0,1.0,1.0,1.0,1.0,1.0,1.0,1.0,1.0,1.0,1.0,1.0,1.0,1.0,1.0,1.0,1.0,1.0,1.0,1.0,1.0,1.0,1.0,1.0,1.0,1.0,1.0,1.0,1.0,1.0,1.0,1.0,1.0,1.0,1.0,1.0,1.0,1.0,1.0,1.0,1.0,1.0,1.0,1.0,1.0,1.0,1.0,1.0,1.0,1.0,1.0,1.0,1.0,1.0,1.0,1.0,1.0,1.0,1.0,1.0,1.0,1.0,1.0,1.0,1.0,1.0,1.0,1.0,1.0,1.0,1.0,1.0,1.0,1.0,1.0,1.0,1.0,1.0,1.0,1.0,1.0,1.0,1.0,1.0,1.0,1.0,1.0,1.0,1.0,1.0,1.0,1.0,1.0,1.0,1.0,1.0,1.0,1.0,1.0,1.0,1.0,1.0,1.0,1.0,1.0,1.0,1.0,1.0,1.0,1.0,1.0,1.0,1.0,1.0,1.0,1.0,1.0,1.0,1.0,1.0,1.0,1.0,1.0,1.0,1.0,1.0,1.0,1.0,1.0,1.0,1.0,1.0,1.0,1.0,1.0,1.0,1.0,1.0,1.0,1.0,1.0,1.0,1.0,1.0,1.0,1.0,1.0,1.0,1.0,1.0,1.0,1.0,1.0,1.0,1.0,1.0,1.0,1.0,1.0,1.0,1.0,1.0,1.0,1.0,1.0,1.0,1.0,1.0,1.0,1.0,1.0,1.0,1.0,1.0,1.0,1.0,1.0,1.0,1.0,1.0,1.0,1.0,1.0,1.0,1.0,1.0,1.0,1.0,1.0,1.0,1.0,1.0,1.0,1.0,1.0,1.0,1.0,1.0,1.0,1.0,1.0,1.0,1.0,1.0,1.0,1.0,1.0,1.0,1.0,1.0,1.0,1.0,1.0,1.0,1.0,1.0,1.0,1.0,1.0,1.0,1.0,1.0,1.0,1.0,1.0,1.0,1.0,1.0,1.0,1.0,1.0,1.0,1.0,1.0,1.0,1.0,1.0,1.0,1.0,1.0,1.0,1.0,1.0,1.0,1.0,1.0,1.0,1.0,1.0,1.0,1.0,1.0,1.0,1.0,1.0,1.0,1.0,1.0,1.0,1.0,1.0,1.0,1.0,1.0,1.0,1.0,1.0,1.0,1.0,1.0,1.0,1.0,1.0,1.0,1.0,1.0,1.0,1.0,1.0,1.0,1.0,1.0,1.0,1.0,1.0,1.0,1.0,1.0,1.0,1.0,1.0,1.0,1.0,1.0,1.0,1.0,1.0,1.0,1.0,1.0,1.0,1.0,1.0,1.0,1.0,1.0,1.0,1.0,1.0,1.0,1.0,1.0,1.0,1.0,1.0,1.0,1.0,1.0,1.0,1.0,1.0,1.0,1.0,1.0,1.0,1.0,1.0,1.0,1.0,1.0,1.0,1.0,1.0,1.0,1.0,1.0,1.0,1.0,1.0,1.0,1.0,1.0,1.0,1.0,1.0,1.0,1.0,1.0,1.0,1.0,1.0,1.0,1.0,1.0,1.0,1.0,1.0,1.0,1.0,1.0,1.0,1.0,1.0,1.0,1.0,1.0,1.0,1.0,1.0,1.0,1.0,1.0,1.0,1.0,1.0,1.0,1.0,1.0,1.0,1.0,1.0,1.0,1.0,1.0,1.0,1.0,1.0,1.0,1.0,1.0,1.0,1.0,1.0,1.0,1.0,1.0,1.0,1.0,1.0,1.0,1.0,1.0,1.0,1.0,1.0,1.0,1.0,1.0,1.0,1.0,1.0,1.0,1.0,1.0,1.0,1.0,1.0,1.0,1.0,1.0,1.0,1.0,1.0,1.0,1.0,1.0,1.0,1.0,1.0,1.0,1.0,1.0,1.0,1.0,1.0,1.0,1.0,1.0,1.0,1.0,1.0,1.0,1.0,1.0,1.0,1.0,1.0,1.0,1.0,1.0,1.0,1.0,1.0,1.0,1.0,1.0,1.0,1.0,1.0,1.0,1.0,1.0,1.0,1.0,1.0,1.0,1.0,1.0,1.0,1.0,1.0,1.0,1.0,1.0,1.0,1.0,1.0,1.0,1.0,1.0,1.0,1.0,1.0,1.0,1.0,1.0,1.0,1.0,1.0,1.0,1.0,1.0,1.0,1.0,1.0,1.0,1.0,1.0,1.0,1.0,1.0,1.0,1.0,1.0,1.0,1.0,1.0,1.0,1.0,1.0,1.0,1.0,1.0,1.0,1.0,1.0,1.0,1.0,1.0,1.0,1.0,1.0,1.0,1.0,1.0,1.0,1.0,1.0,1.0,1.0,1.0,1.0,1.0,1.0,1.0,1.0,1.0,1.0,1.0,1.0,1.0,1.0,1.0,1.0,1.0,1.0,1.0,1.0,1.0,1.0,1.0,1.0,1.0,1.0,1.0,1.0,1.0,1.0,1.0,1.0,1.0,1.0,1.0,1.0,1.0,1.0,1.0,1.0,1.0,1.0,1.0,1.0,1.0,1.0,1.0,1.0,1.0,1.0,1.0,1.0,1.0,1.0,1.0,1.0,1.0,1.0,1.0,1.0,1.0,1.0,1.0,1.0,1.0,1.0,1.0,1.0,1.0,1.0,1.0,1.0,1.0,1.0,1.0,1.0,1.0,1.0,1.0,1.0,1.0,1.0,1.0,1.0,1.0,1.0,1.0,1.0,1.0,1.0,1.0,1.0,1.0,1.0,1.0,1.0,1.0,1.0,1.0,1.0,1.0,1.0,1.0,1.0,1.0,1.0,1.0,1.0,1.0,1.0,1.0,1.0,1.0,1.0,1.0,1.0,1.0,1.0,1.0,1.0,1.0,1.0,1.0,1.0,1.0,1.0,1.0,1.0,1.0,1.0,1.0,1.0,1.0,1.0,1.0,1.0,1.0,1.0,1.0,1.0,1.0,1.0,1.0,1.0,1.0,1.0,1.0,1.0,1.0,1.0,1.0,1.0,1.0,1.0,1.0,1.0,1.0,1.0,1.0,1.0,1.0,1.0,1.0,1.0,1.0,1.0,1.0,1.0,1.0,1.0,1.0,1.0,1.0,1.0,1.0,1.0,1.0,1.0,1.0,1.0,1.0,1.0,1.0,1.0,1.0,1.0,1.0,1.0,1.0,1.0,1.0,1.0,1.0,1.0,1.0,1.0,1.0,1.0,1.0,1.0,1.0,1.0,1.0,1.0,1.0,1.0,1.0,1.0,1.0,1.0,1.0,1.0,1.0,1.0,1.0,1.0,1.0,1.0,1.0,1.0,1.0,1.0,1.0,1.0,1.0,1.0,1.0,1.0,1.0,1.0,1.0,1.0,1.0,1.0,1.0,1.0,1.0,1.0,1.0,1.0,1.0,1.0,1.0,1.0,1.0,1.0,1.0,1.0,1.0,1.0,1.0,1.0,1.0,1.0,1.0,1.0,1.0,1.0,1.0,1.0,1.0,1.0,1.0,1.0,1.0,1.0,1.0,1.0,1.0,1.0,1.0,1.0,1.0,1.0,1.0,1.0,1.0,1.0,1.0,1.0,1.0,1.0,1.0,1.0,1.0,1.0,1.0,1.0,1.0,1.0,1.0,1.0,1.0,1.0,1.0,1.0,1.0,1.0,1.0,1.0,1.0,1.0,1.0,1.0,1.0,1.0,1.0,1.0,1.0,1.0,1.0,1.0,1.0,1.0,1.0,1.0,1.0,1.0,1.0,1.0,1.0,1.0,1.0,1.0,1.0,1.0,1.0,1.0,1.0,1.0,1.0,1.0,1.0,1.0,1.0,1.0,1.0,1.0,1.0,1.0,1.0,1.0,1.0,1.0,1.0,1.0,1.0,1.0,1.0,1.0,1.0,1.0,1.0,1.0,1.0,1.0,1.0,1.0,1.0,1.0,1.0,1.0,1.0,1.0,1.0,1.0,1.0,1.0,1.0,1.0,1.0,1.0,1.0,1.0,1.0,1.0,1.0,1.0,1.0,1.0,1.0,1.0,1.0,1.0,1.0,1.0,1.0,1.0,1.0,1.0,1.0,1.0,1.0,1.0,1.0,1.0,1.0,1.0,1.0,1.0,1.0,1.0,1.0,1.0,1.0,1.0,1.0,1.0,1.0,1.0,1.0,1.0,1.0,1.0,1.0,1.0,1.0,1.0,1.0,1.0,1.0,1.0,1.0,1.0,1.0,1.0,1.0,1.0,1.0,1.0,1.0,1.0,1.0,1.0,1.0,1.0,1.0,1.0,1.0,1.0,1.0,1.0,1.0,1.0,1.0,1.0,1.0,1.0,1.0,1.0,1.0,1.0,1.0,1.0,1.0,1.0,1.0,1.0,1.0,1.0,1.0,1.0,1.0,1.0,1.0,1.0,1.0,1.0,1.0,1.0,1.0,1.0,1.0,1.0,1.0,1.0,1.0,1.0,1.0,1.0,1.0,1.0,1.0,1.0,1.0,1.0,1.0,1.0,1.0,1.0,1.0,1.0,1.0,1.0,1.0,1.0,1.0,1.0,1.0,1.0,1.0,1.0,1.0,1.0,1.0,1.0,1.0,1.0,1.0,1.0,1.0,1.0,1.0,1.0,1.0,1.0,1.0,1.0,1.0,1.0,1.0,1.0,1.0,1.0,1.0,1.0,1.0,1.0,1.0,1.0,1.0,1.0,1.0,1.0,1.0,1.0,1.0,1.0,1.0,1.0,1.0,1.0,1.0,1.0,1.0,1.0,1.0,1.0,1.0,1.0,1.0,1.0,1.0,1.0,1.0,1.0,1.0,1.0,1.0,1.0,1.0,1.0,1.0,1.0,1.0,1.0,1.0,1.0,1.0,1.0,1.0,1.0,1.0,1.0,1.0,1.0,1.0,1.0,1.0,1.0,1.0,1.0,1.0,1.0,1.0,1.0,1.0,1.0,1.0,1.0,1.0,1.0,1.0,1.0,1.0,1.0,1.0,1.0,1.0,1.0,1.0,1.0,1.0,1.0,1.0,1.0,1.0,1.0,1.0,1.0,1.0,1.0,1.0,1.0,1.0,1.0,1.0,1.0,1.0,1.0,1.0,1.0,1.0,1.0,1.0,1.0,1.0,1.0,1.0,1.0,1.0,1.0,1.0,1.0,1.0,1.0,1.0,1.0,1.0,1.0,1.0,1.0,1.0,1.0,1.0,1.0,1.0,1.0,1.0,1.0,1.0,1.0,1.0,1.0,1.0,1.0,1.0,1.0,1.0,1.0,1.0,1.0,1.0,1.0,1.0,1.0,1.0,1.0,1.0,1.0,1.0,1.0,1.0,1.0,1.0,1.0,1.0,1.0,1.0,1.0,1.0,1.0,1.0,1.0,1.0,1.0,1.0,1.0,1.0,1.0,1.0,1.0,1.0,1.0,1.0,1.0,1.0,1.0,1.0,1.0,1.0,1.0,1.0,1.0,1.0,1.0,1.0,1.0,1.0,1.0,1.0,1.0,1.0,1.0,1.0,1.0,1.0,1.0,1.0,1.0,1.0,1.0,1.0,1.0,1.0,1.0,1.0,1.0,1.0,1.0,1.0,1.0,1.0,1.0,1.0,1.0,1.0,1.0,1.0,1.0,1.0,1.0,1.0,1.0,1.0,1.0,1.0,1.0,1.0,1.0,1.0,1.0,1.0,1.0,1.0,1.0,1.0,1.0,1.0,1.0,1.0,1.0,1.0,1.0,1.0,1.0,1.0,1.0,1.0,1.0,1.0,1.0,1.0,1.0,1.0,1.0,1.0,1.0,1.0,1.0,1.0,1.0,1.0,1.0,1.0,1.0,1.0,1.0,1.0,1.0,1.0,1.0,1.0,1.0,1.0,1.0,1.0,1.0,1.0,1.0,1.0,1.0,1.0,1.0,1.0,1.0,1.0,1.0,1.0,1.0,1.0,1.0,1.0,1.0,1.0,1.0,1.0,1.0,1.0,1.0,1.0,1.0,1.0,1.0,1.0,1.0,1.0,1.0,1.0,1.0,1.0,1.0,1.0,1.0,1.0,1.0,1.0,1.0,1.0,1.0,1.0,1.0,1.0,1.0,1.0,1.0,1.0,1.0,1.0,1.0,1.0,1.0,1.0,1.0,1.0,1.0,1.0,1.0,1.0,1.0,1.0,1.0,1.0,1.0,1.0,1.0,1.0,1.0,1.0,1.0,1.0,1.0,1.0,1.0,1.0,1.0,1.0,1.0,1.0,1.0,1.0,1.0,1.0,1.0,1.0,1.0,1.0,1.0,1.0,1.0,1.0,1.0,1.0,1.0,1.0,1.0,1.0,1.0,1.0,1.0,1.0,1.0,1.0,1.0,1.0,1.0,1.0,1.0,1.0,1.0,1.0,1.0,1.0,1.0,1.0,1.0,1.0,1.0,1.0,1.0,1.0,1.0,1.0,1.0,1.0,1.0,1.0,1.0,1.0,1.0,1.0,1.0,1.0,1.0,1.0,1.0,1.0,1.0,1.0,1.0,1.0,1.0,1.0,1.0,1.0,1.0,1.0,1.0,1.0,1.0,1.0,1.0,1.0,1.0,1.0,1.0,1.0,1.0,1.0,1.0,1.0,1.0,1.0,1.0,1.0,1.0,1.0,1.0,1.0,1.0,1.0,1.0,1.0,1.0,1.0,1.0,1.0,1.0,1.0,1.0,1.0,1.0,1.0,1.0,1.0,1.0,1.0,1.0,1.0,1.0,1.0,1.0,1.0,1.0,1.0,1.0,1.0,1.0,1.0,1.0,1.0,1.0,1.0,1.0,1.0,1.0,1.0,1.0,1.0,1.0,1.0,1.0,1.0,1.0,1.0,1.0,1.0,1.0,1.0,1.0,1.0,1.0,1.0,1.0,1.0,1.0,1.0,1.0,1.0,1.0,1.0,1.0,1.0,1.0,1.0,1.0,1.0,1.0,1.0,1.0,1.0,1.0,1.0,1.0,1.0,1.0,1.0,1.0,1.0,1.0,1.0,1.0,1.0,1.0,1.0,1.0,1.0,1.0,1.0,1.0,1.0,1.0,1.0,1.0,1.0,1.0,1.0,1.0,1.0,1.0,1.0,1.0,1.0,1.0,1.0,1.0,1.0,1.0,1.0,1.0,1.0,1.0,1.0,1.0,1.0,1.0,1.0,1.0,1.0,1.0,1.0,1.0,1.0,1.0,1.0,1.0,1.0,1.0,1.0,1.0,1.0,1.0,1.0,1.0,1.0,1.0,1.0,1.0,1.0,1.0,1.0,1.0,1.0,1.0,1.0,1.0,1.0,1.0,1.0,1.0,1.0,1.0,1.0,1.0,1.0,1.0,1.0,1.0,1.0,1.0,1.0,1.0,1.0,1.0,1.0,1.0,1.0,1.0,1.0,1.0,1.0,1.0,1.0,1.0,1.0,1.0,1.0,1.0,1.0,1.0,1.0,1.0,1.0,1.0,1.0,1.0,1.0,1.0,1.0,1.0,1.0,1.0,1.0,1.0,1.0,1.0,1.0,1.0,1.0,1.0,1.0,1.0,1.0,1.0,1.0,1.0,1.0,1.0,1.0,1.0,1.0,1.0,1.0,1.0,1.0,1.0,1.0,1.0,1.0,1.0,1.0,1.0,1.0,1.0,1.0,1.0,1.0,1.0,1.0,1.0,1.0,1.0,1.0,1.0,1.0,1.0,1.0,1.0,1.0,1.0,1.0,1.0,1.0,1.0,1.0,1.0,1.0,1.0,1.0,1.0,1.0,1.0,1.0,1.0,1.0,1.0,1.0,1.0,1.0,1.0,1.0,1.0,1.0,1.0,1.0,1.0,1.0,1.0,1.0,1.0,1.0,1.0,1.0,1.0,1.0,1.0,1.0,1.0,1.0,1.0,1.0,1.0,1.0,1.0,1.0,1.0,1.0,1.0,1.0,1.0,1.0,1.0,1.0,1.0,1.0,1.0,1.0,1.0,1.0,1.0,1.0,1.0,1.0,1.0,1.0,1.0,1.0,1.0,1.0,1.0,1.0,1.0,1.0,1.0,1.0,1.0,1.0,1.0,1.0,1.0,1.0,1.0,1.0,1.0,1.0,1.0,1.0,1.0,1.0,1.0,1.0,1.0,1.0,1.0,1.0,1.0,1.0,1.0,1.0,1.0,1.0,1.0,1.0,1.0,1.0,1.0,1.0,1.0,1.0,1.0,1.0,1.0,1.0,1.0,1.0,1.0,1.0,1.0,1.0,1.0,1.0,1.0,1.0,1.0,1.0,1.0,1.0,1.0,1.0,1.0,1.0,1.0,1.0,1.0,1.0,1.0,1.0,1.0,1.0,1.0,1.0,1.0,1.0,1.0,1.0,1.0,1.0,1.0,1.0,1.0,1.0,1.0,1.0,1.0,1.0,1.0,1.0,1.0,1.0,1.0,1.0,1.0,1.0,1.0,1.0,1.0,1.0,1.0,1.0,1.0,1.0,1.0,1.0,1.0,1.0,1.0,1.0,1.0,1.0,1.0,1.0,1.0,1.0,1.0,1.0,1.0,1.0,1.0,1.0,1.0,1.0,1.0,1.0,1.0,1.0,1.0,1.0,1.0,1.0,1.0,1.0,1.0,1.0,1.0,1.0,1.0,1.0,1.0,1.0,1.0,1.0,1.0,1.0,1.0,1.0,1.0,1.0,1.0,1.0,1.0,1.0,1.0,1.0,1.0,1.0,1.0,1.0,1.0,1.0,1.0,1.0,1.0,1.0,1.0,1.0,1.0,1.0,1.0,1.0,1.0,1.0,1.0,1.0,1.0,1.0,1.0,1.0,1.0,1.0,1.0,1.0,1.0,1.0,1.0,1.0,1.0,1.0,1.0,1.0,1.0,1.0,1.0,1.0,1.0,1.0,1.0,1.0,1.0,1.0,1.0,1.0,1.0,1.0,1.0,1.0,1.0,1.0,1.0,1.0,1.0,1.0,1.0,1.0,1.0,1.0,1.0,1.0,1.0,1.0,1.0,1.0,1.0,1.0,1.0,1.0,1.0,1.0,1.0,1.0,1.0,1.0,1.0,1.0,1.0,1.0,1.0,1.0,1.0,1.0,1.0,1.0,1.0,1.0,1.0,1.0,1.0,1.0,1.0,1.0,1.0,1.0,1.0,1.0,1.0,1.0,1.0,1.0,1.0,1.0,1.0,1.0,1.0,1.0,1.0,1.0,1.0,1.0,1.0,1.0,1.0,1.0,1.0,1.0,1.0,1.0,1.0,1.0,1.0,1.0,1.0,1.0,1.0,1.0,1.0,1.0,1.0,1.0,1.0,1.0,1.0,1.0,1.0,1.0,1.0,1.0,1.0,1.0,1.0,1.0,1.0,1.0,1.0,1.0,1.0,1.0,1.0,1.0,1.0,1.0,1.0,1.0,1.0,1.0,1.0,1.0,1.0,1.0,1.0,1.0,1.0,1.0,1.0,1.0,1.0,1.0,1.0,1.0,1.0,1.0,1.0,1.0,1.0,1.0,1.0,1.0,1.0,1.0,1.0,1.0,1.0,1.0,1.0,1.0,1.0,1.0,1.0,1.0,1.0,1.0,1.0,1.0,1.0,1.0,1.0,1.0,1.0,1.0,1.0,1.0,1.0,1.0,1.0,1.0,1.0,1.0,1.0,1.0,1.0,1.0,1.0,1.0,1.0,1.0,1.0,1.0,1.0,1.0,1.0,1.0,1.0,1.0,1.0,1.0,1.0,1.0,1.0,1.0,1.0,1.0,1.0,1.0,1.0,1.0,1.0,1.0,1.0,1.0,1.0,1.0,1.0,1.0,1.0,1.0,1.0,1.0,1.0,1.0,1.0,1.0,1.0,1.0,1.0,1.0,1.0,1.0,1.0,1.0,1.0,1.0,1.0,1.0,1.0,1.0,1.0,1.0,1.0,1.0,1.0,1.0,1.0,1.0,1.0,1.0,1.0,1.0,1.0,1.0,1.0,1.0,1.0,1.0,1.0,1.0,1.0,1.0,1.0,1.0,1.0,1.0,1.0,1.0,1.0,1.0,1.0,1.0,1.0,1.0,1.0,1.0,1.0,1.0,1.0,1.0,1.0,1.0,1.0,1.0,1.0,1.0,1.0,1.0,1.0,1.0,1.0,1.0,1.0,1.0,1.0,1.0,1.0,1.0,1.0,1.0,1.0,1.0,1.0,1.0,1.0,1.0,1.0,1.0,1.0,1.0,1.0,1.0,1.0,1.0,1.0,1.0,1.0,1.0,1.0,1.0,1.0,1.0,1.0,1.0,1.0,1.0,1.0,1.0,1.0,1.0,1.0,1.0,1.0,1.0,1.0,1.0,1.0,1.0,1.0,1.0,1.0,1.0,1.0,1.0,1.0,1.0,1.0,1.0,1.0,1.0,1.0,1.0,1.0,1.0,1.0,1.0,1.0,1.0,1.0,1.0,1.0,1.0,1.0,1.0,1.0,1.0,1.0,1.0,1.0,1.0,1.0,1.0,1.0,1.0,1.0,1.0,1.0,1.0,1.0,1.0,1.0,1.0,1.0,1.0,1.0,1.0,1.0,1.0,1.0,1.0,1.0,1.0,1.0,1.0,1.0,1.0,1.0,1.0,1.0,1.0,1.0,1.0,1.0,1.0,1.0,1.0,1.0,1.0,1.0,1.0,1.0,1.0,1.0,1.0,1.0,1.0,1.0,1.0,1.0,1.0,1.0,1.0,1.0,1.0,1.0,1.0,1.0,1.0,1.0,1.0,1.0,1.0,1.0,1.0,1.0,1.0,1.0,1.0,1.0,1.0,1.0,1.0,1.0,1.0,1.0,1.0,1.0,1.0,1.0,1.0,1.0,1.0,1.0,1.0,1.0,1.0,1.0,1.0,1.0,1.0,1.0,1.0,1.0,1.0,1.0,1.0,1.0,1.0,1.0,1.0,1.0,1.0,1.0,1.0,1.0,1.0,1.0,1.0,1.0,1.0,1.0,1.0,1.0,1.0,1.0,1.0,1.0,1.0,1.0,1.0,1.0,1.0,1.0,1.0,1.0,1.0,1.0,1.0,1.0,1.0,1.0,1.0,1.0,1.0,1.0,1.0,1.0,1.0,1.0,1.0,1.0,1.0,1.0,1.0,1.0,1.0,1.0,1.0,1.0,1.0,1.0,1.0,1.0,1.0,1.0,1.0,1.0,1.0,1.0,1.0,1.0,1.0,1.0,1.0,1.0,1.0,1.0,1.0,1.0,1.0,1.0,1.0,1.0,1.0,1.0,1.0,1.0,1.0,1.0,1.0,1.0,1.0,1.0,1.0,1.0,1.0,1.0,1.0,1.0,1.0,1.0,1.0,1.0,1.0,1.0,1.0,1.0,1.0,1.0,1.0,1.0,1.0,1.0,1.0,1.0,1.0,1.0,1.0,1.0
1.0,1.0,1.0,1.0,1.0,1.0,1.0,1.0,1.0,1.0,1.0,1.0,1.0,1.0,1.0,1.0,1.0,1.0,1.0,1.0,1.0,1.0,1.0,1.0,1.0,1.0,1.0,1.0,1.0,1.0,1.0,1.0,1.0,1.0,1.0,1.0,1.0,1.0,1.0,1.0,1.0,1.0,1.0,1.0,1.0,1.0,1.0,1.0,1.0,1.0,1.0,1.0,1.0,1.0,1.0,1.0,1.0,1.0,1.0,1.0,1.0,1.0,1.0,1.0,1.0,1.0,1.0,1.0,1.0,1.0,1.0,1.0,1.0,1.0,1.0,1.0,1.0,1.0,1.0,1.0,1.0,1.0,1.0,1.0,1.0,1.0,1.0,1.0,1.0,1.0,1.0,1.0,1.0,1.0,1.0,1.0,1.0,1.0,1.0,1.0,1.0,1.0,1.0,1.0,1.0,1.0,1.0,1.0,1.0,1.0,1.0,1.0,1.0,1.0,1.0,1.0,1.0,1.0,1.0,1.0,1.0,1.0,1.0,1.0,1.0,1.0,1.0,1.0,1.0,1.0,1.0,1.0,1.0,1.0,1.0,1.0,1.0,1.0,1.0,1.0,1.0,1.0,1.0,1.0,1.0,1.0,1.0,1.0,1.0,1.0,1.0,1.0,1.0,1.0,1.0,1.0,1.0,1.0,1.0,1.0,1.0,1.0,1.0,1.0,1.0,1.0,1.0,1.0,1.0,1.0,1.0,1.0,1.0,1.0,1.0,1.0,1.0,1.0,1.0,1.0,1.0,1.0,1.0,1.0,1.0,1.0,1.0,1.0,1.0,1.0,1.0,1.0,1.0,1.0,1.0,1.0,1.0,1.0,1.0,1.0,1.0,1.0,1.0,1.0,1.0,1.0,1.0,1.0,1.0,1.0,1.0,1.0,1.0,1.0,1.0,1.0,1.0,1.0,1.0,1.0,1.0,1.0,1.0,1.0,1.0,1.0,1.0,1.0,1.0,1.0,1.0,1.0,1.0,1.0,1.0,1.0,1.0,1.0,1.0,1.0,1.0,1.0,1.0,1.0,1.0,1.0,1.0,1.0,1.0,1.0,1.0,1.0,1.0,1.0,1.0,1.0,1.0,1.0,1.0,1.0,1.0,1.0,1.0,1.0,1.0,1.0,1.0,1.0,1.0,1.0,1.0,1.0,1.0,1.0,1.0,1.0,1.0,1.0,1.0,1.0,1.0,1.0,1.0,1.0,1.0,1.0,1.0,1.0,1.0,1.0,1.0,1.0,1.0,1.0,1.0,1.0,1.0,1.0,1.0,1.0,1.0,1.0,1.0,1.0,1.0,1.0,1.0,1.0,1.0,1.0,1.0,1.0,1.0,1.0,1.0,1.0,1.0,1.0,1.0,1.0,1.0,1.0,1.0,1.0,1.0,1.0,1.0,1.0,1.0,1.0,1.0,1.0,1.0,1.0,1.0,1.0,1.0,1.0,1.0,1.0,1.0,1.0,1.0,1.0,1.0,1.0,1.0,1.0,1.0,1.0,1.0,1.0,1.0,1.0,1.0,1.0,1.0,1.0,1.0,1.0,1.0,1.0,1.0,1.0,1.0,1.0,1.0,1.0,1.0,1.0,1.0,1.0,1.0,1.0,1.0,1.0,1.0,1.0,1.0,1.0,1.0,1.0,1.0,1.0,1.0,1.0,1.0,1.0,1.0,1.0,1.0,1.0,1.0,1.0,1.0,1.0,1.0,1.0,1.0,1.0,1.0,1.0,1.0,1.0,1.0,1.0,1.0,1.0,1.0,1.0,1.0,1.0,1.0,1.0,1.0,1.0,1.0,1.0,1.0,1.0,1.0,1.0,1.0,1.0,1.0,1.0,1.0,1.0,1.0,1.0,1.0,1.0,1.0,1.0,1.0,1.0,1.0,1.0,1.0,1.0,1.0,1.0,1.0,1.0,1.0,1.0,1.0,1.0,1.0,1.0,1.0,1.0,1.0,1.0,1.0,1.0,1.0,1.0,1.0,1.0,1.0,1.0,1.0,1.0,1.0,1.0,1.0,1.0,1.0,1.0,1.0,1.0,1.0,1.0,1.0,1.0,1.0,1.0,1.0,1.0,1.0,1.0,1.0,1.0,1.0,1.0,1.0,1.0,1.0,1.0,1.0,1.0,1.0,1.0,1.0,1.0,1.0,1.0,1.0,1.0,1.0,1.0,1.0,1.0,1.0,1.0,1.0,1.0,1.0,1.0,1.0,1.0,1.0,1.0,1.0,1.0,1.0,1.0,1.0,1.0,1.0,1.0,1.0,1.0,1.0,1.0,1.0,1.0,1.0,1.0,1.0,1.0,1.0,1.0,1.0,1.0,1.0,1.0,1.0,1.0,1.0,1.0,1.0,1.0,1.0,1.0,1.0,1.0,1.0,1.0,1.0,1.0,1.0,1.0,1.0,1.0,1.0,1.0,1.0,1.0,1.0,1.0,1.0,1.0,1.0,1.0,1.0,1.0,1.0,1.0,1.0,1.0,1.0,1.0,1.0,1.0,1.0,1.0,1.0,1.0,1.0,1.0,1.0,1.0,1.0,1.0,1.0,1.0,1.0,1.0,1.0,1.0,1.0,1.0,1.0,1.0,1.0,1.0,1.0,1.0,1.0,1.0,1.0,1.0,1.0,1.0,1.0,1.0,1.0,1.0,1.0,1.0,1.0,1.0,1.0,1.0,1.0,1.0,1.0,1.0,1.0,1.0,1.0,1.0,1.0,1.0,1.0,1.0,1.0,1.0,1.0,1.0,1.0,1.0,1.0,1.0,1.0,1.0,1.0,1.0,1.0,1.0,1.0,1.0,1.0,1.0,1.0,1.0,1.0,1.0,1.0,1.0,1.0,1.0,1.0,1.0,1.0,1.0,1.0,1.0,1.0,1.0,1.0,1.0,1.0,1.0,1.0,1.0,1.0,1.0,1.0,1.0,1.0,1.0,1.0,1.0,1.0,1.0,1.0,1.0,1.0,1.0,1.0,1.0,1.0,1.0,1.0,1.0,1.0,1.0,1.0,1.0,1.0,1.0,1.0,1.0,1.0,1.0,1.0,1.0,1.0,1.0,1.0,1.0,1.0,1.0,1.0,1.0,1.0,1.0,1.0,1.0,1.0,1.0,1.0,1.0,1.0,1.0,1.0,1.0,1.0,1.0,1.0,1.0,1.0,1.0,1.0,1.0,1.0,1.0,1.0,1.0,1.0,1.0,1.0,1.0,1.0,1.0,1.0,1.0,1.0,1.0,1.0,1.0,1.0,1.0,1.0,1.0,1.0,1.0,1.0,1.0,1.0,1.0,1.0,1.0,1.0,1.0,1.0,1.0,1.0,1.0,1.0,1.0,1.0,1.0,1.0,1.0,1.0,1.0,1.0,1.0,1.0,1.0,1.0,1.0,1.0,1.0,1.0,1.0,1.0,1.0,1.0,1.0,1.0,1.0,1.0,1.0,1.0,1.0,1.0,1.0,1.0,1.0,1.0,1.0,1.0,1.0,1.0,1.0,1.0,1.0,1.0,1.0,1.0,1.0,1.0,1.0,1.0,1.0,1.0,1.0,1.0,1.0,1.0,1.0,1.0,1.0,1.0,1.0,1.0,1.0,1.0,1.0,1.0,1.0,1.0,1.0,1.0,1.0,1.0,1.0,1.0,1.0,1.0,1.0,1.0,1.0,1.0,1.0,1.0,1.0,1.0,1.0,1.0,1.0,1.0,1.0,1.0,1.0,1.0,1.0,1.0,1.0,1.0,1.0,1.0,1.0,1.0,1.0,1.0,1.0,1.0,1.0,1.0,1.0,1.0,1.0,1.0,1.0,1.0,1.0,1.0,1.0,1.0,1.0,1.0,1.0,1.0,1.0,1.0,1.0,1.0,1.0,1.0,1.0,1.0,1.0,1.0,1.0,1.0,1.0,1.0,1.0,1.0,1.0,1.0,1.0,1.0,1.0,1.0,1.0,1.0,1.0,1.0,1.0,1.0,1.0,1.0,1.0,1.0,1.0,1.0,1.0,1.0,1.0,1.0,1.0,1.0,1.0,1.0,1.0,1.0,1.0,1.0,1.0,1.0,1.0,1.0,1.0,1.0,1.0,1.0,1.0,1.0,1.0,1.0,1.0,1.0,1.0,1.0,1.0,1.0,1.0,1.0,1.0,1.0,1.0,1.0,1.0,1.0,1.0,1.0,1.0,1.0,1.0,1.0,1.0,1.0,1.0,1.0,1.0,1.0,1.0,1.0,1.0,1.0,1.0,1.0,1.0,1.0,1.0,1.0,1.0,1.0,1.0,1.0,1.0,1.0,1.0,1.0,1.0,1.0,1.0,1.0,1.0,1.0,1.0,1.0,1.0,1.0,1.0,1.0,1.0,1.0,1.0,1.0,1.0,1.0,1.0,1.0,1.0,1.0,1.0,1.0,1.0,1.0,1.0,1.0,1.0,1.0,1.0,1.0,1.0,1.0,1.0,1.0,1.0,1.0,1.0,1.0,1.0,1.0,1.0,1.0,1.0,1.0,1.0,1.0,1.0,1.0,1.0,1.0,1.0,1.0,1.0,1.0,1.0,1.0,1.0,1.0,1.0,1.0,1.0,1.0,1.0,1.0,1.0,1.0,1.0,1.0,1.0,1.0,1.0,1.0,1.0,1.0,1.0,1.0,1.0,1.0,1.0,1.0,1.0,1.0,1.0,1.0,1.0,1.0,1.0,1.0,1.0,1.0,1.0,1.0,1.0,1.0,1.0,1.0,1.0,1.0,1.0,1.0,1.0,1.0,1.0,1.0,1.0,1.0,1.0,1.0,1.0,1.0,1.0,1.0,1.0,1.0,1.0,1.0,1.0,1.0,1.0,1.0,1.0,1.0,1.0,1.0,1.0,1.0,1.0,1.0,1.0,1.0,1.0,1.0,1.0,1.0,1.0,1.0,1.0,1.0,1.0,1.0,1.0,1.0,1.0,1.0,1.0,1.0,1.0,1.0,1.0,1.0,1.0,1.0,1.0,1.0,1.0,1.0,1.0,1.0,1.0,1.0,1.0,1.0,1.0,1.0,1.0,1.0,1.0,1.0,1.0,1.0,1.0,1.0,1.0,1.0,1.0,1.0,1.0,1.0,1.0,1.0,1.0,1.0,1.0,1.0,1.0,1.0,1.0,1.0,1.0,1.0,1.0,1.0,1.0,1.0,1.0,1.0,1.0,1.0,1.0,1.0,1.0,1.0,1.0,1.0,1.0,1.0,1.0,1.0,1.0,1.0,1.0,1.0,1.0,1.0,1.0,1.0,1.0,1.0,1.0,1.0,1.0,1.0,1.0,1.0,1.0,1.0,1.0,1.0,1.0,1.0,1.0,1.0,1.0,1.0,1.0,1.0,1.0,1.0,1.0,1.0,1.0,1.0,1.0,1.0,1.0,1.0,1.0,1.0,1.0,1.0,1.0,1.0,1.0,1.0,1.0,1.0,1.0,1.0,1.0,1.0,1.0,1.0,1.0,1.0,1.0,1.0,1.0,1.0,1.0,1.0,1.0,1.0,1.0,1.0,1.0,1.0,1.0,1.0,1.0,1.0,1.0,1.0,1.0,1.0,1.0,1.0,1.0,1.0,1.0,1.0,1.0,1.0,1.0,1.0,1.0,1.0,1.0,1.0,1.0,1.0,1.0,1.0,1.0,1.0,1.0,1.0,1.0,1.0,1.0,1.0,1.0,1.0,1.0,1.0,1.0,1.0,1.0,1.0,1.0,1.0,1.0,1.0,1.0,1.0,1.0,1.0,1.0,1.0,1.0,1.0,1.0,1.0,1.0,1.0,1.0,1.0,1.0,1.0,1.0,1.0,1.0,1.0,1.0,1.0,1.0,1.0,1.0,1.0,1.0,1.0,1.0,1.0,1.0,1.0,1.0,1.0,1.0,1.0,1.0,1.0,1.0,1.0,1.0,1.0,1.0,1.0,1.0,1.0,1.0,1.0,1.0,1.0,1.0,1.0,1.0,1.0,1.0,1.0,1.0,1.0,1.0,1.0,1.0,1.0,1.0,1.0,1.0,1.0,1.0,1.0,1.0,1.0,1.0,1.0,1.0,1.0,1.0,1.0,1.0,1.0,1.0,1.0,1.0,1.0,1.0,1.0,1.0,1.0,1.0,1.0,1.0,1.0,1.0,1.0,1.0,1.0,1.0,1.0,1.0,1.0,1.0,1.0,1.0,1.0,1.0,1.0,1.0,1.0,1.0,1.0,1.0,1.0,1.0,1.0,1.0,1.0,1.0,1.0,1.0,1.0,1.0,1.0,1.0,1.0,1.0,1.0,1.0,1.0,1.0,1.0,1.0,1.0,1.0,1.0,1.0,1.0,1.0,1.0,1.0,1.0,1.0,1.0,1.0,1.0,1.0,1.0,1.0,1.0,1.0,1.0,1.0,1.0,1.0,1.0,1.0,1.0,1.0,1.0,1.0,1.0,1.0,1.0,1.0,1.0,1.0,1.0,1.0,1.0,1.0,1.0,1.0,1.0,1.0,1.0,1.0,1.0,1.0,1.0,1.0,1.0,1.0,1.0,1.0,1.0,1.0,1.0,1.0,1.0,1.0,1.0,1.0,1.0,1.0,1.0,1.0,1.0,1.0,1.0,1.0,1.0,1.0,1.0,1.0,1.0,1.0,1.0,1.0,1.0,1.0,1.0,1.0,1.0,1.0,1.0,1.0,1.0,1.0,1.0,1.0,1.0,1.0,1.0,1.0,1.0,1.0,1.0,1.0,1.0,1.0,1.0,1.0,1.0,1.0,1.0,1.0,1.0,1.0,1.0,1.0,1.0,1.0,1.0,1.0,1.0,1.0,1.0,1.0,1.0,1.0,1.0,1.0,1.0,1.0,1.0,1.0,1.0,1.0,1.0,1.0,1.0,1.0,1.0,1.0,1.0,1.0,1.0,1.0,1.0,1.0,1.0,1.0,1.0,1.0,1.0,1.0,1.0,1.0,1.0,1.0,1.0,1.0,1.0,1.0,1.0,1.0,1.0,1.0,1.0,1.0,1.0,1.0,1.0,1.0,1.0,1.0,1.0,1.0,1.0,1.0,1.0,1.0,1.0,1.0,1.0,1.0,1.0,1.0,1.0,1.0,1.0,1.0,1.0,1.0,1.0,1.0,1.0,1.0,1.0,1.0,1.0,1.0,1.0,1.0,1.0,1.0,1.0,1.0,1.0,1.0,1.0,1.0,1.0,1.0,1.0,1.0,1.0,1.0,1.0,1.0,1.0,1.0,1.0,1.0,1.0,1.0,1.0,1.0,1.0,1.0,1.0,1.0,1.0,1.0,1.0,1.0,1.0,1.0,1.0,1.0,1.0,1.0,1.0,1.0,1.0,1.0,1.0,1.0,1.0,1.0,1.0,1.0,1.0,1.0,1.0,1.0,1.0,1.0,1.0,1.0,1.0,1.0,1.0,1.0,1.0,1.0,1.0,1.0,1.0,1.0,1.0,1.0,1.0,1.0,1.0,1.0,1.0,1.0,1.0,1.0,1.0,1.0,1.0,1.0,1.0,1.0,1.0,1.0,1.0,1.0,1.0,1.0,1.0,1.0,1.0,1.0,1.0,1.0,1.0,1.0,1.0,1.0,1.0,1.0,1.0,1.0,1.0,1.0,1.0,1.0,1.0,1.0,1.0,1.0,1.0,1.0,1.0,1.0,1.0,1.0,1.0,1.0,1.0,1.0,1.0,1.0,1.0,1.0,1.0,1.0,1.0,1.0,1.0,1.0,1.0,1.0,1.0,1.0,1.0,1.0,1.0,1.0,1.0,1.0,1.0,1.0,1.0,1.0,1.0,1.0,1.0,1.0,1.0,1.0,1.0,1.0,1.0,1.0,1.0,1.0,1.0,1.0,1.0,1.0,1.0,1.0,1.0,1.0,1.0,1.0,1.0,1.0,1.0,1.0,1.0,1.0,1.0,1.0,1.0,1.0,1.0,1.0,1.0,1.0,1.0,1.0,1.0,1.0,1.0,1.0,1.0,1.0,1.0,1.0,1.0,1.0,1.0,1.0,1.0,1.0,1.0,1.0,1.0,1.0,1.0,1.0,1.0,1.0,1.0,1.0,1.0,1.0,1.0,1.0,1.0,1.0,1.0,1.0,1.0,1.0,1.0,1.0,1.0,1.0,1.0,1.0,1.0,1.0,1.0,1.0,1.0,1.0,1.0,1.0,1.0,1.0,1.0,1.0,1.0,1.0,1.0,1.0,1.0,1.0,1.0,1.0,1.0,1.0,1.0,1.0,1.0,1.0,1.0,1.0,1.0,1.0,1.0,1.0,1.0,1.0,1.0,1.0,1.0,1.0,1.0,1.0,1.0,1.0,1.0,1.0,1.0,1.0,1.0,1.0,1.0,1.0,1.0,1.0,1.0,1.0,1.0,1.0,1.0,1.0,1.0,1.0,1.0,1.0,1.0,1.0,1.0,1.0,1.0,1.0,1.0,1.0,1.0,1.0,1.0,1.0,1.0,1.0,1.0,1.0,1.0,1.0,1.0,1.0,1.0,1.0,1.0,1.0,1.0,1.0,1.0,1.0,1.0,1.0,1.0,1.0,1.0,1.0,1.0,1.0,1.0,1.0,1.0,1.0,1.0,1.0,1.0,1.0,1.0,1.0,1.0,1.0,1.0,1.0,1.0,1.0,1.0,1.0,1.0,1.0,1.0,1.0,1.0,1.0,1.0,1.0,1.0,1.0,1.0,1.0,1.0,1.0,1.0,1.0,1.0,1.0,1.0,1.0,1.0,1.0,1.0,1.0,1.0,1.0,1.0,1.0,1.0,1.0,1.0,1.0,1.0,1.0,1.0,1.0,1.0,1.0,1.0,1.0,1.0,1.0,1.0,1.0,1.0,1.0,1.0,1.0,1.0,1.0,1.0,1.0,1.0,1.0,1.0,1.0,1.0,1.0,1.0,1.0,1.0,1.0,1.0,1.0,1.0,1.0,1.0,1.0,1.0,1.0,1.0,1.0,1.0,1.0,1.0,1.0,1.0,1.0,1.0,1.0,1.0,1.0,1.0,1.0,1.0,1.0,1.0,1.0,1.0,1.0,1.0,1.0,1.0,1.0,1.0,1.0,1.0,1.0,1.0,1.0,1.0,1.0,1.0,1.0,1.0,1.0,1.0,1.0,1.0,1.0,1.0,1.0,1.0,1.0,1.0,1.0,1.0,1.0,1.0,1.0,1.0,1.0,1.0,1.0,1.0,1.0,1.0,1.0,1.0,1.0,1.0,1.0,1.0,1.0,1.0,1.0,1.0,1.0,1.0,1.0,1.0,1.0,1.0,1.0,1.0,1.0,1.0,1.0,1.0,1.0,1.0,1.0,1.0,1.0,1.0,1.0,1.0,1.0,1.0,1.0,1.0,1.0,1.0,1.0,1.0,1.0,1.0,1.0,1.0,1.0,1.0,1.0,1.0,1.0,1.0,1.0,1.0,1.0,1.0,1.0,1.0,1.0,1.0,1.0,1.0,1.0,1.0,1.0,1.0,1.0,1.0,1.0,1.0,1.0,1.0,1.0,1.0,1.0,1.0,1.0,1.0,1.0,1.0,1.0,1.0,1.0,1.0,1.0,1.0,1.0,1.0,1.0,1.0,1.0,1.0,1.0,1.0,1.0,1.0,1.0,1.0,1.0,1.0,1.0,1.0,1.0,1.0,1.0,1.0,1.0,1.0,1.0,1.0,1.0,1.0,1.0,1.0,1.0,1.0,1.0,1.0,1.0,1.0,1.0,1.0,1.0,1.0,1.0,1.0,1.0,1.0,1.0,1.0,1.0,1.0,1.0,1.0,1.0,1.0,1.0,1.0,1.0,1.0,1.0,1.0,1.0,1.0,1.0,1.0,1.0,1.0,1.0,1.0,1.0,1.0,1.0,1.0,1.0,1.0,1.0,1.0,1.0,1.0,1.0,1.0,1.0,1.0,1.0,1.0,1.0,1.0,1.0,1.0,1.0,1.0,1.0,1.0,1.0,1.0,1.0,1.0,1.0,1.0,1.0,1.0,1.0,1.0,1.0,1.0,1.0,1.0,1.0,1.0,1.0,1.0,1.0,1.0,1.0,1.0,1.0,1.0,1.0,1.0,1.0,1.0,1.0,1.0,1.0,1.0,1.0,1.0,1.0,1.0,1.0,1.0,1.0,1.0,1.0,1.0,1.0,1.0,1.0,1.0,1.0,1.0,1.0,1.0,1.0,1.0,1.0,1.0,1.0,1.0,1.0,1.0,1.0,1.0,1.0,1.0,1.0,1.0,1.0,1.0,1.0,1.0,1.0,1.0,1.0,1.0,1.0,1.0,1.0,1.0,1.0,1.0,1.0,1.0,1.0,1.0,1.0,1.0,1.0,1.0,1.0,1.0,1.0,1.0,1.0,1.0,1.0,1.0,1.0,1.0,1.0,1.0,1.0,1.0,1.0,1.0,1.0,1.0,1.0,1.0,1.0,1.0,1.0,1.0,1.0,1.0,1.0,1.0,1.0,1.0,1.0,1.0,1.0,1.0,1.0,1.0,1.0,1.0,1.0,1.0,1.0,1.0,1.0,1.0,1.0,1.0,1.0,1.0,1.0,1.0,1.0,1.0,1.0,1.0,1.0,1.0,1.0,1.0,1.0,1.0,1.0,1.0,1.0,1.0,1.0,1.0,1.0,1.0,1.0,1.0,1.0,1.0,1.0,1.0,1.0,1.0,1.0,1.0,1.0,1.0,1.0,1.0,1.0,1.0,1.0,1.0,1.0,1.0,1.0,1.0,1.0,1.0,1.0,1.0,1.0,1.0,1.0,1.0,1.0,1.0,1.0,1.0,1.0,1.0,1.0,1.0,1.0,1.0,1.0,1.0,1.0,1.0,1.0,1.0,1.0,1.0,1.0,1.0,1.0,1.0,1.0,1.0,1.0,1.0,1.0,1.0,1.0,1.0,1.0,1.0,1.0,1.0,1.0,1.0,1.0,1.0,1.0,1.0,1.0,1.0,1.0,1.0,1.0,1.0,1.0,1.0,1.0,1.0,1.0,1.0,1.0,1.0,1.0,1.0,1.0,1.0,1.0,1.0,1.0,1.0,1.0,1.0,1.0,1.0,1.0,1.0,1.0,1.0,1.0,1.0,1.0,1.0,1.0,1.0,1.0,1.0,1.0,1.0,1.0,1.0,1.0,1.0,1.0,1.0,1.0,1.0,1.0,1.0,1.0,1.0,1.0,1.0,1.0,1.0,1.0,1.0,1.0,1.0,1.0,1.0,1.0,1.0,1.0,1.0,1.0,1.0,1.0,1.0,1.0,1.0,1.0,1.0,1.0,1.0,1.0,1.0,1.0,1.0,1.0,1.0,1.0,1.0,1.0,1.0,1.0,1.0,1.0,1.0,1.0,1.0,1.0,1.0,1.0,1.0,1.0,1.0,1.0,1.0,1.0,1.0,1.0,1.0,1.0,1.0,1.0,1.0,1.0,1.0,1.0,1.0,1.0,1.0,1.0,1.0,1.0,1.0,1.0,1.0,1.0,1.0,1.0,1.0,1.0,1.0,1.0,1.0,1.0,1.0,1.0,1.0,1.0,1.0,1.0,1.0,1.0,1.0,1.0,1.0,1.0,1.0,1.0,1.0,1.0,1.0,1.0,1.0,1.0,1.0,1.0,1.0,1.0,1.0,1.0,1.0,1.0,1.0,1.0,1.0,1.0,1.0,1.0,1.0,1.0,1.0,1.0,1.0,1.0,1.0,1.0,1.0,1.0,1.0,1.0,1.0,1.0,1.0,1.0,1.0,1.0,1.0,1.0,1.0,1.0,1.0,1.0,1.0,1.0,1.0,1.0,1.0,1.0,1.0,1.0,1.0,1.0,1.0,1.0,1.0,1.0,1.0,1.0,1.0,1.0,1.0,1.0,1.0,1.0,1.0,1.0,1.0,1.0,1.0,1.0,1.0,1.0,1.0,1.0,1.0,1.0,1.0,1.0,1.0,1.0,1.0,1.0,1.0,1.0,1.0,1.0,1.0,1.0,1.0,1.0,1.0,1.0,1.0,1.0,1.0,1.0,1.0,1.0,1.0,1.0,1.0,1.0,1.0,1.0,1.0,1.0,1.0,1.0,1.0,1.0,1.0,1.0,1.0,1.0,1.0,1.0,1.0,1.0,1.0,1.0,1.0,1.0,1.0,1.0,1.0,1.0,1.0,1.0,1.0,1.0,1.0,1.0,1.0,1.0,1.0,1.0,1.0,1.0,1.0,1.0,1.0,1.0,1.0,1.0,1.0,1.0,1.0,1.0,1.0,1.0,1.0,1.0,1.0,1.0,1.0,1.0,1.0,1.0,1.0,1.0,1.0,1.0,1.0,1.0,1.0,1.0,1.0,1.0,1.0,1.0,1.0,1.0,1.0,1.0,1.0,1.0,1.0,1.0,1.0,1.0,1.0,1.0,1.0,1.0,1.0,1.0,1.0,1.0,1.0,1.0,1.0,1.0,1.0,1.0,1.0,1.0,1.0,1.0,1.0,1.0,1.0,1.0,1.0,1.0,1.0,1.0,1.0,1.0,1.0,1.0,1.0,1.0,1.0,1.0,1.0,1.0,1.0,1.0,1.0,1.0,1.0,1.0,1.0,1.0,1.0,1.0,1.0,1.0,1.0,1.0,1.0,1.0,1.0,1.0,1.0,1.0,1.0,1.0,1.0,1.0,1.0,1.0,1.0,1.0,1.0,1.0,1.0,1.0,1.0,1.0,1.0,1.0,1.0,1.0,1.0,1.0,1.0,1.0,1.0,1.0,1.0,1.0,1.0,1.0,1.0,1.0,1.0,1.0,1.0,1.0,1.0,1.0,1.0,1.0,1.0,1.0,1.0,1.0,1.0,1.0,1.0,1.0,1.0,1.0,1.0,1.0,1.0,1.0,1.0,1.0,1.0,1.0,1.0,1.0,1.0,1.0,1.0,1.0,1.0,1.0,1.0,1.0,1.0,1.0,1.0,1.0,1.0,1.0,1.0,1.0,1.0,1.0,1.0,1.0,1.0,1.0,1.0,1.0,1.0,1.0,1.0,1.0,1.0,1.0,1.0,1.0,1.0,1.0,1.0,1.0,1.0,1.0,1.0,1.0,1.0,1.0,1.0,1.0,1.0,1.0,1.0,1.0,1.0,1.0,1.0,1.0,1.0,1.0,1.0,1.0,1.0,1.0,1.0,1.0,1.0,1.0,1.0,1.0,1.0,1.0,1.0,1.0,1.0,1.0,1.0,1.0,1.0,1.0,1.0,1.0,1.0,1.0,1.0,1.0,1.0,1.0,1.0,1.0,1.0,1.0,1.0,1.0,1.0,1.0,1.0,1.0,1.0,1.0,1.0,1.0,1.0,1.0,1.0,1.0,1.0,1.0,1.0,1.0,1.0,1.0,1.0,1.0,1.0,1.0,1.0,1.0,1.0,1.0,1.0,1.0,1.0,1.0,1.0,1.0,1.0,1.0,1.0,1.0,1.0,1.0,1.0,1.0,1.0,1.0,1.0,1.0,1.0,1.0,1.0,1.0,1.0,1.0,1.0,1.0,1.0,1.0,1.0,1.0,1.0,1.0,1.0,1.0,1.0,1.0,1.0,1.0,1.0,1.0,1.0,1.0,1.0,1.0,1.0,1.0,1.0,1.0,1.0,1.0,1.0,1.0,1.0,1.0,1.0,1.0,1.0,1.0,1.0,1.0,1.0,1.0,1.0,1.0,1.0,1.0,1.0,1.0,1.0,1.0,1.0,1.0,1.0,1.0,1.0,1.0,1.0,1.0,1.0,1.0,1.0,1.0,1.0,1.0,1.0,1.0,1.0,1.0,1.0,1.0,1.0,1.0,1.0,1.0,1.0,1.0,1.0,1.0,1.0,1.0,1.0,1.0,1.0,1.0,1.0,1.0,1.0,1.0,1.0,1.0,1.0,1.0,1.0,1.0,1.0,1.0,1.0,1.0,1.0,1.0,1.0,1.0,1.0,1.0,1.0,1.0,1.0,1.0,1.0,1.0,1.0,1.0,1.0,1.0,1.0,1.0,1.0,1.0,1.0,1.0,1.0,1.0,1.0,1.0,1.0,1.0,1.0,1.0,1.0,1.0,1.0,1.0,1.0,1.0,1.0,1.0,1.0,1.0,1.0,1.0,1.0,1.0,1.0,1.0,1.0,1.0,1.0,1.0,1.0,1.0,1.0,1.0,1.0,1.0,1.0,1.0,1.0,1.0,1.0,1.0,1.0,1.0,1.0,1.0,1.0,1.0,1.0,1.0,1.0,1.0,1.0,1.0,1.0,1.0,1.0,1.0,1.0,1.0,1.0,1.0,1.0,1.0,1.0,1.0,1.0,1.0,1.0,1.0,1.0,1.0,1.0,1.0,1.0,1.0,1.0,1.0,1.0,1.0,1.0,1.0,1.0,1.0,1.0,1.0,1.0,1.0,1.0,1.0,1.0,1.0,1.0,1.0,1.0,1.0,1.0,1.0,1.0,1.0,1.0,1.0,1.0,1.0,1.0,1.0,1.0,1.0,1.0,1.0,1.0,1.0,1.0,1.0,1.0,1.0,1.0,1.0,1.0,1.0,1.0,1.0,1.0,1.0,1.0,1.0,1.0,1.0,1.0,1.0,1.0,1.0,1.0,1.0,1.0,1.0,1.0,1.0,1.0,1.0,1.0,1.0,1.0,1.0,1.0,1.0,1.0,1.0,1.0,1.0,1.0,1.0,1.0,1.0,1.0,1.0,1.0,1.0,1.0,1.0,1.0,1.0,1.0,1.0,1.0,1.0,1.0,1.0,1.0,1.0,1.0,1.0,1.0,1.0,1.0,1.0,1.0,1.0,1.0,1.0,1.0,1.0,1.0,1.0,1.0,1.0,1.0,1.0,1.0,1.0,1.0,1.0,1.0,1.0,1.0,1.0,1.0,1.0,1.0,1.0,1.0,1.0,1.0,1.0,1.0,1.0,1.0,1.0,1.0,1.0,1.0,1.0,1.0,1.0,1.0,1.0,1.0,1.0,1.0,1.0,1.0,1.0,1.0,1.0,1.0,1.0,1.0,1.0,1.0,1.0,1.0,1.0,1.0,1.0,1.0,1.0,1.0,1.0,1.0,1.0,1.0,1.0,1.0,1.0,1.0,1.0,1.0,1.0,1.0,1.0,1.0,1.0,1.0,1.0,1.0,1.0,1.0,1.0,1.0,1.0,1.0,1.0,1.0,1.0,1.0,1.0,1.0,1.0,1.0,1.0,1.0,1.0,1.0,1.0,1.0,1.0,1.0,1.0,1.0,1.0,1.0,1.0,1.0,1.0,1.0,1.0,1.0,1.0,1.0,1.0,1.0,1.0,1.0,1.0,1.0,1.0,1.0,1.0,1.0,1.0,1.0,1.0,1.0,1.0,1.0,1.0,1.0,1.0,1.0,1.0,1.0,1.0,1.0,1.0,1.0,1.0,1.0,1.0,1.0,1.0,1.0,1.0,1.0,1.0,1.0,1.0,1.0,1.0,1.0,1.0,1.0,1.0,1.0,1.0,1.0,1.0,1.0,1.0,1.0,1.0,1.0,1.0,1.0,1.0,1.0,1.0,1.0,1.0,1.0,1.0,1.0,1.0,1.0,1.0,1.0,1.0,1.0,1.0,1.0,1.0,1.0,1.0,1.0,1.0,1.0,1.0,1.0,1.0,1.0,1.0,1.0,1.0,1.0,1.0,1.0,1.0,1.0,1.0,1.0,1.0,1.0,1.0,1.0,1.0,1.0,1.0,1.0,1.0,1.0,1.0,1.0,1.0,1.0,1.0,1.0,1.0,1.0,1.0,1.0,1.0,1.0,1.0,1.0,1.0,1.0,1.0,1.0,1.0,1.0,1.0,1.0,1.0,1.0,1.0,1.0,1.0,1.0,1.0,1.0,1.0,1.0,1.0,1.0,1.0,1.0,1.0,1.0,1.0,1.0,1.0,1.0,1.0,1.0,1.0,1.0,1.0,1.0,1.0,1.0,1.0,1.0,1.0,1.0,1.0,1.0,1.0,1.0,1.0,1.0,1.0,1.0,1.0,1.0,1.0,1.0,1.0,1.0,1.0,1.0,1.0,1.0,1.0,1.0,1.0,1.0,1.0,1.0,1.0,1.0,1.0,1.0,1.0,1.0,1.0,1.0,1.0,1.0,1.0,1.0,1.0,1.0,1.0,1.0,1.0,1.0,1.0,1.0,1.0,1.0,1.0,1.0,1.0,1.0,1.0,1.0,1.0,1.0,1.0,1.0,1.0,1.0,1.0,1.0,1.0,1.0,1.0,1.0,1.0,1.0,1.0,1.0,1.0,1.0,1.0,1.0,1.0,1.0,1.0,1.0,1.0,1.0,1.0,1.0,1.0,1.0,1.0,1.0,1.0,1.0,1.0,1.0,1.0,1.0,1.0,1.0,1.0,1.0,1.0,1.0,1.0,1.0,1.0,1.0,1.0,1.0,1.0,1.0,1.0,1.0,1.0,1.0,1.0,1.0,1.0,1.0,1.0,1.0,1.0,1.0,1.0,1.0,1.0,1.0,1.0,1.0,1.0,1.0,1.0,1.0,1.0,1.0,1.0,1.0,1.0,1.0,1.0,1.0,1.0,1.0,1.0,1.0,1.0,1.0,1.0,1.0,1.0,1.0,1.0,1.0,1.0,1.0,1.0,1.0,1.0,1.0,1.0,1.0,1.0,1.0,1.0,1.0,1.0,1.0,1.0,1.0,1.0,1.0,1.0,1.0,1.0,1.0,1.0,1.0,1.0,1.0,1.0,1.0,1.0,1.0,1.0,1.0,1.0,1.0,1.0,1.0,1.0,1.0,1.0,1.0,1.0,1.0,1.0,1.0,1.0,1.0,1.0,1.0,1.0,1.0,1.0,1.0,1.0,1.0,1.0,1.0,1.0,1.0,1.0,1.0,1.0,1.0,1.0,1.0,1.0,1.0,1.0,1.0,1.0,1.0,1.0,1.0,1.0,1.0,1.0,1.0,1.0,1.0,1.0,1.0,1.0,1.0,1.0,1.0,1.0,1.0,1.0,1.0,1.0,1.0,1.0,1.0,1.0,1.0,1.0,1.0,1.0,1.0,1.0,1.0,1.0,1.0,1.0,1.0,1.0,1.0,1.0,1.0,1.0,1.0,1.0,1.0,1.0,1.0,1.0,1.0,1.0,1.0,1.0,1.0,1.0,1.0,1.0,1.0,1.0,1.0,1.0,1.0,1.0,1.0,1.0,1.0,1.0,1.0,1.0,1.0,1.0,1.0,1.0,1.0,1.0,1.0,1.0,1.0,1.0,1.0,1.0,1.0,1.0,1.0,1.0,1.0,1.0,1.0,1.0,1.0,1.0,1.0,1.0,1.0,1.0,1.0,1.0,1.0,1.0,1.0,1.0,1.0,1.0,1.0,1.0,1.0,1.0,1.0,1.0,1.0,1.0,1.0,1.0,1.0,1.0,1.0,1.0,1.0,1.0,1.0,1.0,1.0,1.0,1.0,1.0,1.0,1.0,1.0,1.0,1.0,1.0,1.0,1.0,1.0,1.0,1.0,1.0,1.0,1.0,1.0,1.0,1.0,1.0,1.0,1.0,1.0,1.0,1.0,1.0,1.0,1.0,1.0,1.0,1.0,1.0,1.0,1.0,1.0,1.0,1.0,1.0,1.0,1.0,1.0,1.0,1.0,1.0,1.0,1.0,1.0,1.0,1.0,1.0,1.0,1.0,1.0,1.0,1.0,1.0,1.0,1.0,1.0,1.0,1.0,1.0,1.0,1.0,1.0,1.0,1.0,1.0,1.0,1.0,1.0,1.0,1.0,1.0,1.0,1.0,1.0,1.0,1.0,1.0,1.0,1.0,1.0,1.0,1.0,1.0,1.0,1.0,1.0,1.0,1.0,1.0,1.0,1.0,1.0,1.0,1.0,1.0,1.0,1.0,1.0,1.0,1.0,1.0,1.0,1.0,1.0,1.0,1.0,1.0,1.0,1.0,1.0,1.0,1.0,1.0,1.0,1.0,1.0,1.0,1.0,1.0,1.0,1.0,1.0,1.0,1.0,1.0,1.0,1.0,1.0,1.0,1.0,1.0,1.0,1.0,1.0,1.0,1.0,1.0,1.0,1.0,1.0,1.0,1.0,1.0,1.0,1.0,1.0,1.0,1.0,1.0,1.0,1.0,1.0,1.0,1.0,1.0,1.0,1.0,1.0,1.0,1.0,1.0,1.0,1.0,1.0,1.0,1.0,1.0,1.0,1.0,1.0,1.0,1.0,1.0,1.0,1.0,1.0,1.0,1.0,1.0,1.0,1.0,1.0,1.0,1.0,1.0,1.0,1.0,1.0,1.0,1.0,1.0,1.0,1.0,1.0,1.0,1.0,1.0,1.0,1.0,1.0,1.0,1.0,1.0,1.0,1.0,1.0,1.0,1.0,1.0,1.0,1.0,1.0,1.0,1.0,1.0,1.0,1.0,1.0,1.0,1.0,1.0,1.0,1.0,1.0,1.0,1.0,1.0,1.0,1.0,1.0,1.0,1.0,1.0,1.0,1.0,1.0,1.0,1.0,1.0,1.0,1.0,1.0,1.0,1.0,1.0,1.0,1.0,1.0,1.0,1.0,1.0,1.0,1.0,1.0,1.0,1.0,1.0,1.0,1.0,1.0,1.0,1.0,1.0,1.0,1.0,1.0,1.0,1.0,1.0,1.0,1.0,1.0,1.0,1.0,1.0,1.0,1.0,1.0,1.0,1.0,1.0,1.0,1.0,1.0,1.0,1.0,1.0,1.0,1.0,1.0,1.0,1.0,1.0,1.0,1.0,1.0,1.0,1.0,1.0,1.0,1.0,1.0,1.0,1.0,1.0,1.0,1.0,1.0,1.0,1.0,1.0,1.0,1.0,1.0,1.0,1.0,1.0,1.0,1.0,1.0,1.0,1.0,1.0,1.0,1.0,1.0,1.0,1.0,1.0,1.0,1.0,1.0,1.0,1.0,1.0,1.0,1.0,1.0,1.0,1.0,1.0,1.0,1.0,1.0,1.0,1.0,1.0,1.0,1.0,1.0,1.0,1.0,1.0,1.0,1.0,1.0,1.0,1.0,1.0,1.0,1.0,1.0,1.0,1.0,1.0,1.0,1.0,1.0,1.0,1.0,1.0,1.0,1.0,1.0,1.0,1.0,1.0,1.0,1.0,1.0,1.0,1.0,1.0,1.0,1.0,1.0,1.0,1.0,1.0,1.0,1.0,1.0,1.0,1.0,1.0,1.0,1.0,1.0,1.0,1.0,1.0,1.0,1.0,1.0,1.0,1.0,1.0,1.0,1.0,1.0,1.0,1.0,1.0,1.0,1.0,1.0,1.0,1.0,1.0,1.0,1.0,1.0,1.0,1.0,1.0,1.0,1.0,1.0,1.0,1.0,1.0,1.0,1.0,1.0,1.0,1.0,1.0,1.0,1.0,1.0,1.0,1.0,1.0,1.0,1.0,1.0,1.0,1.0,1.0,1.0,1.0,1.0,1.0,1.0,1.0,1.0,1.0,1.0,1.0,1.0,1.0,1.0,1.0,1.0,1.0,1.0,1.0,1.0,1.0,1.0,1.0,1.0,1.0,1.0,1.0,1.0,1.0,1.0,1.0,1.0,1.0,1.0,1.0,1.0,1.0,1.0,1.0,1.0,1.0,1.0,1.0,1.0,1.0,1.0,1.0,1.0,1.0,1.0,1.0,1.0,1.0,1.0,1.0,1.0,1.0,1.0,1.0,1.0,1.0,1.0,1.0,1.0,1.0,1.0,1.0,1.0,1.0,1.0,1.0,1.0,1.0,1.0,1.0,1.0,1.0,1.0,1.0,1.0,1.0,1.0,1.0,1.0,1.0,1.0,1.0,1.0,1.0,1.0,1.0,1.0,1.0,1.0,1.0,1.0,1.0,1.0,1.0,1.0,1.0,1.0,1.0,1.0,1.0,1.0,1.0,1.0,1.0,1.0,1.0,1.0,1.0,1.0,1.0,1.0,1.0,1.0,1.0,1.0,1.0,1.0,1.0,1.0,1.0,1.0,1.0,1.0,1.0,1.0,1.0,1.0,1.0,1.0,1.0,1.0,1.0,1.0,1.0,1.0,1.0,1.0,1.0,1.0,1.0,1.0,1.0,1.0,1.0,1.0,1.0,1.0,1.0,1.0,1.0,1.0,1.0,1.0,1.0,1.0,1.0,1.0,1.0,1.0,1.0,1.0,1.0,1.0,1.0,1.0,1.0,1.0,1.0,1.0,1.0,1.0,1.0,1.0,1.0,1.0,1.0,1.0,1.0,1.0,1.0,1.0,1.0,1.0,1.0,1.0,1.0,1.0,1.0,1.0,1.0,1.0,1.0,1.0,1.0,1.0,1.0,1.0,1.0,1.0,1.0,1.0,1.0,1.0,1.0,1.0,1.0,1.0,1.0,1.0,1.0,1.0,1.0,1.0,1.0,1.0,1.0,1.0,1.0,1.0,1.0,1.0,1.0,1.0,1.0,1.0,1.0,1.0,1.0,1.0,1.0,1.0,1.0,1.0,1.0,1.0,1.0,1.0,1.0,1.0,1.0,1.0,1.0,1.0,1.0,1.0,1.0,1.0,1.0,1.0,1.0,1.0,1.0,1.0,1.0,1.0,1.0,1.0,1.0,1.0,1.0,1.0,1.0,1.0,1.0,1.0,1.0,1.0,1.0,1.0,1.0,1.0,1.0,1.0,1.0,1.0,1.0,1.0,1.0,1.0,1.0,1.0,1.0,1.0,1.0,1.0,1.0,1.0,1.0,1.0,1.0,1.0,1.0,1.0,1.0,1.0,1.0,1.0,1.0,1.0,1.0,1.0,1.0,1.0,1.0,1.0,1.0,1.0,1.0,1.0,1.0,1.0,1.0,1.0,1.0,1.0,1.0,1.0,1.0,1.0,1.0,1.0,1.0,1.0,1.0,1.0,1.0,1.0,1.0,1.0,1.0,1.0,1.0,1.0,1.0,1.0,1.0,1.0,1.0,1.0,1.0,1.0,1.0,1.0,1.0,1.0,1.0,1.0,1.0,1.0,1.0,1.0,1.0,1.0,1.0,1.0,1.0,1.0,1.0,1.0,1.0,1.0,1.0,1.0,1.0,1.0,1.0,1.0,1.0,1.0,1.0,1.0,1.0,1.0,1.0,1.0,1.0,1.0,1.0,1.0,1.0,1.0,1.0,1.0,1.0,1.0,1.0,1.0,1.0,1.0,1.0,1.0,1.0,1.0,1.0,1.0,1.0,1.0,1.0,1.0,1.0,1.0,1.0,1.0,1.0,1.0,1.0,1.0,1.0,1.0,1.0,1.0,1.0,1.0,1.0,1.0,1.0,1.0,1.0,1.0,1.0,1.0,1.0,1.0,1.0,1.0,1.0,1.0,1.0,1.0,1.0,1.0,1.0,1.0,1.0,1.0,1.0,1.0,1.0,1.0,1.0,1.0,1.0,1.0,1.0,1.0,1.0,1.0,1.0,1.0,1.0,1.0,1.0,1.0,1.0,1.0,1.0,1.0,1.0,1.0,1.0,1.0,1.0,1.0,1.0,1.0,1.0,1.0,1.0,1.0,1.0,1.0,1.0,1.0,1.0,1.0,1.0,1.0,1.0,1.0,1.0,1.0,1.0,1.0,1.0,1.0,1.0,1.0,1.0,1.0,1.0,1.0,1.0,1.0,1.0,1.0,1.0,1.0,1.0,1.0,1.0,1.0,1.0,1.0,1.0,1.0,1.0,1.0,1.0,1.0,1.0,1.0,1.0,1.0,1.0,1.0,1.0,1.0,1.0,1.0,1.0,1.0,1.0,1.0,1.0,1.0,1.0,1.0,1.0,1.0,1.0,1.0,1.0,1.0,1.0,1.0,1.0,1.0,1.0,1.0,1.0,1.0,1.0,1.0,1.0,1.0,1.0,1.0,1.0,1.0,1.0,1.0,1.0,1.0,1.0,1.0,1.0,1.0,1.0,1.0,1.0,1.0,1.0,1.0,1.0,1.0,1.0,1.0,1.0,1.0,1.0,1.0,1.0,1.0,1.0,1.0,1.0,1.0,1.0,1.0,1.0,1.0,1.0,1.0,1.0,1.0,1.0,1.0,1.0,1.0,1.0
1.0,1.0,1.0,1.0,1.0,1.0,1.0,1.0,1.0,1.0,1.0,1.0,1.0,1.0,1.0,1.0,1.0,1.0,1.0,1.0,1.0,1.0,1.0,1.0,1.0,1.0,1.0,1.0,1.0,1.0,1.0,1.0,1.0,1.0,1.0,1.0,1.0,1.0,1.0,1.0,1.0,1.0,1.0,1.0,1.0,1.0,1.0,1.0,1.0,1.0,1.0,1.0,1.0,1.0,1.0,1.0,1.0,1.0,1.0,1.0,1.0,1.0,1.0,1.0,1.0,1.0,1.0,1.0,1.0,1.0,1.0,1.0,1.0,1.0,1.0,1.0,1.0,1.0,1.0,1.0,1.0,1.0,1.0,1.0,1.0,1.0,1.0,1.0,1.0,1.0,1.0,1.0,1.0,1.0,1.0,1.0,1.0,1.0,1.0,1.0,1.0,1.0,1.0,1.0,1.0,1.0,1.0,1.0,1.0,1.0,1.0,1.0,1.0,1.0,1.0,1.0,1.0,1.0,1.0,1.0,1.0,1.0,1.0,1.0,1.0,1.0,1.0,1.0,1.0,1.0,1.0,1.0,1.0,1.0,1.0,1.0,1.0,1.0,1.0,1.0,1.0,1.0,1.0,1.0,1.0,1.0,1.0,1.0,1.0,1.0,1.0,1.0,1.0,1.0,1.0,1.0,1.0,1.0,1.0,1.0,1.0,1.0,1.0,1.0,1.0,1.0,1.0,1.0,1.0,1.0,1.0,1.0,1.0,1.0,1.0,1.0,1.0,1.0,1.0,1.0,1.0,1.0,1.0,1.0,1.0,1.0,1.0,1.0,1.0,1.0,1.0,1.0,1.0,1.0,1.0,1.0,1.0,1.0,1.0,1.0,1.0,1.0,1.0,1.0,1.0,1.0,1.0,1.0,1.0,1.0,1.0,1.0,1.0,1.0,1.0,1.0,1.0,1.0,1.0,1.0,1.0,1.0,1.0,1.0,1.0,1.0,1.0,1.0,1.0,1.0,1.0,1.0,1.0,1.0,1.0,1.0,1.0,1.0,1.0,1.0,1.0,1.0,1.0,1.0,1.0,1.0,1.0,1.0,1.0,1.0,1.0,1.0,1.0,1.0,1.0,1.0,1.0,1.0,1.0,1.0,1.0,1.0,1.0,1.0,1.0,1.0,1.0,1.0,1.0,1.0,1.0,1.0,1.0,1.0,1.0,1.0,1.0,1.0,1.0,1.0,1.0,1.0,1.0,1.0,1.0,1.0,1.0,1.0,1.0,1.0,1.0,1.0,1.0,1.0,1.0,1.0,1.0,1.0,1.0,1.0,1.0,1.0,1.0,1.0,1.0,1.0,1.0,1.0,1.0,1.0,1.0,1.0,1.0,1.0,1.0,1.0,1.0,1.0,1.0,1.0,1.0,1.0,1.0,1.0,1.0,1.0,1.0,1.0,1.0,1.0,1.0,1.0,1.0,1.0,1.0,1.0,1.0,1.0,1.0,1.0,1.0,1.0,1.0,1.0,1.0,1.0,1.0,1.0,1.0,1.0,1.0,1.0,1.0,1.0,1.0,1.0,1.0,1.0,1.0,1.0,1.0,1.0,1.0,1.0,1.0,1.0,1.0,1.0,1.0,1.0,1.0,1.0,1.0,1.0,1.0,1.0,1.0,1.0,1.0,1.0,1.0,1.0,1.0,1.0,1.0,1.0,1.0,1.0,1.0,1.0,1.0,1.0,1.0,1.0,1.0,1.0,1.0,1.0,1.0,1.0,1.0,1.0,1.0,1.0,1.0,1.0,1.0,1.0,1.0,1.0,1.0,1.0,1.0,1.0,1.0,1.0,1.0,1.0,1.0,1.0,1.0,1.0,1.0,1.0,1.0,1.0,1.0,1.0,1.0,1.0,1.0,1.0,1.0,1.0,1.0,1.0,1.0,1.0,1.0,1.0,1.0,1.0,1.0,1.0,1.0,1.0,1.0,1.0,1.0,1.0,1.0,1.0,1.0,1.0,1.0,1.0,1.0,1.0,1.0,1.0,1.0,1.0,1.0,1.0,1.0,1.0,1.0,1.0,1.0,1.0,1.0,1.0,1.0,1.0,1.0,1.0,1.0,1.0,1.0,1.0,1.0,1.0,1.0,1.0,1.0,1.0,1.0,1.0,1.0,1.0,1.0,1.0,1.0,1.0,1.0,1.0,1.0,1.0,1.0,1.0,1.0,1.0,1.0,1.0,1.0,1.0,1.0,1.0,1.0,1.0,1.0,1.0,1.0,1.0,1.0,1.0,1.0,1.0,1.0,1.0,1.0,1.0,1.0,1.0,1.0,1.0,1.0,1.0,1.0,1.0,1.0,1.0,1.0,1.0,1.0,1.0,1.0,1.0,1.0,1.0,1.0,1.0,1.0,1.0,1.0,1.0,1.0,1.0,1.0,1.0,1.0,1.0,1.0,1.0,1.0,1.0,1.0,1.0,1.0,1.0,1.0,1.0,1.0,1.0,1.0,1.0,1.0,1.0,1.0,1.0,1.0,1.0,1.0,1.0,1.0,1.0,1.0,1.0,1.0,1.0,1.0,1.0,1.0,1.0,1.0,1.0,1.0,1.0,1.0,1.0,1.0,1.0,1.0,1.0,1.0,1.0,1.0,1.0,1.0,1.0,1.0,1.0,1.0,1.0,1.0,1.0,1.0,1.0,1.0,1.0,1.0,1.0,1.0,1.0,1.0,1.0,1.0,1.0,1.0,1.0,1.0,1.0,1.0,1.0,1.0,1.0,1.0,1.0,1.0,1.0,1.0,1.0,1.0,1.0,1.0,1.0,1.0,1.0,1.0,1.0,1.0,1.0,1.0,1.0,1.0,1.0,1.0,1.0,1.0,1.0,1.0,1.0,1.0,1.0,1.0,1.0,1.0,1.0,1.0,1.0,1.0,1.0,1.0,1.0,1.0,1.0,1.0,1.0,1.0,1.0,1.0,1.0,1.0,1.0,1.0,1.0,1.0,1.0,1.0,1.0,1.0,1.0,1.0,1.0,1.0,1.0,1.0,1.0,1.0,1.0,1.0,1.0,1.0,1.0,1.0,1.0,1.0,1.0,1.0,1.0,1.0,1.0,1.0,1.0,1.0,1.0,1.0,1.0,1.0,1.0,1.0,1.0,1.0,1.0,1.0,1.0,1.0,1.0,1.0,1.0,1.0,1.0,1.0,1.0,1.0,1.0,1.0,1.0,1.0,1.0,1.0,1.0,1.0,1.0,1.0,1.0,1.0,1.0,1.0,1.0,1.0,1.0,1.0,1.0,1.0,1.0,1.0,1.0,1.0,1.0,1.0,1.0,1.0,1.0,1.0,1.0,1.0,1.0,1.0,1.0,1.0,1.0,1.0,1.0,1.0,1.0,1.0,1.0,1.0,1.0,1.0,1.0,1.0,1.0,1.0,1.0,1.0,1.0,1.0,1.0,1.0,1.0,1.0,1.0,1.0,1.0,1.0,1.0,1.0,1.0,1.0,1.0,1.0,1.0,1.0,1.0,1.0,1.0,1.0,1.0,1.0,1.0,1.0,1.0,1.0,1.0,1.0,1.0,1.0,1.0,1.0,1.0,1.0,1.0,1.0,1.0,1.0,1.0,1.0,1.0,1.0,1.0,1.0,1.0,1.0,1.0,1.0,1.0,1.0,1.0,1.0,1.0,1.0,1.0,1.0,1.0,1.0,1.0,1.0,1.0,1.0,1.0,1.0,1.0,1.0,1.0,1.0,1.0,1.0,1.0,1.0,1.0,1.0,1.0,1.0,1.0,1.0,1.0,1.0,1.0,1.0,1.0,1.0,1.0,1.0,1.0,1.0,1.0,1.0,1.0,1.0,1.0,1.0,1.0,1.0,1.0,1.0,1.0,1.0,1.0,1.0,1.0,1.0,1.0,1.0,1.0,1.0,1.0,1.0,1.0,1.0,1.0,1.0,1.0,1.0,1.0,1.0,1.0,1.0,1.0,1.0,1.0,1.0,1.0,1.0,1.0,1.0,1.0,1.0,1.0,1.0,1.0,1.0,1.0,1.0,1.0,1.0,1.0,1.0,1.0,1.0,1.0,1.0,1.0,1.0,1.0,1.0,1.0,1.0,1.0,1.0,1.0,1.0,1.0,1.0,1.0,1.0,1.0,1.0,1.0,1.0,1.0,1.0,1.0,1.0,1.0,1.0,1.0,1.0,1.0,1.0,1.0,1.0,1.0,1.0,1.0,1.0,1.0,1.0,1.0,1.0,1.0,1.0,1.0,1.0,1.0,1.0,1.0,1.0,1.0,1.0,1.0,1.0,1.0,1.0,1.0,1.0,1.0,1.0,1.0,1.0,1.0,1.0,1.0,1.0,1.0,1.0,1.0,1.0,1.0,1.0,1.0,1.0,1.0,1.0,1.0,1.0,1.0,1.0,1.0,1.0,1.0,1.0,1.0,1.0,1.0,1.0,1.0,1.0,1.0,1.0,1.0,1.0,1.0,1.0,1.0,1.0,1.0,1.0,1.0,1.0,1.0,1.0,1.0,1.0,1.0,1.0,1.0,1.0,1.0,1.0,1.0,1.0,1.0,1.0,1.0,1.0,1.0,1.0,1.0,1.0,1.0,1.0,1.0,1.0,1.0,1.0,1.0,1.0,1.0,1.0,1.0,1.0,1.0,1.0,1.0,1.0,1.0,1.0,1.0,1.0,1.0,1.0,1.0,1.0,1.0,1.0,1.0,1.0,1.0,1.0,1.0,1.0,1.0,1.0,1.0,1.0,1.0,1.0,1.0,1.0,1.0,1.0,1.0,1.0,1.0,1.0,1.0,1.0,1.0,1.0,1.0,1.0,1.0,1.0,1.0,1.0,1.0,1.0,1.0,1.0,1.0,1.0,1.0,1.0,1.0,1.0,1.0,1.0,1.0,1.0,1.0,1.0,1.0,1.0,1.0,1.0,1.0,1.0,1.0,1.0,1.0,1.0,1.0,1.0,1.0,1.0,1.0,1.0,1.0,1.0,1.0,1.0,1.0,1.0,1.0,1.0,1.0,1.0,1.0,1.0,1.0,1.0,1.0,1.0,1.0,1.0,1.0,1.0,1.0,1.0,1.0,1.0,1.0,1.0,1.0,1.0,1.0,1.0,1.0,1.0,1.0,1.0,1.0,1.0,1.0,1.0,1.0,1.0,1.0,1.0,1.0,1.0,1.0,1.0,1.0,1.0,1.0,1.0,1.0,1.0,1.0,1.0,1.0,1.0,1.0,1.0,1.0,1.0,1.0,1.0,1.0,1.0,1.0,1.0,1.0,1.0,1.0,1.0,1.0,1.0,1.0,1.0,1.0,1.0,1.0,1.0,1.0,1.0,1.0,1.0,1.0,1.0,1.0,1.0,1.0,1.0,1.0,1.0,1.0,1.0,1.0,1.0,1.0,1.0,1.0,1.0,1.0,1.0,1.0,1.0,1.0,1.0,1.0,1.0,1.0,1.0,1.0,1.0,1.0,1.0,1.0,1.0,1.0,1.0,1.0,1.0,1.0,1.0,1.0,1.0,1.0,1.0,1.0,1.0,1.0,1.0,1.0,1.0,1.0,1.0,1.0,1.0,1.0,1.0,1.0,1.0,1.0,1.0,1.0,1.0,1.0,1.0,1.0,1.0,1.0,1.0,1.0,1.0,1.0,1.0,1.0,1.0,1.0,1.0,1.0,1.0,1.0,1.0,1.0,1.0,1.0,1.0,1.0,1.0,1.0,1.0,1.0,1.0,1.0,1.0,1.0,1.0,1.0,1.0,1.0,1.0,1.0,1.0,1.0,1.0,1.0,1.0,1.0,1.0,1.0,1.0,1.0,1.0,1.0,1.0,1.0,1.0,1.0,1.0,1.0,1.0,1.0,1.0,1.0,1.0,1.0,1.0,1.0,1.0,1.0,1.0,1.0,1.0,1.0,1.0,1.0,1.0,1.0,1.0,1.0,1.0,1.0,1.0,1.0,1.0,1.0,1.0,1.0,1.0,1.0,1.0,1.0,1.0,1.0,1.0,1.0,1.0,1.0,1.0,1.0,1.0,1.0,1.0,1.0,1.0,1.0,1.0,1.0,1.0,1.0,1.0,1.0,1.0,1.0,1.0,1.0,1.0,1.0,1.0,1.0,1.0,1.0,1.0,1.0,1.0,1.0,1.0,1.0,1.0,1.0,1.0,1.0,1.0,1.0,1.0,1.0,1.0,1.0,1.0,1.0,1.0,1.0,1.0,1.0,1.0,1.0,1.0,1.0,1.0,1.0,1.0,1.0,1.0,1.0,1.0,1.0,1.0,1.0,1.0,1.0,1.0,1.0,1.0,1.0,1.0,1.0,1.0,1.0,1.0,1.0,1.0,1.0,1.0,1.0,1.0,1.0,1.0,1.0,1.0,1.0,1.0,1.0,1.0,1.0,1.0,1.0,1.0,1.0,1.0,1.0,1.0,1.0,1.0,1.0,1.0,1.0,1.0,1.0,1.0,1.0,1.0,1.0,1.0,1.0,1.0,1.0,1.0,1.0,1.0,1.0,1.0,1.0,1.0,1.0,1.0,1.0,1.0,1.0,1.0,1.0,1.0,1.0,1.0,1.0,1.0,1.0,1.0,1.0,1.0,1.0,1.0,1.0,1.0,1.0,1.0,1.0,1.0,1.0,1.0,1.0,1.0,1.0,1.0,1.0,1.0,1.0,1.0,1.0,1.0,1.0,1.0,1.0,1.0,1.0,1.0,1.0,1.0,1.0,1.0,1.0,1.0,1.0,1.0,1.0,1.0,1.0,1.0,1.0,1.0,1.0,1.0,1.0,1.0,1.0,1.0,1.0,1.0,1.0,1.0,1.0,1.0,1.0,1.0,1.0,1.0,1.0,1.0,1.0,1.0,1.0,1.0,1.0,1.0,1.0,1.0,1.0,1.0,1.0,1.0,1.0,1.0,1.0,1.0,1.0,1.0,1.0,1.0,1.0,1.0,1.0,1.0,1.0,1.0,1.0,1.0,1.0,1.0,1.0,1.0,1.0,1.0,1.0,1.0,1.0,1.0,1.0,1.0,1.0,1.0,1.0,1.0,1.0,1.0,1.0,1.0,1.0,1.0,1.0,1.0,1.0,1.0,1.0,1.0,1.0,1.0,1.0,1.0,1.0,1.0,1.0,1.0,1.0,1.0,1.0,1.0,1.0,1.0,1.0,1.0,1.0,1.0,1.0,1.0,1.0,1.0,1.0,1.0,1.0,1.0,1.0,1.0,1.0,1.0,1.0,1.0,1.0,1.0,1.0,1.0,1.0,1.0,1.0,1.0,1.0,1.0,1.0,1.0,1.0,1.0,1.0,1.0,1.0,1.0,1.0,1.0,1.0,1.0,1.0,1.0,1.0,1.0,1.0,1.0,1.0,1.0,1.0,1.0,1.0,1.0,1.0,1.0,1.0,1.0,1.0,1.0,1.0,1.0,1.0,1.0,1.0,1.0,1.0,1.0,1.0,1.0,1.0,1.0,1.0,1.0,1.0,1.0,1.0,1.0,1.0,1.0,1.0,1.0,1.0,1.0,1.0,1.0,1.0,1.0,1.0,1.0,1.0,1.0,1.0,1.0,1.0,1.0,1.0,1.0,1.0,1.0,1.0,1.0,1.0,1.0,1.0,1.0,1.0,1.0,1.0,1.0,1.0,1.0,1.0,1.0,1.0,1.0,1.0,1.0,1.0,1.0,1.0,1.0,1.0,1.0,1.0,1.0,1.0,1.0,1.0,1.0,1.0,1.0,1.0,1.0,1.0,1.0,1.0,1.0,1.0,1.0,1.0,1.0,1.0,1.0,1.0,1.0,1.0,1.0,1.0,1.0,1.0,1.0,1.0,1.0,1.0,1.0,1.0,1.0,1.0,1.0,1.0,1.0,1.0,1.0,1.0,1.0,1.0,1.0,1.0,1.0,1.0,1.0,1.0,1.0,1.0,1.0,1.0,1.0,1.0,1.0,1.0,1.0,1.0,1.0,1.0,1.0,1.0,1.0,1.0,1.0,1.0,1.0,1.0,1.0,1.0,1.0,1.0,1.0,1.0,1.0,1.0,1.0,1.0,1.0,1.0,1.0,1.0,1.0,1.0,1.0,1.0,1.0,1.0,1.0,1.0,1.0,1.0,1.0,1.0,1.0,1.0,1.0,1.0,1.0,1.0,1.0,1.0,1.0,1.0,1.0,1.0,1.0,1.0,1.0,1.0,1.0,1.0,1.0,1.0,1.0,1.0,1.0,1.0,1.0,1.0,1.0,1.0,1.0,1.0,1.0,1.0,1.0,1.0,1.0,1.0,1.0,1.0,1.0,1.0,1.0,1.0,1.0,1.0,1.0,1.0,1.0,1.0,1.0,1.0,1.0,1.0,1.0,1.0,1.0,1.0,1.0,1.0,1.0,1.0,1.0,1.0,1.0,1.0,1.0,1.0,1.0,1.0,1.0,1.0,1.0,1.0,1.0,1.0,1.0,1.0,1.0,1.0,1.0,1.0,1.0,1.0,1.0,1.0,1.0,1.0,1.0,1.0,1.0,1.0,1.0,1.0,1.0,1.0,1.0,1.0,1.0,1.0,1.0,1.0,1.0,1.0,1.0,1.0,1.0,1.0,1.0,1.0,1.0,1.0,1.0,1.0,1.0,1.0,1.0,1.0,1.0,1.0,1.0,1.0,1.0,1.0,1.0,1.0,1.0,1.0,1.0,1.0,1.0,1.0,1.0,1.0,1.0,1.0,1.0,1.0,1.0,1.0,1.0,1.0,1.0,1.0,1.0,1.0,1.0,1.0,1.0,1.0,1.0,1.0,1.0,1.0,1.0,1.0,1.0,1.0,1.0,1.0,1.0,1.0,1.0,1.0,1.0,1.0,1.0,1.0,1.0,1.0,1.0,1.0,1.0,1.0,1.0,1.0,1.0,1.0,1.0,1.0,1.0,1.0,1.0,1.0,1.0,1.0,1.0,1.0,1.0,1.0,1.0,1.0,1.0,1.0,1.0,1.0,1.0,1.0,1.0,1.0,1.0,1.0,1.0,1.0,1.0,1.0,1.0,1.0,1.0,1.0,1.0,1.0,1.0,1.0,1.0,1.0,1.0,1.0,1.0,1.0,1.0,1.0,1.0,1.0,1.0,1.0,1.0,1.0,1.0,1.0,1.0,1.0,1.0,1.0,1.0,1.0,1.0,1.0,1.0,1.0,1.0,1.0,1.0,1.0,1.0,1.0,1.0,1.0,1.0,1.0,1.0,1.0,1.0,1.0,1.0,1.0,1.0,1.0,1.0,1.0,1.0,1.0,1.0,1.0,1.0,1.0,1.0,1.0,1.0,1.0,1.0,1.0,1.0,1.0,1.0,1.0,1.0,1.0,1.0,1.0,1.0,1.0,1.0,1.0,1.0,1.0,1.0,1.0,1.0,1.0,1.0,1.0,1.0,1.0,1.0,1.0,1.0,1.0,1.0,1.0,1.0,1.0,1.0,1.0,1.0,1.0,1.0,1.0,1.0,1.0,1.0,1.0,1.0,1.0,1.0,1.0,1.0,1.0,1.0,1.0,1.0,1.0,1.0,1.0,1.0,1.0,1.0,1.0,1.0,1.0,1.0,1.0,1.0,1.0,1.0,1.0,1.0,1.0,1.0,1.0,1.0,1.0,1.0,1.0,1.0,1.0,1.0,1.0,1.0,1.0,1.0,1.0,1.0,1.0,1.0,1.0,1.0,1.0,1.0,1.0,1.0,1.0,1.0,1.0,1.0,1.0,1.0,1.0,1.0,1.0,1.0,1.0,1.0,1.0,1.0,1.0,1.0,1.0,1.0,1.0,1.0,1.0,1.0,1.0,1.0,1.0,1.0,1.0,1.0,1.0,1.0,1.0,1.0,1.0,1.0,1.0,1.0,1.0,1.0,1.0,1.0,1.0,1.0,1.0,1.0,1.0,1.0,1.0,1.0,1.0,1.0,1.0,1.0,1.0,1.0,1.0,1.0,1.0,1.0,1.0,1.0,1.0,1.0,1.0,1.0,1.0,1.0,1.0,1.0,1.0,1.0,1.0,1.0,1.0,1.0,1.0,1.0,1.0,1.0,1.0,1.0,1.0,1.0,1.0,1.0,1.0,1.0,1.0,1.0,1.0,1.0,1.0,1.0,1.0,1.0,1.0,1.0,1.0,1.0,1.0,1.0,1.0,1.0,1.0,1.0,1.0,1.0,1.0,1.0,1.0,1.0,1.0,1.0,1.0,1.0,1.0,1.0,1.0,1.0,1.0,1.0,1.0,1.0,1.0,1.0,1.0,1.0,1.0,1.0,1.0,1.0,1.0,1.0,1.0,1.0,1.0,1.0,1.0,1.0,1.0,1.0,1.0,1.0,1.0,1.0,1.0,1.0,1.0,1.0,1.0,1.0,1.0,1.0,1.0,1.0,1.0,1.0,1.0,1.0,1.0,1.0,1.0,1.0,1.0,1.0,1.0,1.0,1.0,1.0,1.0,1.0,1.0,1.0,1.0,1.0,1.0,1.0,1.0,1.0,1.0,1.0,1.0,1.0,1.0,1.0,1.0,1.0,1.0,1.0,1.0,1.0,1.0,1.0,1.0,1.0,1.0,1.0,1.0,1.0,1.0,1.0,1.0,1.0,1.0,1.0,1.0,1.0,1.0,1.0,1.0,1.0,1.0,1.0,1.0,1.0,1.0,1.0,1.0,1.0,1.0,1.0,1.0,1.0,1.0,1.0,1.0,1.0,1.0,1.0,1.0,1.0,1.0,1.0,1.0,1.0,1.0,1.0,1.0,1.0,1.0,1.0,1.0,1.0,1.0,1.0,1.0,1.0,1.0,1.0,1.0,1.0,1.0,1.0,1.0,1.0,1.0,1.0,1.0,1.0,1.0,1.0,1.0,1.0,1.0,1.0,1.0,1.0,1.0,1.0,1.0,1.0,1.0,1.0,1.0,1.0,1.0,1.0,1.0,1.0,1.0,1.0,1.0,1.0,1.0,1.0,1.0,1.0,1.0,1.0,1.0,1.0,1.0,1.0,1.0,1.0,1.0,1.0,1.0,1.0,1.0,1.0,1.0,1.0,1.0,1.0,1.0,1.0,1.0,1.0,1.0,1.0,1.0,1.0,1.0,1.0,1.0,1.0,1.0,1.0,1.0,1.0,1.0,1.0,1.0,1.0,1.0,1.0,1.0,1.0,1.0,1.0,1.0,1.0,1.0,1.0,1.0,1.0,1.0,1.0,1.0,1.0,1.0,1.0,1.0,1.0,1.0,1.0,1.0,1.0,1.0,1.0,1.0,1.0,1.0,1.0,1.0,1.0,1.0,1.0,1.0,1.0,1.0,1.0,1.0,1.0,1.0,1.0,1.0,1.0,1.0,1.0,1.0,1.0,1.0,1.0,1.0,1.0,1.0,1.0,1.0,1.0,1.0,1.0,1.0,1.0,1.0,1.0,1.0,1.0,1.0,1.0,1.0,1.0,1.0,1.0,1.0,1.0,1.0,1.0,1.0,1.0,1.0,1.0,1.0,1.0,1.0,1.0,1.0,1.0,1.0,1.0,1.0,1.0,1.0,1.0,1.0,1.0,1.0,1.0,1.0,1.0,1.0,1.0,1.0,1.0,1.0,1.0,1.0,1.0,1.0,1.0,1.0,1.0,1.0,1.0,1.0,1.0,1.0,1.0,1.0,1.0,1.0,1.0,1.0,1.0,1.0,1.0,1.0,1.0,1.0,1.0,1.0,1.0,1.0,1.0,1.0,1.0,1.0,1.0,1.0,1.0,1.0,1.0,1.0,1.0,1.0,1.0,1.0,1.0,1.0,1.0,1.0,1.0,1.0,1.0,1.0,1.0,1.0,1.0,1.0,1.0,1.0,1.0,1.0,1.0,1.0,1.0,1.0,1.0,1.0,1.0,1.0,1.0,1.0,1.0,1.0,1.0,1.0,1.0,1.0,1.0,1.0,1.0,1.0,1.0,1.0,1.0,1.0,1.0,1.0,1.0,1.0,1.0,1.0,1.0,1.0,1.0,1.0,1.0,1.0,1.0,1.0,1.0,1.0,1.0,1.0,1.0,1.0,1.0,1.0,1.0,1.0,1.0,1.0,1.0,1.0,1.0,1.0,1.0,1.0,1.0,1.0,1.0,1.0,1.0,1.0,1.0,1.0,1.0,1.0,1.0,1.0,1.0,1.0,1.0,1.0,1.0,1.0,1.0,1.0,1.0,1.0,1.0,1.0,1.0,1.0,1.0,1.0,1.0,1.0,1.0,1.0,1.0,1.0,1.0,1.0,1.0,1.0,1.0,1.0,1.0,1.0,1.0,1.0,1.0,1.0,1.0,1.0,1.0,1.0,1.0,1.0,1.0,1.0,1.0,1.0,1.0,1.0,1.0,1.0,1.0,1.0,1.0,1.0,1.0,1.0,1.0,1.0,1.0,1.0,1.0,1.0,1.0,1.0,1.0,1.0,1.0,1.0,1.0,1.0,1.0,1.0,1.0,1.0,1.0,1.0,1.0,1.0,1.0,1.0,1.0,1.0,1.0,1.0,1.0,1.0,1.0,1.0,1.0,1.0,1.0,1.0,1.0,1.0,1.0,1.0,1.0,1.0,1.0,1.0,1.0,1.0,1.0,1.0,1.0,1.0,1.0,1.0,1.0,1.0,1.0,1.0,1.0,1.0,1.0,1.0,1.0,1.0,1.0,1.0,1.0,1.0,1.0,1.0,1.0,1.0,1.0,1.0,1.0,1.0,1.0,1.0,1.0,1.0,1.0,1.0,1.0,1.0,1.0,1.0,1.0,1.0,1.0,1.0,1.0,1.0,1.0,1.0,1.0,1.0,1.0,1.0,1.0,1.0,1.0,1.0,1.0,1.0,1.0,1.0,1.0,1.0,1.0,1.0,1.0,1.0,1.0,1.0,1.0,1.0,1.0,1.0,1.0,1.0,1.0,1.0,1.0,1.0,1.0,1.0,1.0,1.0,1.0,1.0,1.0,1.0,1.0,1.0,1.0,1.0,1.0,1.0,1.0,1.0,1.0,1.0,1.0,1.0,1.0,1.0,1.0,1.0,1.0,1.0,1.0,1.0,1.0,1.0,1.0,1.0,1.0,1.0,1.0,1.0,1.0,1.0,1.0,1.0,1.0,1.0,1.0,1.0,1.0,1.0,1.0,1.0,1.0,1.0,1.0,1.0,1.0,1.0,1.0,1.0,1.0,1.0,1.0,1.0,1.0,1.0,1.0,1.0,1.0,1.0,1.0,1.0,1.0,1.0,1.0,1.0,1.0,1.0,1.0,1.0,1.0,1.0,1.0,1.0,1.0,1.0,1.0,1.0,1.0,1.0,1.0,1.0,1.0,1.0,1.0,1.0,1.0,1.0,1.0,1.0,1.0,1.0,1.0,1.0,1.0,1.0,1.0,1.0,1.0,1.0,1.0,1.0,1.0,1.0,1.0,1.0,1.0,1.0,1.0,1.0,1.0,1.0,1.0,1.0,1.0,1.0,1.0,1.0,1.0,1.0,1.0,1.0,1.0,1.0,1.0,1.0,1.0,1.0,1.0,1.0,1.0,1.0,1.0,1.0,1.0,1.0,1.0,1.0,1.0,1.0,1.0,1.0,1.0,1.0,1.0,1.0,1.0,1.0,1.0,1.0,1.0,1.0,1.0,1.0,1.0,1.0,1.0,1.0,1.0,1.0,1.0,1.0,1.0,1.0,1.0,1.0,1.0,1.0,1.0,1.0,1.0,1.0,1.0,1.0,1.0,1.0,1.0,1.0,1.0,1.0,1.0,1.0,1.0,1.0,1.0,1.0,1.0,1.0,1.0,1.0,1.0,1.0,1.0,1.0,1.0,1.0,1.0,1.0,1.0,1.0,1.0,1.0,1.0,1.0,1.0,1.0,1.0,1.0,1.0,1.0,1.0,1.0,1.0,1.0,1.0,1.0,1.0,1.0,1.0,1.0,1.0,1.0,1.0,1.0,1.0,1.0,1.0,1.0,1.0,1.0,1.0,1.0,1.0,1.0,1.0,1.0,1.0,1.0,1.0,1.0,1.0,1.0,1.0,1.0,1.0,1.0,1.0,1.0,1.0,1.0,1.0,1.0,1.0,1.0,1.0,1.0,1.0,1.0,1.0,1.0,1.0,1.0,1.0,1.0,1.0,1.0,1.0,1.0,1.0,1.0,1.0,1.0,1.0,1.0,1.0,1.0,1.0,1.0,1.0,1.0,1.0,1.0,1.0,1.0,1.0,1.0,1.0,1.0,1.0,1.0,1.0,1.0,1.0,1.0,1.0,1.0,1.0,1.0,1.0,1.0,1.0,1.0,1.0,1.0,1.0,1.0,1.0,1.0,1.0,1.0,1.0,1.0,1.0,1.0,1.0,1.0,1.0,1.0,1.0,1.0,1.0,1.0,1.0,1.0,1.0,1.0,1.0,1.0,1.0,1.0,1.0,1.0,1.0,1.0,1.0,1.0,1.0,1.0,1.0,1.0,1.0,1.0,1.0,1.0,1.0,1.0,1.0,1.0,1.0,1.0,1.0,1.0,1.0,1.0,1.0,1.0,1.0,1.0,1.0,1.0,1.0,1.0,1.0,1.0,1.0,1.0,1.0,1.0,1.0,1.0,1.0,1.0,1.0,1.0,1.0,1.0,1.0,1.0,1.0,1.0,1.0,1.0,1.0,1.0,1.0,1.0,1.0,1.0,1.0,1.0,1.0,1.0,1.0,1.0,1.0,1.0,1.0,1.0,1.0,1.0,1.0,1.0,1.0,1.0,1.0,1.0,1.0,1.0,1.0,1.0,1.0,1.0,1.0,1.0,1.0,1.0,1.0,1.0,1.0,1.0,1.0,1.0,1.0,1.0,1.0,1.0,1.0,1.0,1.0,1.0,1.0,1.0,1.0,1.0,1.0,1.0,1.0,1.0,1.0,1.0,1.0,1.0,1.0,1.0,1.0,1.0,1.0,1.0,1.0,1.0,1.0,1.0,1.0,1.0,1.0,1.0,1.0,1.0,1.0,1.0,1.0,1.0,1.0,1.0,1.0,1.0,1.0,1.0,1.0,1.0,1.0,1.0,1.0,1.0,1.0,1.0,1.0,1.0,1.0,1.0,1.0,1.0,1.0,1.0,1.0,1.0,1.0,1.0,1.0,1.0,1.0,1.0,1.0,1.0,1.0,1.0,1.0,1.0,1.0,1.0,1.0,1.0,1.0,1.0,1.0,1.0,1.0,1.0,1.0,1.0,1.0,1.0,1.0,1.0,1.0,1.0,1.0,1.0,1.0,1.0,1.0,1.0,1.0,1.0,1.0,1.0,1.0,1.0,1.0,1.0,1.0,1.0,1.0,1.0,1.0,1.0,1.0,1.0,1.0,1.0,1.0,1.0,1.0,1.0,1.0,1.0,1.0,1.0,1.0,1.0,1.0,1.0,1.0,1.0,1.0,1.0,1.0,1.0,1.0,1.0,1.0,1.0,1.0,1.0,1.0,1.0,1.0,1.0,1.0,1.0,1.0,1.0,1.0,1.0,1.0,1.0,1.0,1.0,1.0,1.0,1.0,1.0,1.0,1.0,1.0,1.0,1.0,1.0,1.0,1.0,1.0,1.0,1.0,1.0,1.0,1.0,1.0,1.0,1.0,1.0,1.0,1.0,1.0,1.0,1.0,1.0,1.0,1.0,1.0,1.0,1.0,1.0,1.0,1.0,1.0,1.0,1.0,1.0,1.0,1.0,1.0,1.0,1.0,1.0,1.0,1.0,1.0,1.0,1.0,1.0,1.0,1.0,1.0,1.0,1.0,1.0,1.0,1.0,1.0,1.0,1.0,1.0,1.0,1.0,1.0,1.0,1.0,1.0,1.0,1.0,1.0,1.0,1.0,1.0,1.0,1.0,1.0,1.0,1.0,1.0,1.0,1.0,1.0,1.0,1.0,1.0,1.0,1.0,1.0,1.0,1.0,1.0,1.0,1.0,1.0,1.0,1.0,1.0,1.0,1.0,1.0,1.0,1.0,1.0,1.0,1.0,1.0,1.0,1.0,1.0,1.0,1.0,1.0,1.0,1.0,1.0,1.0,1.0,1.0,1.0,1.0,1.0,1.0,1.0,1.0,1.0,1.0,1.0,1.0,1.0,1.0,1.0,1.0,1.0,1.0,1.0,1.0,1.0,1.0,1.0,1.0,1.0,1.0,1.0,1.0,1.0,1.0,1.0,1.0,1.0,1.0,1.0,1.0,1.0,1.0,1.0,1.0,1.0,1.0,1.0,1.0,1.0,1.0,1.0,1.0,1.0,1.0,1.0,1.0,1.0,1.0,1.0,1.0,1.0,1.0,1.0,1.0,1.0,1.0,1.0,1.0,1.0,1.0,1.0,1.0,1.0,1.0,1.0,1.0,1.0,1.0,1.0,1.0,1.0,1.0,1.0,1.0,1.0,1.0,1.0,1.0,1.0,1.0,1.0,1.0,1.0,1.0,1.0,1.0,1.0,1.0,1.0,1.0,1.0,1.0,1.0,1.0,1.0,1.0,1.0,1.0,1.0,1.0,1.0,1.0,1.0,1.0,1.0,1.0,1.0,1.0,1.0,1.0,1.0,1.0,1.0,1.0,1.0,1.0,1.0,1.0,1.0,1.0,1.0,1.0,1.0,1.0,1.0,1.0,1.0,1.0,1.0,1.0,1.0,1.0,1.0,1.0,1.0,1.0,1.0,1.0,1.0,1.0,1.0,1.0,1.0,1.0,1.0,1.0,1.0,1.0,1.0,1.0,1.0,1.0,1.0,1.0,1.0,1.0,1.0,1.0,1.0,1.0,1.0,1.0,1.0,1.0,1.0,1.0,1.0,1.0,1.0,1.0,1.0,1.0,1.0,1.0,1.0,1.0,1.0,1.0,1.0,1.0,1.0,1.0,1.0,1.0,1.0,1.0,1.0,1.0,1.0,1.0,1.0,1.0,1.0,1.0,1.0,1.0,1.0,1.0,1.0,1.0,1.0,1.0,1.0,1.0,1.0,1.0,1.0,1.0,1.0,1.0,1.0,1.0,1.0,1.0,1.0,1.0,1.0,1.0,1.0,1.0,1.0,1.0,1.0,1.0,1.0,1.0,1.0,1.0,1.0,1.0,1.0,1.0,1.0,1.0,1.0,1.0,1.0,1.0,1.0,1.0,1.0,1.0,1.0,1.0,1.0,1.0,1.0,1.0,1.0,1.0,1.0,1.0,1.0,1.0,1.0,1.0,1.0,1.0,1.0,1.0,1.0,1.0,1.0,1.0,1.0,1.0,1.0,1.0,1.0,1.0,1.0,1.0,1.0,1.0,1.0,1.0,1.0,1.0,1.0,1.0,1.0,1.0,1.0,1.0,1.0,1.0,1.0,1.0,1.0,1.0,1.0,1.0,1.0,1.0,1.0,1.0,1.0,1.0,1.0,1.0,1.0,1.0,1.0,1.0,1.0,1.0,1.0,1.0,1.0,1.0,1.0,1.0,1.0,1.0,1.0,1.0,1.0,1.0,1.0,1.0,1.0,1.0,1.0,1.0,1.0,1.0,1.0,1.0,1.0,1.0,1.0,1.0,1.0,1.0,1.0,1.0,1.0,1.0,1.0,1.0,1.0,1.0,1.0,1.0,1.0,1.0,1.0,1.0,1.0,1.0,1.0,1.0,1.0,1.0,1.0,1.0,1.0,1.0,1.0,1.0,1.0,1.0,1.0,1.0,1.0,1.0,1.0,1.0,1.0,1.0,1.0,1.0,1.0,1.0,1.0,1.0,1.0,1.0,1.0,1.0,1.0,1.0,1.0,1.0,1.0,1.0,1.0,1.0,1.0,1.0,1.0,1.0,1.0,1.0,1.0,1.0,1.0,1.0,1.0,1.0,1.0,1.0,1.0,1.0,1.0,1.0,1.0,1.0,1.0,1.0,1.0,1.0,1.0,1.0,1.0,1.0,1.0,1.0,1.0,1.0,1.0,1.0,1.0,1.0,1.0,1.0,1.0,1.0,1.0,1.0,1.0,1.0,1.0,1.0,1.0,1.0,1.0,1.0,1.0,1.0,1.0,1.0,1.0,1.0,1.0,1.0,1.0,1.0,1.0,1.0,1.0,1.0,1.0,1.0,1.0,1.0,1.0,1.0,1.0,1.0,1.0,1.0,1.0,1.0,1.0,1.0,1.0,1.0,1.0,1.0,1.0,1.0,1.0,1.0,1.0,1.0,1.0,1.0,1.0,1.0,1.0,1.0,1.0,1.0,1.0,1.0,1.0,1.0,1.0,1.0,1.0,1.0,1.0,1.0,1.0,1.0,1.0,1.0,1.0,1.0,1.0,1.0,1.0,1.0,1.0,1.0,1.0,1.0,1.0,1.0,1.0,1.0,1.0,1.0,1.0,1.0,1.0,1.0,1.0,1.0,1.0,1.0,1.0,1.0,1.0,1.0,1.0,1.0,1.0,1.0,1.0,1.0,1.0,1.0,1.0,1.0,1.0,1.0,1.0,1.0,1.0,1.0,1.0,1.0,1.0,1.0,1.0,1.0,1.0,1.0,1.0,1.0,1.0,1.0,1.0,1.0,1.0,1.0,1.0,1.0,1.0,1.0,1.0,1.0,1.0,1.0,1.0,1.0,1.0,1.0,1.0,1.0,1.0,1.0,1.0,1.0,1.0,1.0,1.0,1.0,1.0,1.0,1.0,1.0,1.0,1.0,1.0,1.0,1.0,1.0,1.0,1.0,1.0,1.0,1.0,1.0,1.0,1.0,1.0,1.0,1.0,1.0,1.0,1.0,1.0,1.0,1.0,1.0,1.0,1.0,1.0,1.0,1.0,1.0,1.0,1.0,1.0,1.0,1.0,1.0,1.0,1.0,1.0,1.0,1.0,1.0,1.0,1.0,1.0,1.0,1.0,1.0,1.0,1.0,1.0,1.0,1.0,1.0,1.0,1.0,1.0,1.0,1.0,1.0,1.0,1.0,1.0,1.0,1.0,1.0,1.0,1.0,1.0,1.0,1.0,1.0,1.0,1.0,1.0,1.0,1.0,1.0,1.0,1.0,1.0,1.0,1.0,1.0,1.0,1.0,1.0,1.0,1.0,1.0,1.0,1.0,1.0,1.0,1.0,1.0,1.0,1.0,1.0,1.0,1.0,1.0,1.0,1.0,1.0,1.0,1.0,1.0,1.0,1.0,1.0,1.0,1.0,1.0,1.0,1.0,1.0,1.0,1.0,1.0,1.0,1.0,1.0,1.0,1.0,1.0,1.0,1.0,1.0,1.0,1.0,1.0,1.0,1.0,1.0,1.0,1.0,1.0,1.0,1.0,1.0,1.0,1.0,1.0,1.0,1.0,1.0,1.0,1.0,1.0,1.0,1.0,1.0,1.0,1.0,1.0,1.0,1.0,1.0,1.0,1.0,1.0,1.0,1.0,1.0,1.0,1.0,1.0,1.0,1.0,1.0,1.0,1.0,1.0,1.0,1.0,1.0,1.0,1.0,1.0,1.0,1.0,1.0,1.0,1.0,1.0,1.0,1.0,1.0,1.0,1.0,1.0,1.0,1.0,1.0,1.0,1.0,1.0,1.0,1.0,1.0,1.0,1.0,1.0,1.0,1.0,1.0,1.0,1.0,1.0,1.0,1.0,1.0,1.0,1.0,1.0,1.0,1.0,1.0,1.0,1.0,1.0,1.0,1.0,1.0,1.0,1.0,1.0,1.0,1.0,1.0,1.0,1.0,1.0,1.0,1.0,1.0,1.0,1.0,1.0,1.0,1.0,1.0,1.0,1.0,1.0,1.0,1.0,1.0,1.0,1.0,1.0,1.0,1.0,1.0,1.0,1.0,1.0,1.0,1.0,1.0,1.0,1.0,1.0,1.0,1.0,1.0,1.0,1.0,1.0,1.0,1.0,1.0,1.0,1.0,1.0,1.0,1.0,1.0,1.0,1.0,1.0,1.0,1.0,1.0,1.0,1.0,1.0,1.0,1.0,1.0,1.0,1.0,1.0,1.0,1.0,1.0,1.0,1.0,1.0,1.0,1.0,1.0,1.0,1.0,1.0,1.0,1.0,1.0,1.0,1.0,1.0,1.0,1.0,1.0,1.0,1.0,1.0,1.0,1.0,1.0,1.0,1.0,1.0,1.0,1.0,1.0,1.0,1.0,1.0,1.0,1.0,1.0,1.0,1.0,1.0,1.0,1.0,1.0,1.0,1.0,1.0,1.0,1.0,1.0,1.0,1.0,1.0,1.0,1.0,1.0,1.0,1.0,1.0,1.0,1.0,1.0,1.0,1.0,1.0,1.0,1.0,1.0,1.0,1.0,1.0,1.0,1.0,1.0,1.0,1.0,1.0,1.0,1.0,1.0,1.0,1.0,1.0,1.0,1.0,1.0,1.0,1.0,1.0,1.0,1.0,1.0,1.0,1.0,1.0,1.0,1.0,1.0,1.0,1.0,1.0,1.0,1.0,1.0,1.0,1.0,1.0,1.0,1.0,1.0,1.0,1.0,1.0,1.0,1.0,1.0,1.0,1.0,1.0,1.0,1.0,1.0,1.0,1.0,1.0,1.0,1.0,1.0,1.0,1.0,1.0,1.0,1.0,1.0,1.0,1.0,1.0,1.0,1.0,1.0,1.0,1.0,1.0,1.0,1.0,1.0,1.0,1.0,1.0,1.0,1.0,1.0,1.0,1.0,1.0,1.0,1.0,1.0,1.0,1.0,1.0,1.0,1.0,1.0,1.0,1.0,1.0,1.0,1.0,1.0,1.0,1.0,1.0,1.0,1.0,1.0,1.0,1.0,1.0,1.0,1.0,1.0,1.0,1.0,1.0,1.0,1.0,1.0,1.0,1.0,1.0,1.0,1.0,1.0,1.0,1.0,1.0,1.0,1.0,1.0,1.0,1.0,1.0,1.0,1.0,1.0,1.0,1.0,1.0,1.0,1.0,1.0,1.0,1.0,1.0,1.0,1.0,1.0,1.0,1.0,1.0,1.0,1.0,1.0,1.0,1.0,1.0,1.0,1.0,1.0,1.0,1.0,1.0,1.0,1.0,1.0,1.0,1.0,1.0,1.0,1.0,1.0,1.0,1.0,1.0,1.0,1.0,1.0,1.0,1.0,1.0,1.0,1.0,1.0,1.0,1.0,1.0,1.0,1.0,1.0,1.0,1.0,1.0,1.0,1.0,1.0,1.0,1.0,1.0,1.0,1.0,1.0,1.0,1.0,1.0,1.0,1.0,1.0,1.0,1.0,1.0,1.0,1.0,1.0,1.0,1.0,1.0,1.0,1.0,1.0,1.0,1.0,1.0,1.0,1.0,1.0,1.0,1.0,1.0,1.0,1.0,1.0,1.0,1.0,1.0,1.0,1.0,1.0,1.0,1.0,1.0,1.0,1.0,1.0,1.0,1.0,1.0,1.0,1.0,1.0,1.0,1.0,1.0,1.0,1.0,1.0,1.0,1.0,1.0,1.0,1.0,1.0,1.0,1.0,1.0,1.0,1.0,1.0,1.0,1.0,1.0,1.0,1.0,1.0,1.0,1.0,1.0,1.0,1.0,1.0,1.0,1.0,1.0,1.0,1.0,1.0,1.0,1.0,1.0,1.0,1.0,1.0,1.0,1.0,1.0,1.0,1.0,1.0,1.0,1.0,1.0,1.0,1.0,1.0,1.0,1.0,1.0,1.0,1.0,1.0,1.0,1.0,1.0,1.0,1.0,1.0,1.0,1.0,1.0,1.0,1.0,1.0,1.0,1.0,1.0,1.0,1.0,1.0,1.0,1.0,1.0,1.0,1.0,1.0,1.0,1.0,1.0,1.0,1.0,1.0,1.0,1.0,1.0,1.0,1.0,1.0,1.0,1.0,1.0,1.0,1.0,1.0,1.0,1.0,1.0,1.0,1.0,1.0,1.0,1.0,1.0,1.0,1.0,1.0,1.0,1.0,1.0,1.0,1.0,1.0,1.0,1.0,1.0,1.0,1.0,1.0,1.0,1.0,1.0,1.0,1.0,1.0,1.0,1.0,1.0,1.0,1.0,1.0,1.0,1.0,1.0,1.0,1.0,1.0,1.0,1.0,1.0,1.0,1.0,1.0,1.0,1.0,1.0,1.0,1.0,1.0,1.0,1.0,1.0,1.0,1.0,1.0,1.0,1.0,1.0,1.0
1.0,1.0,1.0,1.0,1.0,1.0,1.0,1.0,1.0,1.0,1.0,1.0,1.0,1.0,1.0,1.0,1.0,1.0,1.0,1.0,1.0,1.0,1.0,1.0,1.0,1.0,1.0,1.0,1.0,1.0,1.0,1.0,1.0,1.0,1.0,1.0,1.0,1.0,1.0,1.0,1.0,1.0,1.0,1.0,1.0,1.0,1.0,1.0,1.0,1.0,1.0,1.0,1.0,1.0,1.0,1.0,1.0,1.0,1.0,1.0,1.0,1.0,1.0,1.0,1.0,1.0,1.0,1.0,1.0,1.0,1.0,1.0,1.0,1.0,1.0,1.0,1.0,1.0,1.0,1.0,1.0,1.0,1.0,1.0,1.0,1.0,1.0,1.0,1.0,1.0,1.0,1.0,1.0,1.0,1.0,1.0,1.0,1.0,1.0,1.0,1.0,1.0,1.0,1.0,1.0,1.0,1.0,1.0,1.0,1.0,1.0,1.0,1.0,1.0,1.0,1.0,1.0,1.0,1.0,1.0,1.0,1.0,1.0,1.0,1.0,1.0,1.0,1.0,1.0,1.0,1.0,1.0,1.0,1.0,1.0,1.0,1.0,1.0,1.0,1.0,1.0,1.0,1.0,1.0,1.0,1.0,1.0,1.0,1.0,1.0,1.0,1.0,1.0,1.0,1.0,1.0,1.0,1.0,1.0,1.0,1.0,1.0,1.0,1.0,1.0,1.0,1.0,1.0,1.0,1.0,1.0,1.0,1.0,1.0,1.0,1.0,1.0,1.0,1.0,1.0,1.0,1.0,1.0,1.0,1.0,1.0,1.0,1.0,1.0,1.0,1.0,1.0,1.0,1.0,1.0,1.0,1.0,1.0,1.0,1.0,1.0,1.0,1.0,1.0,1.0,1.0,1.0,1.0,1.0,1.0,1.0,1.0,1.0,1.0,1.0,1.0,1.0,1.0,1.0,1.0,1.0,1.0,1.0,1.0,1.0,1.0,1.0,1.0,1.0,1.0,1.0,1.0,1.0,1.0,1.0,1.0,1.0,1.0,1.0,1.0,1.0,1.0,1.0,1.0,1.0,1.0,1.0,1.0,1.0,1.0,1.0,1.0,1.0,1.0,1.0,1.0,1.0,1.0,1.0,1.0,1.0,1.0,1.0,1.0,1.0,1.0,1.0,1.0,1.0,1.0,1.0,1.0,1.0,1.0,1.0,1.0,1.0,1.0,1.0,1.0,1.0,1.0,1.0,1.0,1.0,1.0,1.0,1.0,1.0,1.0,1.0,1.0,1.0,1.0,1.0,1.0,1.0,1.0,1.0,1.0,1.0,1.0,1.0,1.0,1.0,1.0,1.0,1.0,1.0,1.0,1.0,1.0,1.0,1.0,1.0,1.0,1.0,1.0,1.0,1.0,1.0,1.0,1.0,1.0,1.0,1.0,1.0,1.0,1.0,1.0,1.0,1.0,1.0,1.0,1.0,1.0,1.0,1.0,1.0,1.0,1.0,1.0,1.0,1.0,1.0,1.0,1.0,1.0,1.0,1.0,1.0,1.0,1.0,1.0,1.0,1.0,1.0,1.0,1.0,1.0,1.0,1.0,1.0,1.0,1.0,1.0,1.0,1.0,1.0,1.0,1.0,1.0,1.0,1.0,1.0,1.0,1.0,1.0,1.0,1.0,1.0,1.0,1.0,1.0,1.0,1.0,1.0,1.0,1.0,1.0,1.0,1.0,1.0,1.0,1.0,1.0,1.0,1.0,1.0,1.0,1.0,1.0,1.0,1.0,1.0,1.0,1.0,1.0,1.0,1.0,1.0,1.0,1.0,1.0,1.0,1.0,1.0,1.0,1.0,1.0,1.0,1.0,1.0,1.0,1.0,1.0,1.0,1.0,1.0,1.0,1.0,1.0,1.0,1.0,1.0,1.0,1.0,1.0,1.0,1.0,1.0,1.0,1.0,1.0,1.0,1.0,1.0,1.0,1.0,1.0,1.0,1.0,1.0,1.0,1.0,1.0,1.0,1.0,1.0,1.0,1.0,1.0,1.0,1.0,1.0,1.0,1.0,1.0,1.0,1.0,1.0,1.0,1.0,1.0,1.0,1.0,1.0,1.0,1.0,1.0,1.0,1.0,1.0,1.0,1.0,1.0,1.0,1.0,1.0,1.0,1.0,1.0,1.0,1.0,1.0,1.0,1.0,1.0,1.0,1.0,1.0,1.0,1.0,1.0,1.0,1.0,1.0,1.0,1.0,1.0,1.0,1.0,1.0,1.0,1.0,1.0,1.0,1.0,1.0,1.0,1.0,1.0,1.0,1.0,1.0,1.0,1.0,1.0,1.0,1.0,1.0,1.0,1.0,1.0,1.0,1.0,1.0,1.0,1.0,1.0,1.0,1.0,1.0,1.0,1.0,1.0,1.0,1.0,1.0,1.0,1.0,1.0,1.0,1.0,1.0,1.0,1.0,1.0,1.0,1.0,1.0,1.0,1.0,1.0,1.0,1.0,1.0,1.0,1.0,1.0,1.0,1.0,1.0,1.0,1.0,1.0,1.0,1.0,1.0,1.0,1.0,1.0,1.0,1.0,1.0,1.0,1.0,1.0,1.0,1.0,1.0,1.0,1.0,1.0,1.0,1.0,1.0,1.0,1.0,1.0,1.0,1.0,1.0,1.0,1.0,1.0,1.0,1.0,1.0,1.0,1.0,1.0,1.0,1.0,1.0,1.0,1.0,1.0,1.0,1.0,1.0,1.0,1.0,1.0,1.0,1.0,1.0,1.0,1.0,1.0,1.0,1.0,1.0,1.0,1.0,1.0,1.0,1.0,1.0,1.0,1.0,1.0,1.0,1.0,1.0,1.0,1.0,1.0,1.0,1.0,1.0,1.0,1.0,1.0,1.0,1.0,1.0,1.0,1.0,1.0,1.0,1.0,1.0,1.0,1.0,1.0,1.0,1.0,1.0,1.0,1.0,1.0,1.0,1.0,1.0,1.0,1.0,1.0,1.0,1.0,1.0,1.0,1.0,1.0,1.0,1.0,1.0,1.0,1.0,1.0,1.0,1.0,1.0,1.0,1.0,1.0,1.0,1.0,1.0,1.0,1.0,1.0,1.0,1.0,1.0,1.0,1.0,1.0,1.0,1.0,1.0,1.0,1.0,1.0,1.0,1.0,1.0,1.0,1.0,1.0,1.0,1.0,1.0,1.0,1.0,1.0,1.0,1.0,1.0,1.0,1.0,1.0,1.0,1.0,1.0,1.0,1.0,1.0,1.0,1.0,1.0,1.0,1.0,1.0,1.0,1.0,1.0,1.0,1.0,1.0,1.0,1.0,1.0,1.0,1.0,1.0,1.0,1.0,1.0,1.0,1.0,1.0,1.0,1.0,1.0,1.0,1.0,1.0,1.0,1.0,1.0,1.0,1.0,1.0,1.0,1.0,1.0,1.0,1.0,1.0,1.0,1.0,1.0,1.0,1.0,1.0,1.0,1.0,1.0,1.0,1.0,1.0,1.0,1.0,1.0,1.0,1.0,1.0,1.0,1.0,1.0,1.0,1.0,1.0,1.0,1.0,1.0,1.0,1.0,1.0,1.0,1.0,1.0,1.0,1.0,1.0,1.0,1.0,1.0,1.0,1.0,1.0,1.0,1.0,1.0,1.0,1.0,1.0,1.0,1.0,1.0,1.0,1.0,1.0,1.0,1.0,1.0,1.0,1.0,1.0,1.0,1.0,1.0,1.0,1.0,1.0,1.0,1.0,1.0,1.0,1.0,1.0,1.0,1.0,1.0,1.0,1.0,1.0,1.0,1.0,1.0,1.0,1.0,1.0,1.0,1.0,1.0,1.0,1.0,1.0,1.0,1.0,1.0,1.0,1.0,1.0,1.0,1.0,1.0,1.0,1.0,1.0,1.0,1.0,1.0,1.0,1.0,1.0,1.0,1.0,1.0,1.0,1.0,1.0,1.0,1.0,1.0,1.0,1.0,1.0,1.0,1.0,1.0,1.0,1.0,1.0,1.0,1.0,1.0,1.0,1.0,1.0,1.0,1.0,1.0,1.0,1.0,1.0,1.0,1.0,1.0,1.0,1.0,1.0,1.0,1.0,1.0,1.0,1.0,1.0,1.0,1.0,1.0,1.0,1.0,1.0,1.0,1.0,1.0,1.0,1.0,1.0,1.0,1.0,1.0,1.0,1.0,1.0,1.0,1.0,1.0,1.0,1.0,1.0,1.0,1.0,1.0,1.0,1.0,1.0,1.0,1.0,1.0,1.0,1.0,1.0,1.0,1.0,1.0,1.0,1.0,1.0,1.0,1.0,1.0,1.0,1.0,1.0,1.0,1.0,1.0,1.0,1.0,1.0,1.0,1.0,1.0,1.0,1.0,1.0,1.0,1.0,1.0,1.0,1.0,1.0,1.0,1.0,1.0,1.0,1.0,1.0,1.0,1.0,1.0,1.0,1.0,1.0,1.0,1.0,1.0,1.0,1.0,1.0,1.0,1.0,1.0,1.0,1.0,1.0,1.0,1.0,1.0,1.0,1.0,1.0,1.0,1.0,1.0,1.0,1.0,1.0,1.0,1.0,1.0,1.0,1.0,1.0,1.0,1.0,1.0,1.0,1.0,1.0,1.0,1.0,1.0,1.0,1.0,1.0,1.0,1.0,1.0,1.0,1.0,1.0,1.0,1.0,1.0,1.0,1.0,1.0,1.0,1.0,1.0,1.0,1.0,1.0,1.0,1.0,1.0,1.0,1.0,1.0,1.0,1.0,1.0,1.0,1.0,1.0,1.0,1.0,1.0,1.0,1.0,1.0,1.0,1.0,1.0,1.0,1.0,1.0,1.0,1.0,1.0,1.0,1.0,1.0,1.0,1.0,1.0,1.0,1.0,1.0,1.0,1.0,1.0,1.0,1.0,1.0,1.0,1.0,1.0,1.0,1.0,1.0,1.0,1.0,1.0,1.0,1.0,1.0,1.0,1.0,1.0,1.0,1.0,1.0,1.0,1.0,1.0,1.0,1.0,1.0,1.0,1.0,1.0,1.0,1.0,1.0,1.0,1.0,1.0,1.0,1.0,1.0,1.0,1.0,1.0,1.0,1.0,1.0,1.0,1.0,1.0,1.0,1.0,1.0,1.0,1.0,1.0,1.0,1.0,1.0,1.0,1.0,1.0,1.0,1.0,1.0,1.0,1.0,1.0,1.0,1.0,1.0,1.0,1.0,1.0,1.0,1.0,1.0,1.0,1.0,1.0,1.0,1.0,1.0,1.0,1.0,1.0,1.0,1.0,1.0,1.0,1.0,1.0,1.0,1.0,1.0,1.0,1.0,1.0,1.0,1.0,1.0,1.0,1.0,1.0,1.0,1.0,1.0,1.0,1.0,1.0,1.0,1.0,1.0,1.0,1.0,1.0,1.0,1.0,1.0,1.0,1.0,1.0,1.0,1.0,1.0,1.0,1.0,1.0,1.0,1.0,1.0,1.0,1.0,1.0,1.0,1.0,1.0,1.0,1.0,1.0,1.0,1.0,1.0,1.0,1.0,1.0,1.0,1.0,1.0,1.0,1.0,1.0,1.0,1.0,1.0,1.0,1.0,1.0,1.0,1.0,1.0,1.0,1.0,1.0,1.0,1.0,1.0,1.0,1.0,1.0,1.0,1.0,1.0,1.0,1.0,1.0,1.0,1.0,1.0,1.0,1.0,1.0,1.0,1.0,1.0,1.0,1.0,1.0,1.0,1.0,1.0,1.0,1.0,1.0,1.0,1.0,1.0,1.0,1.0,1.0,1.0,1.0,1.0,1.0,1.0,1.0,1.0,1.0,1.0,1.0,1.0,1.0,1.0,1.0,1.0,1.0,1.0,1.0,1.0,1.0,1.0,1.0,1.0,1.0,1.0,1.0,1.0,1.0,1.0,1.0,1.0,1.0,1.0,1.0,1.0,1.0,1.0,1.0,1.0,1.0,1.0,1.0,1.0,1.0,1.0,1.0,1.0,1.0,1.0,1.0,1.0,1.0,1.0,1.0,1.0,1.0,1.0,1.0,1.0,1.0,1.0,1.0,1.0,1.0,1.0,1.0,1.0,1.0,1.0,1.0,1.0,1.0,1.0,1.0,1.0,1.0,1.0,1.0,1.0,1.0,1.0,1.0,1.0,1.0,1.0,1.0,1.0,1.0,1.0,1.0,1.0,1.0,1.0,1.0,1.0,1.0,1.0,1.0,1.0,1.0,1.0,1.0,1.0,1.0,1.0,1.0,1.0,1.0,1.0,1.0,1.0,1.0,1.0,1.0,1.0,1.0,1.0,1.0,1.0,1.0,1.0,1.0,1.0,1.0,1.0,1.0,1.0,1.0,1.0,1.0,1.0,1.0,1.0,1.0,1.0,1.0,1.0,1.0,1.0,1.0,1.0,1.0,1.0,1.0,1.0,1.0,1.0,1.0,1.0,1.0,1.0,1.0,1.0,1.0,1.0,1.0,1.0,1.0,1.0,1.0,1.0,1.0,1.0,1.0,1.0,1.0,1.0,1.0,1.0,1.0,1.0,1.0,1.0,1.0,1.0,1.0,1.0,1.0,1.0,1.0,1.0,1.0,1.0,1.0,1.0,1.0,1.0,1.0,1.0,1.0,1.0,1.0,1.0,1.0,1.0,1.0,1.0,1.0,1.0,1.0,1.0,1.0,1.0,1.0,1.0,1.0,1.0,1.0,1.0,1.0,1.0,1.0,1.0,1.0,1.0,1.0,1.0,1.0,1.0,1.0,1.0,1.0,1.0,1.0,1.0,1.0,1.0,1.0,1.0,1.0,1.0,1.0,1.0,1.0,1.0,1.0,1.0,1.0,1.0,1.0,1.0,1.0,1.0,1.0,1.0,1.0,1.0,1.0,1.0,1.0,1.0,1.0,1.0,1.0,1.0,1.0,1.0,1.0,1.0,1.0,1.0,1.0,1.0,1.0,1.0,1.0,1.0,1.0,1.0,1.0,1.0,1.0,1.0,1.0,1.0,1.0,1.0,1.0,1.0,1.0,1.0,1.0,1.0,1.0,1.0,1.0,1.0,1.0,1.0,1.0,1.0,1.0,1.0,1.0,1.0,1.0,1.0,1.0,1.0,1.0,1.0,1.0,1.0,1.0,1.0,1.0,1.0,1.0,1.0,1.0,1.0,1.0,1.0,1.0,1.0,1.0,1.0,1.0,1.0,1.0,1.0,1.0,1.0,1.0,1.0,1.0,1.0,1.0,1.0,1.0,1.0,1.0,1.0,1.0,1.0,1.0,1.0,1.0,1.0,1.0,1.0,1.0,1.0,1.0,1.0,1.0,1.0,1.0,1.0,1.0,1.0,1.0,1.0,1.0,1.0,1.0,1.0,1.0,1.0,1.0,1.0,1.0,1.0,1.0,1.0,1.0,1.0,1.0,1.0,1.0,1.0,1.0,1.0,1.0,1.0,1.0,1.0,1.0,1.0,1.0,1.0,1.0,1.0,1.0,1.0,1.0,1.0,1.0,1.0,1.0,1.0,1.0,1.0,1.0,1.0,1.0,1.0,1.0,1.0,1.0,1.0,1.0,1.0,1.0,1.0,1.0,1.0,1.0,1.0,1.0,1.0,1.0,1.0,1.0,1.0,1.0,1.0,1.0,1.0,1.0,1.0,1.0,1.0,1.0,1.0,1.0,1.0,1.0,1.0,1.0,1.0,1.0,1.0,1.0,1.0,1.0,1.0,1.0,1.0,1.0,1.0,1.0,1.0,1.0,1.0,1.0,1.0,1.0,1.0,1.0,1.0,1.0,1.0,1.0,1.0,1.0,1.0,1.0,1.0,1.0,1.0,1.0,1.0,1.0,1.0,1.0,1.0,1.0,1.0,1.0,1.0,1.0,1.0,1.0,1.0,1.0,1.0,1.0,1.0,1.0,1.0,1.0,1.0,1.0,1.0,1.0,1.0,1.0,1.0,1.0,1.0,1.0,1.0,1.0,1.0,1.0,1.0,1.0,1.0,1.0,1.0,1.0,1.0,1.0,1.0,1.0,1.0,1.0,1.0,1.0,1.0,1.0,1.0,1.0,1.0,1.0,1.0,1.0,1.0,1.0,1.0,1.0,1.0,1.0,1.0,1.0,1.0,1.0,1.0,1.0,1.0,1.0,1.0,1.0,1.0,1.0,1.0,1.0,1.0,1.0,1.0,1.0,1.0,1.0,1.0,1.0,1.0,1.0,1.0,1.0,1.0,1.0,1.0,1.0,1.0,1.0,1.0,1.0,1.0,1.0,1.0,1.0,1.0,1.0,1.0,1.0,1.0,1.0,1.0,1.0,1.0,1.0,1.0,1.0,1.0,1.0,1.0,1.0,1.0,1.0,1.0,1.0,1.0,1.0,1.0,1.0,1.0,1.0,1.0,1.0,1.0,1.0,1.0,1.0,1.0,1.0,1.0,1.0,1.0,1.0,1.0,1.0,1.0,1.0,1.0,1.0,1.0,1.0,1.0,1.0,1.0,1.0,1.0,1.0,1.0,1.0,1.0,1.0,1.0,1.0,1.0,1.0,1.0,1.0,1.0,1.0,1.0,1.0,1.0,1.0,1.0,1.0,1.0,1.0,1.0,1.0,1.0,1.0,1.0,1.0,1.0,1.0,1.0,1.0,1.0,1.0,1.0,1.0,1.0,1.0,1.0,1.0,1.0,1.0,1.0,1.0,1.0,1.0,1.0,1.0,1.0,1.0,1.0,1.0,1.0,1.0,1.0,1.0,1.0,1.0,1.0,1.0,1.0,1.0,1.0,1.0,1.0,1.0,1.0,1.0,1.0,1.0,1.0,1.0,1.0,1.0,1.0,1.0,1.0,1.0,1.0,1.0,1.0,1.0,1.0,1.0,1.0,1.0,1.0,1.0,1.0,1.0,1.0,1.0,1.0,1.0,1.0,1.0,1.0,1.0,1.0,1.0,1.0,1.0,1.0,1.0,1.0,1.0,1.0,1.0,1.0,1.0,1.0,1.0,1.0,1.0,1.0,1.0,1.0,1.0,1.0,1.0,1.0,1.0,1.0,1.0,1.0,1.0,1.0,1.0,1.0,1.0,1.0,1.0,1.0,1.0,1.0,1.0,1.0,1.0,1.0,1.0,1.0,1.0,1.0,1.0,1.0,1.0,1.0,1.0,1.0,1.0,1.0,1.0,1.0,1.0,1.0,1.0,1.0,1.0,1.0,1.0,1.0,1.0,1.0,1.0,1.0,1.0,1.0,1.0,1.0,1.0,1.0,1.0,1.0,1.0,1.0,1.0,1.0,1.0,1.0,1.0,1.0,1.0,1.0,1.0,1.0,1.0,1.0,1.0,1.0,1.0,1.0,1.0,1.0,1.0,1.0,1.0,1.0,1.0,1.0,1.0,1.0,1.0,1.0,1.0,1.0,1.0,1.0,1.0,1.0,1.0,1.0,1.0,1.0,1.0,1.0,1.0,1.0,1.0,1.0,1.0,1.0,1.0,1.0,1.0,1.0,1.0,1.0,1.0,1.0,1.0,1.0,1.0,1.0,1.0,1.0,1.0,1.0,1.0,1.0,1.0,1.0,1.0,1.0,1.0,1.0,1.0,1.0,1.0,1.0,1.0,1.0,1.0,1.0,1.0,1.0,1.0,1.0,1.0,1.0,1.0,1.0,1.0,1.0,1.0,1.0,1.0,1.0,1.0,1.0,1.0,1.0,1.0,1.0,1.0,1.0,1.0,1.0,1.0,1.0,1.0,1.0,1.0,1.0,1.0,1.0,1.0,1.0,1.0,1.0,1.0,1.0,1.0,1.0,1.0,1.0,1.0,1.0,1.0,1.0,1.0,1.0,1.0,1.0,1.0,1.0,1.0,1.0,1.0,1.0,1.0,1.0,1.0,1.0,1.0,1.0,1.0,1.0,1.0,1.0,1.0,1.0,1.0,1.0,1.0,1.0,1.0,1.0,1.0,1.0,1.0,1.0,1.0,1.0,1.0,1.0,1.0,1.0,1.0,1.0,1.0,1.0,1.0,1.0,1.0,1.0,1.0,1.0,1.0,1.0,1.0,1.0,1.0,1.0,1.0,1.0,1.0,1.0,1.0,1.0,1.0,1.0,1.0,1.0,1.0,1.0,1.0,1.0,1.0,1.0,1.0,1.0,1.0,1.0,1.0,1.0,1.0,1.0,1.0,1.0,1.0,1.0,1.0,1.0,1.0,1.0,1.0,1.0,1.0,1.0,1.0,1.0,1.0,1.0,1.0,1.0,1.0,1.0,1.0,1.0,1.0,1.0,1.0,1.0,1.0,1.0,1.0,1.0,1.0,1.0,1.0,1.0,1.0,1.0,1.0,1.0,1.0,1.0,1.0,1.0,1.0,1.0,1.0,1.0,1.0,1.0,1.0,1.0,1.0,1.0,1.0,1.0,1.0,1.0,1.0,1.0,1.0,1.0,1.0,1.0,1.0,1.0,1.0,1.0,1.0,1.0,1.0,1.0,1.0,1.0,1.0,1.0,1.0,1.0,1.0,1.0,1.0,1.0,1.0,1.0,1.0,1.0,1.0,1.0,1.0,1.0,1.0,1.0,1.0,1.0,1.0,1.0,1.0,1.0,1.0,1.0,1.0,1.0,1.0,1.0,1.0,1.0,1.0,1.0,1.0,1.0,1.0,1.0,1.0,1.0,1.0,1.0,1.0,1.0,1.0,1.0,1.0,1.0,1.0,1.0,1.0,1.0,1.0,1.0,1.0,1.0,1.0,1.0,1.0,1.0,1.0,1.0,1.0,1.0,1.0,1.0,1.0,1.0,1.0,1.0,1.0,1.0,1.0,1.0,1.0,1.0,1.0,1.0,1.0,1.0,1.0,1.0,1.0,1.0,1.0,1.0,1.0,1.0,1.0,1.0,1.0,1.0,1.0,1.0,1.0,1.0,1.0,1.0,1.0,1.0,1.0,1.0,1.0,1.0,1.0,1.0,1.0,1.0,1.0,1.0,1.0,1.0,1.0,1.0,1.0,1.0,1.0,1.0,1.0,1.0,1.0,1.0,1.0,1.0,1.0,1.0,1.0,1.0,1.0,1.0,1.0,1.0,1.0,1.0,1.0,1.0,1.0,1.0,1.0,1.0,1.0,1.0,1.0,1.0,1.0,1.0,1.0,1.0,1.0,1.0,1.0,1.0,1.0,1.0,1.0,1.0,1.0,1.0,1.0,1.0,1.0,1.0,1.0,1.0,1.0,1.0,1.0,1.0,1.0,1.0,1.0,1.0,1.0,1.0,1.0,1.0,1.0,1.0,1.0,1.0,1.0,1.0,1.0,1.0,1.0,1.0,1.0,1.0,1.0,1.0,1.0,1.0,1.0,1.0,1.0,1.0,1.0,1.0,1.0,1.0,1.0,1.0,1.0,1.0,1.0,1.0,1.0,1.0,1.0,1.0,1.0,1.0,1.0,1.0,1.0,1.0,1.0,1.0,1.0,1.0,1.0,1.0,1.0,1.0,1.0,1.0,1.0,1.0,1.0,1.0,1.0,1.0,1.0,1.0,1.0,1.0,1.0,1.0,1.0,1.0,1.0,1.0,1.0,1.0,1.0,1.0,1.0,1.0,1.0,1.0,1.0,1.0,1.0,1.0,1.0,1.0,1.0,1.0,1.0,1.0,1.0,1.0,1.0,1.0,1.0,1.0,1.0,1.0,1.0,1.0,1.0,1.0,1.0,1.0,1.0,1.0,1.0,1.0,1.0,1.0,1.0,1.0,1.0,1.0,1.0,1.0,1.0,1.0,1.0,1.0,1.0,1.0,1.0,1.0,1.0,1.0,1.0,1.0,1.0,1.0,1.0,1.0,1.0,1.0,1.0,1.0,1.0,1.0,1.0,1.0,1.0,1.0,1.0,1.0,1.0,1.0,1.0,1.0,1.0,1.0,1.0,1.0,1.0,1.0,1.0,1.0,1.0,1.0,1.0,1.0,1.0,1.0,1.0,1.0,1.0,1.0,1.0,1.0,1.0,1.0,1.0,1.0,1.0,1.0,1.0,1.0,1.0,1.0,1.0,1.0,1.0,1.0,1.0,1.0,1.0,1.0,1.0,1.0,1.0,1.0,1.0,1.0,1.0,1.0,1.0,1.0,1.0,1.0,1.0,1.0,1.0,1.0,1.0,1.0,1.0,1.0,1.0,1.0,1.0,1.0,1.0,1.0,1.0,1.0,1.0,1.0,1.0,1.0,1.0,1.0,1.0,1.0,1.0,1.0,1.0,1.0,1.0,1.0,1.0,1.0,1.0,1.0,1.0,1.0,1.0,1.0,1.0,1.0,1.0,1.0,1.0,1.0,1.0,1.0,1.0,1.0,1.0,1.0,1.0,1.0,1.0,1.0,1.0,1.0,1.0,1.0,1.0,1.0,1.0,1.0,1.0,1.0,1.0,1.0,1.0,1.0,1.0,1.0,1.0,1.0,1.0,1.0,1.0,1.0,1.0,1.0,1.0,1.0,1.0,1.0,1.0,1.0,1.0,1.0,1.0,1.0,1.0,1.0,1.0,1.0,1.0,1.0,1.0,1.0,1.0,1.0,1.0,1.0,1.0,1.0,1.0,1.0,1.0,1.0,1.0,1.0,1.0,1.0,1.0,1.0,1.0,1.0,1.0,1.0,1.0,1.0,1.0,1.0,1.0,1.0,1.0,1.0,1.0,1.0,1.0,1.0,1.0,1.0,1.0,1.0,1.0,1.0,1.0,1.0,1.0,1.0,1.0,1.0,1.0,1.0,1.0,1.0,1.0,1.0,1.0,1.0,1.0,1.0,1.0,1.0,1.0,1.0,1.0,1.0,1.0,1.0,1.0,1.0,1.0,1.0,1.0,1.0,1.0,1.0,1.0,1.0,1.0,1.0,1.0,1.0,1.0,1.0,1.0,1.0,1.0,1.0,1.0,1.0,1.0,1.0,1.0,1.0,1.0,1.0,1.0,1.0,1.0,1.0,1.0,1.0,1.0,1.0,1.0,1.0,1.0,1.0,1.0,1.0,1.0,1.0,1.0,1.0,1.0,1.0,1.0,1.0,1.0,1.0,1.0,1.0,1.0,1.0,1.0,1.0,1.0,1.0,1.0,1.0,1.0,1.0,1.0,1.0,1.0,1.0,1.0,1.0,1.0,1.0,1.0,1.0,1.0,1.0,1.0,1.0,1.0,1.0,1.0,1.0,1.0,1.0,1.0,1.0,1.0,1.0,1.0,1.0,1.0,1.0,1.0,1.0,1.0,1.0,1.0,1.0,1.0,1.0,1.0,1.0,1.0,1.0,1.0,1.0,1.0,1.0,1.0,1.0,1.0,1.0,1.0,1.0,1.0,1.0,1.0,1.0,1.0,1.0,1.0,1.0,1.0,1.0,1.0,1.0,1.0,1.0,1.0,1.0,1.0,1.0,1.0,1.0,1.0,1.0,1.0,1.0,1.0,1.0,1.0,1.0,1.0,1.0,1.0,1.0,1.0,1.0,1.0,1.0,1.0,1.0,1.0,1.0,1.0,1.0,1.0,1.0,1.0,1.0,1.0,1.0,1.0,1.0,1.0,1.0,1.0,1.0,1.0,1.0,1.0,1.0,1.0,1.0,1.0,1.0,1.0,1.0,1.0,1.0,1.0,1.0,1.0,1.0,1.0,1.0,1.0,1.0,1.0,1.0,1.0,1.0,1.0,1.0,1.0,1.0,1.0,1.0,1.0,1.0,1.0,1.0,1.0,1.0,1.0,1.0,1.0,1.0,1.0,1.0,1.0,1.0,1.0,1.0,1.0,1.0,1.0,1.0,1.0,1.0,1.0,1.0,1.0,1.0,1.0,1.0,1.0,1.0,1.0,1.0,1.0,1.0,1.0,1.0,1.0,1.0,1.0,1.0,1.0,1.0,1.0,1.0,1.0,1.0,1.0,1.0,1.0,1.0,1.0,1.0,1.0,1.0,1.0,1.0,1.0,1.0,1.0,1.0,1.0,1.0,1.0,1.0,1.0,1.0,1.0,1.0,1.0,1.0,1.0,1.0,1.0,1.0,1.0,1.0,1.0,1.0,1.0,1.0,1.0,1.0,1.0,1.0,1.0,1.0,1.0,1.0,1.0,1.0,1.0,1.0,1.0,1.0,1.0,1.0,1.0,1.0,1.0,1.0,1.0,1.0,1.0,1.0,1.0,1.0,1.0,1.0,1.0,1.0,1.0,1.0,1.0,1.0,1.0,1.0,1.0,1.0,1.0,1.0,1.0,1.0,1.0,1.0,1.0,1.0,1.0,1.0,1.0,1.0,1.0,1.0,1.0,1.0,1.0,1.0,1.0,1.0,1.0,1.0,1.0,1.0,1.0,1.0,1.0,1.0,1.0,1.0,1.0,1.0,1.0,1.0,1.0,1.0,1.0,1.0,1.0,1.0,1.0,1.0,1.0,1.0,1.0,1.0,1.0,1.0,1.0,1.0,1.0,1.0,1.0,1.0,1.0,1.0,1.0,1.0,1.0,1.0,1.0,1.0,1.0,1.0,1.0,1.0,1.0,1.0,1.0,1.0,1.0,1.0,1.0,1.0,1.0,1.0,1.0,1.0,1.0,1.0,1.0,1.0,1.0,1.0,1.0,1.0,1.0,1.0,1.0,1.0,1.0,1.0,1.0,1.0,1.0,1.0,1.0,1.0,1.0,1.0,1.0,1.0,1.0,1.0,1.0,1.0,1.0,1.0,1.0,1.0,1.0,1.0,1.0,1.0,1.0,1.0,1.0,1.0,1.0,1.0,1.0,1.0,1.0,1.0,1.0,1.0,1.0,1.0,1.0,1.0,1.0,1.0,1.0,1.0,1.0,1.0,1.0,1.0,1.0,1.0,1.0,1.0,1.0,1.0,1.0,1.0,1.0,1.0,1.0,1.0,1.0,1.0,1.0,1.0,1.0,1.0,1.0,1.0,1.0,1.0,1.0,1.0,1.0,1.0,1.0,1.0,1.0,1.0,1.0,1.0,1.0,1.0,1.0,1.0,1.0,1.0,1.0,1.0,1.0,1.0,1.0,1.0,1.0,1.0,1.0,1.0,1.0,1.0,1.0,1.0,1.0,1.0,1.0,1.0,1.0,1.0,1.0,1.0,1.0,1.0,1.0,1.0,1.0,1.0,1.0,1.0,1.0,1.0,1.0,1.0,1.0,1.0,1.0,1.0,1.0,1.0,1.0,1.0,1.0,1.0,1.0,1.0,1.0,1.0,1.0,1.0,1.0,1.0,1.0,1.0,1.0,1.0,1.0,1.0,1.0,1.0,1.0,1.0,1.0,1.0,1.0,1.0,1.0,1.0,1.0,1.0,1.0,1.0,1.0,1.0,1.0,1.0,1.0,1.0,1.0,1.0,1.0,1.0,1.0,1.0,1.0,1.0,1.0,1.0,1.0,1.0,1.0,1.0,1.0,1.0,1.0,1.0,1.0,1.0,1.0,1.0,1.0,1.0,1.0,1.0,1.0,1.0,1.0,1.0,1.0,1.0,1.0,1.0,1.0,1.0,1.0,1.0,1.0,1.0,1.0,1.0,1.0,1.0,1.0,1.0,1.0,1.0,1.0,1.0,1.0,1.0,1.0,1.0,1.0,1.0,1.0,1.0,1.0,1.0,1.0,1.0,1.0,1.0,1.0,1.0,1.0,1.0,1.0,1.0,1.0,1.0,1.0,1.0,1.0,1.0,1.0,1.0,1.0,1.0,1.0,1.0,1.0,1.0,1.0,1.0,1.0,1.0,1.0,1.0,1.0,1.0,1.0,1.0,1.0,1.0,1.0,1.0,1.0,1.0,1.0,1.0,1.0,1.0,1.0,1.0,1.0,1.0,1.0,1.0,1.0,1.0,1.0,1.0,1.0,1.0,1.0,1.0,1.0,1.0,1.0,1.0,1.0,1.0,1.0,1.0,1.0,1.0,1.0,1.0,1.0,1.0,1.0,1.0,1.0,1.0,1.0,1.0,1.0,1.0,1.0,1.0,1.0,1.0,1.0,1.0,1.0,1.0,1.0,1.0,1.0,1.0,1.0,1.0,1.0,1.0,1.0,1.0,1.0,1.0,1.0,1.0,1.0,1.0,1.0,1.0,1.0,1.0,1.0,1.0,1.0,1.0,1.0,1.0,1.0,1.0,1.0,1.0,1.0,1.0,1.0,1.0,1.0,1.0,1.0,1.0,1.0,1.0,1.0,1.0,1.0,1.0,1.0,1.0,1.0,1.0,1.0,1.0,1.0,1.0,1.0,1.0,1.0,1.0,1.0,1.0,1.0,1.0,1.0,1.0,1.0,1.0,1.0,1.0,1.0,1.0,1.0,1.0,1.0,1.0,1.0,1.0,1.0,1.0,1.0,1.0,1.0,1.0,1.0,1.0,1.0,1.0,1.0,1.0,1.0,1.0,1.0,1.0,1.0,1.0,1.0,1.0,1.0,1.0,1.0,1.0,1.0,1.0,1.0,1.0,1.0,1.0,1.0,1.0,1.0,1.0,1.0,1.0,1.0,1.0,1.0,1.0,1.0,1.0,1.0,1.0,1.0,1.0,1.0,1.0,1.0,1.0,1.0,1.0,1.0,1.0,1.0,1.0,1.0,1.0,1.0,1.0,1.0,1.0,1.0,1.0,1.0,1.0,1.0,1.0,1.0,1.0,1.0,1.0,1.0,1.0,1.0,1.0,1.0,1.0,1.0,1.0,1.0,1.0,1.0,1.0,1.0,1.0,1.0,1.0,1.0,1.0,1.0,1.0,1.0,1.0,1.0,1.0,1.0,1.0,1.0,1.0,1.0,1.0,1.0,1.0,1.0,1.0,1.0,1.0,1.0,1.0,1.0,1.0,1.0,1.0,1.0,1.0,1.0,1.0,1.0,1.0,1.0,1.0,1.0,1.0,1.0,1.0,1.0,1.0,1.0,1.0,1.0,1.0,1.0,1.0,1.0,1.0,1.0,1.0,1.0,1.0,1.0,1.0,1.0,1.0,1.0,1.0,1.0,1.0,1.0,1.0,1.0,1.0,1.0,1.0,1.0,1.0,1.0,1.0,1.0,1.0,1.0,1.0,1.0,1.0,1.0,1.0,1.0,1.0,1.0,1.0,1.0,1.0,1.0,1.0,1.0,1.0,1.0,1.0,1.0,1.0,1.0,1.0,1.0,1.0,1.0,1.0,1.0,1.0,1.0,1.0,1.0,1.0,1.0,1.0,1.0,1.0,1.0,1.0,1.0,1.0,1.0,1.0,1.0,1.0,1.0,1.0,1.0,1.0,1.0,1.0,1.0,1.0,1.0,1.0,1.0,1.0,1.0,1.0,1.0,1.0,1.0,1.0,1.0,1.0,1.0,1.0,1.0,1.0,1.0,1.0,1.0,1.0,1.0,1.0,1.0,1.0,1.0,1.0,1.0,1.0,1.0,1.0,1.0,1.0,1.0,1.0,1.0,1.0,1.0,1.0,1.0,1.0,1.0,1.0,1.0,1.0,1.0,1.0,1.0,1.0,1.0,1.0,1.0,1.0,1.0,1.0,1.0,1.0,1.0,1.0,1.0,1.0,1.0,1.0,1.0,1.0,1.0,1.0,1.0,1.0,1.0,1.0,1.0,1.0,1.0,1.0,1.0,1.0,1.0,1.0,1.0,1.0,1.0,1.0,1.0,1.0,1.0,1.0,1.0,1.0,1.0,1.0,1.0,1.0,1.0,1.0,1.0,1.0,1.0,1.0,1.0,1.0,1.0,1.0,1.0,1.0,1.0,1.0,1.0,1.0,1.0,1.0,1.0,1.0,1.0,1.0,1.0,1.0,1.0,1.0,1.0,1.0,1.0,1.0,1.0,1.0,1.0,1.0,1.0,1.0,1.0,1.0,1.0,1.0,1.0,1.0,1.0,1.0,1.0,1.0,1.0,1.0,1.0,1.0,1.0,1.0,1.0,1.0,1.0,1.0,1.0,1.0,1.0,1.0,1.0,1.0,1.0,1.0,1.0,1.0,1.0,1.0,1.0,1.0,1.0,1.0,1.0,1.0,1.0,1.0,1.0,1.0,1.0,1.0,1.0,1.0,1.0,1.0,1.0,1.0,1.0,1.0,1.0,1.0,1.0,1.0,1.0,1.0,1.0,1.0,1.0,1.0,1.0,1.0,1.0,1.0,1.0,1.0,1.0,1.0,1.0,1.0,1.0,1.0,1.0,1.0,1.0,1.0,1.0,1.0,1.0,1.0,1.0,1.0,1.0,1.0,1.0,1.0,1.0,1.0,1.0,1.0,1.0,1.0,1.0,1.0,1.0,1.0,1.0,1.0,1.0,1.0,1.0,1.0,1.0,1.0,1.0,1.0,1.0,1.0,1.0,1.0,1.0,1.0,1.0,1.0,1.0,1.0,1.0,1.0,1.0,1.0,1.0,1.0,1.0,1.0,1.0,1.0,1.0,1.0,1.0,1.0,1.0,1.0,1.0,1.0,1.0,1.0,1.0,1.0,1.0,1.0,1.0,1.0,1.0,1.0,1.0,1.0,1.0,1.0,1.0,1.0,1.0,1.0,1.0,1.0,1.0,1.0,1.0,1.0,1.0,1.0,1.0,1.0,1.0,1.0,1.0,1.0,1.0,1.0,1.0,1.0,1.0,1.0,1.0,1.0,1.0,1.0,1.0,1.0,1.0,1.0,1.0,1.0,1.0,1.0,1.0,1.0,1.0,1.0,1.0,1.0,1.0,1.0,1.0,1.0,1.0,1.0,1.0,1.0,1.0,1.0,1.0,1.0,1.0,1.0,1.0,1.0,1.0,1.0,1.0,1.0,1.0,1.0,1.0,1.0,1.0,1.0,1.0,1.0,1.0,1.0,1.0,1.0,1.0,1.0,1.0,1.0,1.0,1.0,1.0,1.0,1.0,1.0,1.0,1.0,1.0,1.0,1.0,1.0,1.0,1.0,1.0,1.0,1.0,1.0,1.0,1.0,1.0,1.0,1.0,1.0,1.0,1.0,1.0,1.0,1.0,1.0,1.0,1.0,1.0,1.0,1.0,1.0,1.0,1.0,1.0,1.0,1.0,1.0,1.0,1.0,1.0,1.0,1.0,1.0,1.0,1.0,1.0,1.0,1.0,1.0,1.0,1.0,1.0,1.0,1.0,1.0,1.0,1.0,1.0,1.0,1.0,1.0,1.0,1.0,1.0,1.0,1.0,1.0,1.0,1.0,1.0,1.0,1.0,1.0,1.0,1.0,1.0,1.0,1.0,1.0,1.0,1.0,1.0,1.0,1.0,1.0,1.0,1.0,1.0,1.0,1.0,1.0,1.0,1.0,1.0,1.0,1.0,1.0,1.0,1.0,1.0,1.0,1.0,1.0,1.0,1.0,1.0,1.0,1.0,1.0,1.0,1.0,1.0,1.0,1.0,1.0,1.0,1.0,1.0,1.0,1.0,1.0,1.0,1.0,1.0,1.0,1.0,1.0,1.0,1.0,1.0,1.0,1.0,1.0,1.0,1.0,1.0,1.0,1.0,1.0,1.0,1.0,1.0,1.0,1.0,1.0,1.0,1.0,1.0,1.0,1.0,1.0,1.0,1.0,1.0,1.0,1.0,1.0,1.0,1.0,1.0,1.0,1.0,1.0,1.0,1.0,1.0,1.0,1.0,1.0,1.0,1.0,1.0,1.0,1.0,1.0,1.0,1.0,1.0,1.0,1.0,1.0,1.0,1.0,1.0,1.0,1.0,1.0,1.0,1.0,1.0,1.0,1.0,1.0,1.0,1.0,1.0,1.0,1.0,1.0,1.0,1.0,1.0,1.0,1.0,1.0,1.0,1.0,1.0,1.0,1.0,1.0,1.0,1.0,1.0,1.0,1.0,1.0,1.0,1.0,1.0,1.0,1.0,1.0,1.0,1.0,1.0,1.0,1.0,1.0,1.0,1.0,1.0,1.0,1.0,1.0,1.0,1.0,1.0,1.0,1.0,1.0,1.0,1.0,1.0,1.0,1.0,1.0,1.0,1.0,1.0,1.0,1.0,1.0,1.0,1.0,1.0,1.0,1.0,1.0,1.0,1.0,1.0,1.0,1.0,1.0,1.0,1.0,1.0,1.0,1.0,1.0,1.0,1.0,1.0,1.0,1.0,1.0,1.0,1.0,1.0,1.0,1.0,1.0,1.0,1.0,1.0,1.0,1.0,1.0,1.0,1.0,1.0,1.0,1.0,1.0,1.0,1.0,1.0,1.0,1.0,1.0,1.0,1.0,1.0,1.0,1.0,1.0,1.0,1.0,1.0,1.0,1.0,1.0,1.0,1.0,1.0,1.0,1.0,1.0,1.0,1.0,1.0,1.0,1.0,1.0,1.0,1.0,1.0,1.0,1.0,1.0,1.0,1.0,1.0,1.0,1.0,1.0,1.0,1.0,1.0,1.0,1.0,1.0,1.0,1.0,1.0,1.0,1.0,1.0,1.0,1.0,1.0,1.0,1.0,1.0,1.0,1.0,1.0,1.0,1.0,1.0,1.0,1.0,1.0,1.0,1.0,1.0,1.0,1.0,1.0,1.0,1.0,1.0,1.0,1.0,1.0,1.0,1.0,1.0,1.0,1.0,1.0,1.0,1.0,1.0,1.0,1.0,1.0,1.0,1.0,1.0,1.0,1.0,1.0,1.0,1.0,1.0,1.0,1.0,1.0,1.0,1.0,1.0,1.0,1.0,1.0,1.0,1.0,1.0,1.0,1.0,1.0,1.0,1.0,1.0,1.0,1.0,1.0,1.0,1.0,1.0,1.0,1.0,1.0,1.0,1.0,1.0,1.0,1.0,1.0,1.0,1.0,1.0,1.0,1.0,1.0,1.0,1.0,1.0,1.0,1.0,1.0,1.0,1.0,1.0,1.0,1.0,1.0,1.0,1.0,1.0,1.0,1.0,1.0,1.0,1.0,1.0,1.0,1.0,1.0,1.0,1.0,1.0,1.0,1.0,1.0,1.0,1.0,1.0,1.0,1.0,1.0,1.0,1.0,1.0,1.0,1.0,1.0,1.0,1.0,1.0,1.0,1.0,1.0,1.0,1.0,1.0,1.0,1.0,1.0,1.0,1.0,1.0,1.0,1.0,1.0,1.0,1.0,1.0,1.0,1.0,1.0,1.0,1.0,1.0,1.0,1.0,1.0,1.0,1.0,1.0,1.0,1.0,1.0,1.0,1.0,1.0,1.0,1.0,1.0,1.0,1.0,1.0,1.0,1.0,1.0,1.0,1.0,1.0,1.0,1.0,1.0,1.0,1.0,1.0,1.0,1.0,1.0,1.0,1.0,1.0,1.0,1.0,1.0,1.0,1.0,1.0,1.0,1.0,1.0,1.0,1.0,1.0,1.0,1.0,1.0,1.0,1.0,1.0,1.0,1.0,1.0,1.0,1.0,1.0,1.0,1.0,1.0,1.0,1.0,1.0,1.0,1.0,1.0,1.0,1.0,1.0,1.0,1.0,1.0,1.0,1.0,1.0,1.0,1.0,1.0,1.0,1.0,1.0,1.0,1.0,1.0,1.0,1.0,1.0,1.0,1.0,1.0,1.0,1.0,1.0,1.0,1.0,1.0,1.0,1.0,1.0,1.0,1.0,1.0,1.0,1.0,1.0,1.0,1.0,1.0,1.0,1.0,1.0,1.0,1.0,1.0,1.0,1.0,1.0,1.0,1.0,1.0,1.0,1.0,1.0,1.0,1.0,1.0,1.0,1.0,1.0,1.0,1.0,1.0,1.0,1.0,1.0,1.0,1.0,1.0,1.0,1.0,1.0,1.0,1.0,1.0,1.0,1.0,1.0,1.0,1.0,1.0,1.0,1.0,1.0,1.0,1.0,1.0,1.0,1.0,1.0,1.0,1.0,1.0,1.0,1.0,1.0,1.0,1.0,1.0,1.0,1.0,1.0,1.0,1.0,1.0,1.0,1.0,1.0,1.0,1.0,1.0,1.0,1.0,1.0,1.0,1.0,1.0,1.0,1.0,1.0,1.0,1.0,1.0,1.0,1.0,1.0,1.0,1.0,1.0,1.0,1.0,1.0,1.0,1.0,1.0,1.0,1.0,1.0,1.0,1.0,1.0,1.0,1.0,1.0,1.0,1.0,1.0,1.0,1.0,1.0,1.0,1.0,1.0,1.0,1.0,1.0,1.0,1.0,1.0,1.0,1.0,1.0,1.0,1.0,1.0,1.0
1.0,1.0,1.0,1.0,1.0,1.0,1.0,1.0,1.0,1.0,1.0,1.0,1.0,1.0,1.0,1.0,1.0,1.0,1.0,1.0,1.0,1.0,1.0,1.0,1.0,1.0,1.0,1.0,1.0,1.0,1.0,1.0,1.0,1.0,1.0,1.0,1.0,1.0,1.0,1.0,1.0,1.0,1.0,1.0,1.0,1.0,1.0,1.0,1.0,1.0,1.0,1.0,1.0,1.0,1.0,1.0,1.0,1.0,1.0,1.0,1.0,1.0,1.0,1.0,1.0,1.0,1.0,1.0,1.0,1.0,1.0,1.0,1.0,1.0,1.0,1.0,1.0,1.0,1.0,1.0,1.0,1.0,1.0,1.0,1.0,1.0,1.0,1.0,1.0,1.0,1.0,1.0,1.0,1.0,1.0,1.0,1.0,1.0,1.0,1.0,1.0,1.0,1.0,1.0,1.0,1.0,1.0,1.0,1.0,1.0,1.0,1.0,1.0,1.0,1.0,1.0,1.0,1.0,1.0,1.0,1.0,1.0,1.0,1.0,1.0,1.0,1.0,1.0,1.0,1.0,1.0,1.0,1.0,1.0,1.0,1.0,1.0,1.0,1.0,1.0,1.0,1.0,1.0,1.0,1.0,1.0,1.0,1.0,1.0,1.0,1.0,1.0,1.0,1.0,1.0,1.0,1.0,1.0,1.0,1.0,1.0,1.0,1.0,1.0,1.0,1.0,1.0,1.0,1.0,1.0,1.0,1.0,1.0,1.0,1.0,1.0,1.0,1.0,1.0,1.0,1.0,1.0,1.0,1.0,1.0,1.0,1.0,1.0,1.0,1.0,1.0,1.0,1.0,1.0,1.0,1.0,1.0,1.0,1.0,1.0,1.0,1.0,1.0,1.0,1.0,1.0,1.0,1.0,1.0,1.0,1.0,1.0,1.0,1.0,1.0,1.0,1.0,1.0,1.0,1.0,1.0,1.0,1.0,1.0,1.0,1.0,1.0,1.0,1.0,1.0,1.0,1.0,1.0,1.0,1.0,1.0,1.0,1.0,1.0,1.0,1.0,1.0,1.0,1.0,1.0,1.0,1.0,1.0,1.0,1.0,1.0,1.0,1.0,1.0,1.0,1.0,1.0,1.0,1.0,1.0,1.0,1.0,1.0,1.0,1.0,1.0,1.0,1.0,1.0,1.0,1.0,1.0,1.0,1.0,1.0,1.0,1.0,1.0,1.0,1.0,1.0,1.0,1.0,1.0,1.0,1.0,1.0,1.0,1.0,1.0,1.0,1.0,1.0,1.0,1.0,1.0,1.0,1.0,1.0,1.0,1.0,1.0,1.0,1.0,1.0,1.0,1.0,1.0,1.0,1.0,1.0,1.0,1.0,1.0,1.0,1.0,1.0,1.0,1.0,1.0,1.0,1.0,1.0,1.0,1.0,1.0,1.0,1.0,1.0,1.0,1.0,1.0,1.0,1.0,1.0,1.0,1.0,1.0,1.0,1.0,1.0,1.0,1.0,1.0,1.0,1.0,1.0,1.0,1.0,1.0,1.0,1.0,1.0,1.0,1.0,1.0,1.0,1.0,1.0,1.0,1.0,1.0,1.0,1.0,1.0,1.0,1.0,1.0,1.0,1.0,1.0,1.0,1.0,1.0,1.0,1.0,1.0,1.0,1.0,1.0,1.0,1.0,1.0,1.0,1.0,1.0,1.0,1.0,1.0,1.0,1.0,1.0,1.0,1.0,1.0,1.0,1.0,1.0,1.0,1.0,1.0,1.0,1.0,1.0,1.0,1.0,1.0,1.0,1.0,1.0,1.0,1.0,1.0,1.0,1.0,1.0,1.0,1.0,1.0,1.0,1.0,1.0,1.0,1.0,1.0,1.0,1.0,1.0,1.0,1.0,1.0,1.0,1.0,1.0,1.0,1.0,1.0,1.0,1.0,1.0,1.0,1.0,1.0,1.0,1.0,1.0,1.0,1.0,1.0,1.0,1.0,1.0,1.0,1.0,1.0,1.0,1.0,1.0,1.0,1.0,1.0,1.0,1.0,1.0,1.0,1.0,1.0,1.0,1.0,1.0,1.0,1.0,1.0,1.0,1.0,1.0,1.0,1.0,1.0,1.0,1.0,1.0,1.0,1.0,1.0,1.0,1.0,1.0,1.0,1.0,1.0,1.0,1.0,1.0,1.0,1.0,1.0,1.0,1.0,1.0,1.0,1.0,1.0,1.0,1.0,1.0,1.0,1.0,1.0,1.0,1.0,1.0,1.0,1.0,1.0,1.0,1.0,1.0,1.0,1.0,1.0,1.0,1.0,1.0,1.0,1.0,1.0,1.0,1.0,1.0,1.0,1.0,1.0,1.0,1.0,1.0,1.0,1.0,1.0,1.0,1.0,1.0,1.0,1.0,1.0,1.0,1.0,1.0,1.0,1.0,1.0,1.0,1.0,1.0,1.0,1.0,1.0,1.0,1.0,1.0,1.0,1.0,1.0,1.0,1.0,1.0,1.0,1.0,1.0,1.0,1.0,1.0,1.0,1.0,1.0,1.0,1.0,1.0,1.0,1.0,1.0,1.0,1.0,1.0,1.0,1.0,1.0,1.0,1.0,1.0,1.0,1.0,1.0,1.0,1.0,1.0,1.0,1.0,1.0,1.0,1.0,1.0,1.0,1.0,1.0,1.0,1.0,1.0,1.0,1.0,1.0,1.0,1.0,1.0,1.0,1.0,1.0,1.0,1.0,1.0,1.0,1.0,1.0,1.0,1.0,1.0,1.0,1.0,1.0,1.0,1.0,1.0,1.0,1.0,1.0,1.0,1.0,1.0,1.0,1.0,1.0,1.0,1.0,1.0,1.0,1.0,1.0,1.0,1.0,1.0,1.0,1.0,1.0,1.0,1.0,1.0,1.0,1.0,1.0,1.0,1.0,1.0,1.0,1.0,1.0,1.0,1.0,1.0,1.0,1.0,1.0,1.0,1.0,1.0,1.0,1.0,1.0,1.0,1.0,1.0,1.0,1.0,1.0,1.0,1.0,1.0,1.0,1.0,1.0,1.0,1.0,1.0,1.0,1.0,1.0,1.0,1.0,1.0,1.0,1.0,1.0,1.0,1.0,1.0,1.0,1.0,1.0,1.0,1.0,1.0,1.0,1.0,1.0,1.0,1.0,1.0,1.0,1.0,1.0,1.0,1.0,1.0,1.0,1.0,1.0,1.0,1.0,1.0,1.0,1.0,1.0,1.0,1.0,1.0,1.0,1.0,1.0,1.0,1.0,1.0,1.0,1.0,1.0,1.0,1.0,1.0,1.0,1.0,1.0,1.0,1.0,1.0,1.0,1.0,1.0,1.0,1.0,1.0,1.0,1.0,1.0,1.0,1.0,1.0,1.0,1.0,1.0,1.0,1.0,1.0,1.0,1.0,1.0,1.0,1.0,1.0,1.0,1.0,1.0,1.0,1.0,1.0,1.0,1.0,1.0,1.0,1.0,1.0,1.0,1.0,1.0,1.0,1.0,1.0,1.0,1.0,1.0,1.0,1.0,1.0,1.0,1.0,1.0,1.0,1.0,1.0,1.0,1.0,1.0,1.0,1.0,1.0,1.0,1.0,1.0,1.0,1.0,1.0,1.0,1.0,1.0,1.0,1.0,1.0,1.0,1.0,1.0,1.0,1.0,1.0,1.0,1.0,1.0,1.0,1.0,1.0,1.0,1.0,1.0,1.0,1.0,1.0,1.0,1.0,1.0,1.0,1.0,1.0,1.0,1.0,1.0,1.0,1.0,1.0,1.0,1.0,1.0,1.0,1.0,1.0,1.0,1.0,1.0,1.0,1.0,1.0,1.0,1.0,1.0,1.0,1.0,1.0,1.0,1.0,1.0,1.0,1.0,1.0,1.0,1.0,1.0,1.0,1.0,1.0,1.0,1.0,1.0,1.0,1.0,1.0,1.0,1.0,1.0,1.0,1.0,1.0,1.0,1.0,1.0,1.0,1.0,1.0,1.0,1.0,1.0,1.0,1.0,1.0,1.0,1.0,1.0,1.0,1.0,1.0,1.0,1.0,1.0,1.0,1.0,1.0,1.0,1.0,1.0,1.0,1.0,1.0,1.0,1.0,1.0,1.0,1.0,1.0,1.0,1.0,1.0,1.0,1.0,1.0,1.0,1.0,1.0,1.0,1.0,1.0,1.0,1.0,1.0,1.0,1.0,1.0,1.0,1.0,1.0,1.0,1.0,1.0,1.0,1.0,1.0,1.0,1.0,1.0,1.0,1.0,1.0,1.0,1.0,1.0,1.0,1.0,1.0,1.0,1.0,1.0,1.0,1.0,1.0,1.0,1.0,1.0,1.0,1.0,1.0,1.0,1.0,1.0,1.0,1.0,1.0,1.0,1.0,1.0,1.0,1.0,1.0,1.0,1.0,1.0,1.0,1.0,1.0,1.0,1.0,1.0,1.0,1.0,1.0,1.0,1.0,1.0,1.0,1.0,1.0,1.0,1.0,1.0,1.0,1.0,1.0,1.0,1.0,1.0,1.0,1.0,1.0,1.0,1.0,1.0,1.0,1.0,1.0,1.0,1.0,1.0,1.0,1.0,1.0,1.0,1.0,1.0,1.0,1.0,1.0,1.0,1.0,1.0,1.0,1.0,1.0,1.0,1.0,1.0,1.0,1.0,1.0,1.0,1.0,1.0,1.0,1.0,1.0,1.0,1.0,1.0,1.0,1.0,1.0,1.0,1.0,1.0,1.0,1.0,1.0,1.0,1.0,1.0,1.0,1.0,1.0,1.0,1.0,1.0,1.0,1.0,1.0,1.0,1.0,1.0,1.0,1.0,1.0,1.0,1.0,1.0,1.0,1.0,1.0,1.0,1.0,1.0,1.0,1.0,1.0,1.0,1.0,1.0,1.0,1.0,1.0,1.0,1.0,1.0,1.0,1.0,1.0,1.0,1.0,1.0,1.0,1.0,1.0,1.0,1.0,1.0,1.0,1.0,1.0,1.0,1.0,1.0,1.0,1.0,1.0,1.0,1.0,1.0,1.0,1.0,1.0,1.0,1.0,1.0,1.0,1.0,1.0,1.0,1.0,1.0,1.0,1.0,1.0,1.0,1.0,1.0,1.0,1.0,1.0,1.0,1.0,1.0,1.0,1.0,1.0,1.0,1.0,1.0,1.0,1.0,1.0,1.0,1.0,1.0,1.0,1.0,1.0,1.0,1.0,1.0,1.0,1.0,1.0,1.0,1.0,1.0,1.0,1.0,1.0,1.0,1.0,1.0,1.0,1.0,1.0,1.0,1.0,1.0,1.0,1.0,1.0,1.0,1.0,1.0,1.0,1.0,1.0,1.0,1.0,1.0,1.0,1.0,1.0,1.0,1.0,1.0,1.0,1.0,1.0,1.0,1.0,1.0,1.0,1.0,1.0,1.0,1.0,1.0,1.0,1.0,1.0,1.0,1.0,1.0,1.0,1.0,1.0,1.0,1.0,1.0,1.0,1.0,1.0,1.0,1.0,1.0,1.0,1.0,1.0,1.0,1.0,1.0,1.0,1.0,1.0,1.0,1.0,1.0,1.0,1.0,1.0,1.0,1.0,1.0,1.0,1.0,1.0,1.0,1.0,1.0,1.0,1.0,1.0,1.0,1.0,1.0,1.0,1.0,1.0,1.0,1.0,1.0,1.0,1.0,1.0,1.0,1.0,1.0,1.0,1.0,1.0,1.0,1.0,1.0,1.0,1.0,1.0,1.0,1.0,1.0,1.0,1.0,1.0,1.0,1.0,1.0,1.0,1.0,1.0,1.0,1.0,1.0,1.0,1.0,1.0,1.0,1.0,1.0,1.0,1.0,1.0,1.0,1.0,1.0,1.0,1.0,1.0,1.0,1.0,1.0,1.0,1.0,1.0,1.0,1.0,1.0,1.0,1.0,1.0,1.0,1.0,1.0,1.0,1.0,1.0,1.0,1.0,1.0,1.0,1.0,1.0,1.0,1.0,1.0,1.0,1.0,1.0,1.0,1.0,1.0,1.0,1.0,1.0,1.0,1.0,1.0,1.0,1.0,1.0,1.0,1.0,1.0,1.0,1.0,1.0,1.0,1.0,1.0,1.0,1.0,1.0,1.0,1.0,1.0,1.0,1.0,1.0,1.0,1.0,1.0,1.0,1.0,1.0,1.0,1.0,1.0,1.0,1.0,1.0,1.0,1.0,1.0,1.0,1.0,1.0,1.0,1.0,1.0,1.0,1.0,1.0,1.0,1.0,1.0,1.0,1.0,1.0,1.0,1.0,1.0,1.0,1.0,1.0,1.0,1.0,1.0,1.0,1.0,1.0,1.0,1.0,1.0,1.0,1.0,1.0,1.0,1.0,1.0,1.0,1.0,1.0,1.0,1.0,1.0,1.0,1.0,1.0,1.0,1.0,1.0,1.0,1.0,1.0,1.0,1.0,1.0,1.0,1.0,1.0,1.0,1.0,1.0,1.0,1.0,1.0,1.0,1.0,1.0,1.0,1.0,1.0,1.0,1.0,1.0,1.0,1.0,1.0,1.0,1.0,1.0,1.0,1.0,1.0,1.0,1.0,1.0,1.0,1.0,1.0,1.0,1.0,1.0,1.0,1.0,1.0,1.0,1.0,1.0,1.0,1.0,1.0,1.0,1.0,1.0,1.0,1.0,1.0,1.0,1.0,1.0,1.0,1.0,1.0,1.0,1.0,1.0,1.0,1.0,1.0,1.0,1.0,1.0,1.0,1.0,1.0,1.0,1.0,1.0,1.0,1.0,1.0,1.0,1.0,1.0,1.0,1.0,1.0,1.0,1.0,1.0,1.0,1.0,1.0,1.0,1.0,1.0,1.0,1.0,1.0,1.0,1.0,1.0,1.0,1.0,1.0,1.0,1.0,1.0,1.0,1.0,1.0,1.0,1.0,1.0,1.0,1.0,1.0,1.0,1.0,1.0,1.0,1.0,1.0,1.0,1.0,1.0,1.0,1.0,1.0,1.0,1.0,1.0,1.0,1.0,1.0,1.0,1.0,1.0,1.0,1.0,1.0,1.0,1.0,1.0,1.0,1.0,1.0,1.0,1.0,1.0,1.0,1.0,1.0,1.0,1.0,1.0,1.0,1.0,1.0,1.0,1.0,1.0,1.0,1.0,1.0,1.0,1.0,1.0,1.0,1.0,1.0,1.0,1.0,1.0,1.0,1.0,1.0,1.0,1.0,1.0,1.0,1.0,1.0,1.0,1.0,1.0,1.0,1.0,1.0,1.0,1.0,1.0,1.0,1.0,1.0,1.0,1.0,1.0,1.0,1.0,1.0,1.0,1.0,1.0,1.0,1.0,1.0,1.0,1.0,1.0,1.0,1.0,1.0,1.0,1.0,1.0,1.0,1.0,1.0,1.0,1.0,1.0,1.0,1.0,1.0,1.0,1.0,1.0,1.0,1.0,1.0,1.0,1.0,1.0,1.0,1.0,1.0,1.0,1.0,1.0,1.0,1.0,1.0,1.0,1.0,1.0,1.0,1.0,1.0,1.0,1.0,1.0,1.0,1.0,1.0,1.0,1.0,1.0,1.0,1.0,1.0,1.0,1.0,1.0,1.0,1.0,1.0,1.0,1.0,1.0,1.0,1.0,1.0,1.0,1.0,1.0,1.0,1.0,1.0,1.0,1.0,1.0,1.0,1.0,1.0,1.0,1.0,1.0,1.0,1.0,1.0,1.0,1.0,1.0,1.0,1.0,1.0,1.0,1.0,1.0,1.0,1.0,1.0,1.0,1.0,1.0,1.0,1.0,1.0,1.0,1.0,1.0,1.0,1.0,1.0,1.0,1.0,1.0,1.0,1.0,1.0,1.0,1.0,1.0,1.0,1.0,1.0,1.0,1.0,1.0,1.0,1.0,1.0,1.0,1.0,1.0,1.0,1.0,1.0,1.0,1.0,1.0,1.0,1.0,1.0,1.0,1.0,1.0,1.0,1.0,1.0,1.0,1.0,1.0,1.0,1.0,1.0,1.0,1.0,1.0,1.0,1.0,1.0,1.0,1.0,1.0,1.0,1.0,1.0,1.0,1.0,1.0,1.0,1.0,1.0,1.0,1.0,1.0,1.0,1.0,1.0,1.0,1.0,1.0,1.0,1.0,1.0,1.0,1.0,1.0,1.0,1.0,1.0,1.0,1.0,1.0,1.0,1.0,1.0,1.0,1.0,1.0,1.0,1.0,1.0,1.0,1.0,1.0,1.0,1.0,1.0,1.0,1.0,1.0,1.0,1.0,1.0,1.0,1.0,1.0,1.0,1.0,1.0,1.0,1.0,1.0,1.0,1.0,1.0,1.0,1.0,1.0,1.0,1.0,1.0,1.0,1.0,1.0,1.0,1.0,1.0,1.0,1.0,1.0,1.0,1.0,1.0,1.0,1.0,1.0,1.0,1.0,1.0,1.0,1.0,1.0,1.0,1.0,1.0,1.0,1.0,1.0,1.0,1.0,1.0,1.0,1.0,1.0,1.0,1.0,1.0,1.0,1.0,1.0,1.0,1.0,1.0,1.0,1.0,1.0,1.0,1.0,1.0,1.0,1.0,1.0,1.0,1.0,1.0,1.0,1.0,1.0,1.0,1.0,1.0,1.0,1.0,1.0,1.0,1.0,1.0,1.0,1.0,1.0,1.0,1.0,1.0,1.0,1.0,1.0,1.0,1.0,1.0,1.0,1.0,1.0,1.0,1.0,1.0,1.0,1.0,1.0,1.0,1.0,1.0,1.0,1.0,1.0,1.0,1.0,1.0,1.0,1.0,1.0,1.0,1.0,1.0,1.0,1.0,1.0,1.0,1.0,1.0,1.0,1.0,1.0,1.0,1.0,1.0,1.0,1.0,1.0,1.0,1.0,1.0,1.0,1.0,1.0,1.0,1.0,1.0,1.0,1.0,1.0,1.0,1.0,1.0,1.0,1.0,1.0,1.0,1.0,1.0,1.0,1.0,1.0,1.0,1.0,1.0,1.0,1.0,1.0,1.0,1.0,1.0,1.0,1.0,1.0,1.0,1.0,1.0,1.0,1.0,1.0,1.0,1.0,1.0,1.0,1.0,1.0,1.0,1.0,1.0,1.0,1.0,1.0,1.0,1.0,1.0,1.0,1.0,1.0,1.0,1.0,1.0,1.0,1.0,1.0,1.0,1.0,1.0,1.0,1.0,1.0,1.0,1.0,1.0,1.0,1.0,1.0,1.0,1.0,1.0,1.0,1.0,1.0,1.0,1.0,1.0,1.0,1.0,1.0,1.0,1.0,1.0,1.0,1.0,1.0,1.0,1.0,1.0,1.0,1.0,1.0,1.0,1.0,1.0,1.0,1.0,1.0,1.0,1.0,1.0,1.0,1.0,1.0,1.0,1.0,1.0,1.0,1.0,1.0,1.0,1.0,1.0,1.0,1.0,1.0,1.0,1.0,1.0,1.0,1.0,1.0,1.0,1.0,1.0,1.0,1.0,1.0,1.0,1.0,1.0,1.0,1.0,1.0,1.0,1.0,1.0,1.0,1.0,1.0,1.0,1.0,1.0,1.0,1.0,1.0,1.0,1.0,1.0,1.0,1.0,1.0,1.0,1.0,1.0,1.0,1.0,1.0,1.0,1.0,1.0,1.0,1.0,1.0,1.0,1.0,1.0,1.0,1.0,1.0,1.0,1.0,1.0,1.0,1.0,1.0,1.0,1.0,1.0,1.0,1.0,1.0,1.0,1.0,1.0,1.0,1.0,1.0,1.0,1.0,1.0,1.0,1.0,1.0,1.0,1.0,1.0,1.0,1.0,1.0,1.0,1.0,1.0,1.0,1.0,1.0,1.0,1.0,1.0,1.0,1.0,1.0,1.0,1.0,1.0,1.0,1.0,1.0,1.0,1.0,1.0,1.0,1.0,1.0,1.0,1.0,1.0,1.0,1.0,1.0,1.0,1.0,1.0,1.0,1.0,1.0,1.0,1.0,1.0,1.0,1.0,1.0,1.0,1.0,1.0,1.0,1.0,1.0,1.0,1.0,1.0,1.0,1.0,1.0,1.0,1.0,1.0,1.0,1.0,1.0,1.0,1.0,1.0,1.0,1.0,1.0,1.0,1.0,1.0,1.0,1.0,1.0,1.0,1.0,1.0,1.0,1.0,1.0,1.0,1.0,1.0,1.0,1.0,1.0,1.0,1.0,1.0,1.0,1.0,1.0,1.0,1.0,1.0,1.0,1.0,1.0,1.0,1.0,1.0,1.0,1.0,1.0,1.0,1.0,1.0,1.0,1.0,1.0,1.0,1.0,1.0,1.0,1.0,1.0,1.0,1.0,1.0,1.0,1.0,1.0,1.0,1.0,1.0,1.0,1.0,1.0,1.0,1.0,1.0,1.0,1.0,1.0,1.0,1.0,1.0,1.0,1.0,1.0,1.0,1.0,1.0,1.0,1.0,1.0,1.0,1.0,1.0,1.0,1.0,1.0,1.0,1.0,1.0,1.0,1.0,1.0,1.0,1.0,1.0,1.0,1.0,1.0,1.0,1.0,1.0,1.0,1.0,1.0,1.0,1.0,1.0,1.0,1.0,1.0,1.0,1.0,1.0,1.0,1.0,1.0,1.0,1.0,1.0,1.0,1.0,1.0,1.0,1.0,1.0,1.0,1.0,1.0,1.0,1.0,1.0,1.0,1.0,1.0,1.0,1.0,1.0,1.0,1.0,1.0,1.0,1.0,1.0,1.0,1.0,1.0,1.0,1.0,1.0,1.0,1.0,1.0,1.0,1.0,1.0,1.0,1.0,1.0,1.0,1.0,1.0,1.0,1.0,1.0,1.0,1.0,1.0,1.0,1.0,1.0,1.0,1.0,1.0,1.0,1.0,1.0,1.0,1.0,1.0,1.0,1.0,1.0,1.0,1.0,1.0,1.0,1.0,1.0,1.0,1.0,1.0,1.0,1.0,1.0,1.0,1.0,1.0,1.0,1.0,1.0,1.0,1.0,1.0,1.0,1.0,1.0,1.0,1.0,1.0,1.0,1.0,1.0,1.0,1.0,1.0,1.0,1.0,1.0,1.0,1.0,1.0,1.0,1.0,1.0,1.0,1.0,1.0,1.0,1.0,1.0,1.0,1.0,1.0,1.0,1.0,1.0,1.0,1.0,1.0,1.0,1.0,1.0,1.0,1.0,1.0,1.0,1.0,1.0,1.0,1.0,1.0,1.0,1.0,1.0,1.0,1.0,1.0,1.0,1.0,1.0,1.0,1.0,1.0,1.0,1.0,1.0,1.0,1.0,1.0,1.0,1.0,1.0,1.0,1.0,1.0,1.0,1.0,1.0,1.0,1.0,1.0,1.0,1.0,1.0,1.0,1.0,1.0,1.0,1.0,1.0,1.0,1.0,1.0,1.0,1.0,1.0,1.0,1.0,1.0,1.0,1.0,1.0,1.0,1.0,1.0,1.0,1.0,1.0,1.0,1.0,1.0,1.0,1.0,1.0,1.0,1.0,1.0,1.0,1.0,1.0,1.0,1.0,1.0,1.0,1.0,1.0,1.0,1.0,1.0,1.0,1.0,1.0,1.0,1.0,1.0,1.0,1.0,1.0,1.0,1.0,1.0,1.0,1.0,1.0,1.0,1.0,1.0,1.0,1.0,1.0,1.0,1.0,1.0,1.0,1.0,1.0,1.0,1.0,1.0,1.0,1.0,1.0,1.0,1.0,1.0,1.0,1.0,1.0,1.0,1.0,1.0,1.0,1.0,1.0,1.0,1.0,1.0,1.0,1.0,1.0,1.0,1.0,1.0,1.0,1.0,1.0,1.0,1.0,1.0,1.0,1.0,1.0,1.0,1.0,1.0,1.0,1.0,1.0,1.0,1.0,1.0,1.0,1.0,1.0,1.0,1.0,1.0,1.0,1.0,1.0,1.0,1.0,1.0,1.0,1.0,1.0,1.0,1.0,1.0,1.0,1.0,1.0,1.0,1.0,1.0,1.0,1.0,1.0,1.0,1.0,1.0,1.0,1.0,1.0,1.0,1.0,1.0,1.0,1.0,1.0,1.0,1.0,1.0,1.0,1.0,1.0,1.0,1.0,1.0,1.0,1.0,1.0,1.0,1.0,1.0,1.0,1.0,1.0,1.0,1.0,1.0,1.0,1.0,1.0,1.0,1.0,1.0,1.0,1.0,1.0,1.0,1.0,1.0,1.0,1.0,1.0,1.0,1.0,1.0,1.0,1.0,1.0,1.0,1.0,1.0,1.0,1.0,1.0,1.0,1.0,1.0,1.0,1.0,1.0,1.0,1.0,1.0,1.0,1.0,1.0,1.0,1.0,1.0,1.0,1.0,1.0,1.0,1.0,1.0,1.0,1.0,1.0,1.0,1.0,1.0,1.0,1.0,1.0,1.0,1.0,1.0,1.0,1.0,1.0,1.0,1.0,1.0,1.0,1.0,1.0,1.0,1.0,1.0,1.0,1.0,1.0,1.0,1.0,1.0,1.0,1.0,1.0,1.0,1.0,1.0,1.0,1.0,1.0,1.0,1.0,1.0,1.0,1.0,1.0,1.0,1.0,1.0,1.0,1.0,1.0,1.0,1.0,1.0,1.0,1.0,1.0,1.0,1.0,1.0,1.0,1.0,1.0,1.0,1.0,1.0,1.0,1.0,1.0,1.0,1.0,1.0,1.0,1.0,1.0,1.0,1.0,1.0,1.0,1.0,1.0,1.0,1.0,1.0,1.0,1.0,1.0,1.0,1.0,1.0,1.0,1.0,1.0,1.0,1.0,1.0,1.0,1.0,1.0,1.0,1.0,1.0,1.0,1.0,1.0,1.0,1.0,1.0,1.0,1.0,1.0,1.0,1.0,1.0,1.0,1.0,1.0,1.0,1.0,1.0,1.0,1.0,1.0,1.0,1.0,1.0,1.0,1.0,1.0,1.0,1.0,1.0,1.0,1.0,1.0,1.0,1.0,1.0,1.0,1.0,1.0,1.0,1.0,1.0,1.0,1.0,1.0,1.0,1.0,1.0,1.0,1.0,1.0,1.0,1.0,1.0,1.0,1.0,1.0,1.0,1.0,1.0,1.0,1.0,1.0,1.0,1.0,1.0,1.0,1.0,1.0,1.0,1.0,1.0,1.0,1.0,1.0,1.0,1.0,1.0,1.0,1.0,1.0,1.0,1.0,1.0,1.0,1.0,1.0,1.0,1.0,1.0,1.0,1.0,1.0,1.0,1.0,1.0,1.0,1.0,1.0,1.0,1.0,1.0,1.0,1.0,1.0,1.0,1.0,1.0,1.0,1.0,1.0,1.0,1.0,1.0,1.0,1.0,1.0,1.0,1.0,1.0,1.0,1.0,1.0,1.0,1.0,1.0,1.0,1.0,1.0,1.0,1.0,1.0,1.0,1.0,1.0,1.0,1.0,1.0,1.0,1.0,1.0,1.0,1.0,1.0,1.0,1.0,1.0,1.0,1.0,1.0,1.0,1.0,1.0,1.0,1.0,1.0,1.0,1.0,1.0,1.0,1.0,1.0,1.0,1.0,1.0,1.0,1.0,1.0,1.0,1.0,1.0,1.0,1.0,1.0,1.0,1.0,1.0,1.0,1.0,1.0,1.0,1.0,1.0,1.0,1.0,1.0,1.0,1.0,1.0,1.0,1.0,1.0,1.0,1.0,1.0,1.0,1.0,1.0,1.0,1.0,1.0,1.0,1.0,1.0,1.0,1.0,1.0,1.0,1.0,1.0,1.0,1.0,1.0,1.0,1.0,1.0,1.0,1.0,1.0,1.0,1.0,1.0,1.0,1.0,1.0,1.0,1.0,1.0,1.0,1.0,1.0,1.0,1.0,1.0,1.0,1.0,1.0,1.0,1.0,1.0,1.0,1.0,1.0,1.0,1.0,1.0,1.0,1.0,1.0,1.0,1.0,1.0,1.0,1.0,1.0,1.0,1.0,1.0,1.0,1.0,1.0,1.0,1.0,1.0,1.0,1.0,1.0,1.0,1.0,1.0,1.0,1.0,1.0,1.0,1.0,1.0,1.0,1.0,1.0,1.0,1.0,1.0,1.0,1.0,1.0,1.0,1.0,1.0,1.0,1.0,1.0,1.0,1.0,1.0,1.0,1.0,1.0,1.0,1.0,1.0,1.0,1.0,1.0,1.0,1.0,1.0,1.0,1.0,1.0,1.0,1.0,1.0,1.0,1.0,1.0,1.0,1.0,1.0,1.0,1.0,1.0,1.0,1.0,1.0,1.0,1.0,1.0,1.0,1.0,1.0,1.0,1.0,1.0,1.0,1.0,1.0,1.0,1.0,1.0,1.0,1.0,1.0,1.0,1.0,1.0,1.0,1.0,1.0,1.0,1.0,1.0,1.0,1.0,1.0,1.0,1.0,1.0,1.0,1.0,1.0,1.0,1.0,1.0,1.0,1.0,1.0,1.0,1.0,1.0,1.0,1.0,1.0,1.0,1.0,1.0,1.0,1.0,1.0,1.0,1.0,1.0,1.0,1.0,1.0,1.0,1.0,1.0,1.0,1.0,1.0,1.0,1.0,1.0,1.0,1.0,1.0,1.0,1.0,1.0,1.0,1.0,1.0,1.0,1.0,1.0,1.0,1.0,1.0,1.0,1.0,1.0,1.0,1.0,1.0,1.0,1.0,1.0,1.0,1.0,1.0,1.0,1.0,1.0,1.0,1.0,1.0,1.0,1.0,1.0,1.0,1.0,1.0,1.0,1.0,1.0,1.0,1.0,1.0,1.0,1.0,1.0,1.0,1.0,1.0,1.0,1.0,1.0,1.0,1.0,1.0,1.0,1.0,1.0,1.0,1.0,1.0,1.0,1.0,1.0,1.0,1.0,1.0,1.0,1.0,1.0,1.0,1.0,1.0,1.0,1.0,1.0,1.0,1.0,1.0,1.0,1.0,1.0,1.0,1.0,1.0,1.0,1.0,1.0,1.0,1.0,1.0,1.0,1.0,1.0,1.0,1.0,1.0,1.0,1.0,1.0,1.0,1.0,1.0,1.0,1.0,1.0,1.0,1.0,1.0,1.0,1.0,1.0,1.0,1.0,1.0,1.0,1.0,1.0,1.0,1.0,1.0,1.0,1.0,1.0,1.0,1.0,1.0,1.0,1.0,1.0,1.0,1.0,1.0,1.0,1.0,1.0,1.0,1.0,1.0,1.0,1.0,1.0,1.0,1.0,1.0,1.0,1.0,1.0,1.0,1.0,1.0,1.0,1.0,1.0,1.0,1.0,1.0,1.0,1.0,1.0,1.0,1.0,1.0,1.0,1.0,1.0,1.0,1.0,1.0,1.0,1.0,1.0,1.0,1.0,1.0,1.0,1.0,1.0,1.0,1.0,1.0,1.0,1.0,1.0,1.0,1.0,1.0,1.0,1.0,1.0,1.0,1.0,1.0,1.0,1.0,1.0,1.0,1.0,1.0,1.0,1.0,1.0,1.0,1.0,1.0,1.0,1.0,1.0,1.0,1.0,1.0,1.0,1.0,1.0,1.0,1.0,1.0,1.0,1.0,1.0,1.0,1.0,1.0,1.0,1.0,1.0,1.0,1.0,1.0,1.0,1.0,1.0,1.0,1.0,1.0,1.0,1.0,1.0,1.0,1.0,1.0,1.0,1.0,1.0,1.0,1.0,1.0,1.0,1.0,1.0,1.0,1.0,1.0,1.0,1.0,1.0,1.0,1.0,1.0,1.0,1.0,1.0,1.0,1.0,1.0,1.0,1.0,1.0,1.0,1.0,1.0,1.0,1.0,1.0,1.0,1.0,1.0,1.0,1.0,1.0,1.0,1.0,1.0,1.0,1.0,1.0,1.0,1.0,1.0,1.0,1.0,1.0,1.0,1.0,1.0,1.0,1.0,1.0,1.0,1.0,1.0,1.0,1.0,1.0,1.0,1.0,1.0,1.0,1.0,1.0,1.0,1.0,1.0,1.0,1.0,1.0,1.0,1.0,1.0,1.0,1.0,1.0,1.0,1.0,1.0,1.0,1.0,1.0,1.0,1.0,1.0,1.0,1.0,1.0,1.0,1.0,1.0,1.0,1.0,1.0,1.0,1.0,1.0,1.0,1.0,1.0,1.0,1.0,1.0,1.0,1.0,1.0,1.0,1.0,1.0,1.0,1.0,1.0,1.0,1.0,1.0,1.0,1.0,1.0,1.0,1.0,1.0,1.0,1.0,1.0,1.0,1.0,1.0,1.0,1.0,1.0,1.0,1.0,1.0,1.0,1.0,1.0,1.0,1.0,1.0,1.0,1.0,1.0,1.0,1.0,1.0,1.0,1.0,1.0,1.0,1.0,1.0,1.0,1.0,1.0,1.0,1.0,1.0,1.0,1.0,1.0,1.0,1.0,1.0,1.0,1.0,1.0,1.0,1.0,1.0,1.0,1.0,1.0,1.0,1.0,1.0,1.0,1.0,1.0,1.0,1.0,1.0,1.0,1.0,1.0,1.0,1.0,1.0,1.0,1.0,1.0,1.0,1.0,1.0,1.0,1.0,1.0,1.0,1.0,1.0,1.0,1.0,1.0,1.0,1.0,1.0,1.0,1.0,1.0,1.0,1.0,1.0,1.0,1.0,1.0,1.0,1.0,1.0,1.0,1.0,1.0,1.0,1.0,1.0,1.0,1.0,1.0,1.0,1.0,1.0,1.0,1.0,1.0,1.0,1.0,1.0,1.0,1.0,1.0,1.0,1.0,1.0,1.0,1.0,1.0,1.0,1.0,1.0,1.0,1.0,1.0,1.0,1.0,1.0,1.0,1.0,1.0,1.0,1.0,1.0,1.0,1.0,1.0,1.0,1.0,1.0,1.0,1.0,1.0,1.0,1.0,1.0,1.0,1.0,1.0,1.0,1.0,1.0,1.0,1.0,1.0,1.0,1.0,1.0,1.0,1.0,1.0,1.0,1.0,1.0,1.0,1.0,1.0,1.0,1.0,1.0,1.0,1.0,1.0,1.0,1.0,1.0,1.0,1.0,1.0,1.0,1.0,1.0,1.0,1.0,1.0,1.0,1.0,1.0,1.0,1.0,1.0,1.0,1.0,1.0,1.0,1.0,1.0,1.0,1.0,1.0,1.0,1.0,1.0,1.0,1.0,1.0,1.0,1.0,1.0,1.0,1.0,1.0,1.0,1.0,1.0,1.0,1.0,1.0,1.0,1.0,1.0,1.0,1.0,1.0,1.0,1.0,1.0,1.0,1.0,1.0,1.0,1.0,1.0,1.0,1.0,1.0,1.0,1.0,1.0,1.0,1.0,1.0,1.0,1.0,1.0,1.0,1.0,1.0,1.0,1.0,1.0,1.0,1.0,1.0,1.0,1.0,1.0,1.0,1.0,1.0,1.0,1.0,1.0,1.0,1.0,1.0,1.0,1.0,1.0,1.0,1.0,1.0,1.0,1.0,1.0,1.0,1.0,1.0,1.0,1.0,1.0,1.0,1.0,1.0,1.0,1.0,1.0,1.0,1.0,1.0,1.0,1.0,1.0,1.0,1.0,1.0,1.0,1.0,1.0,1.0,1.0,1.0,1.0,1.0,1.0,1.0,1.0,1.0,1.0,1.0,1.0,1.0,1.0,1.0,1.0,1.0,1.0,1.0,1.0,1.0,1.0,1.0,1.0,1.0,1.0,1.0,1.0,1.0,1.0,1.0,1.0,1.0,1.0,1.0,1.0,1.0,1.0,1.0,1.0,1.0,1.0,1.0,1.0,1.0,1.0,1.0,1.0,1.0,1.0,1.0,1.0,1.0,1.0,1.0,1.0,1.0,1.0,1.0,1.0,1.0,1.0,1.0,1.0,1.0,1.0,1.0,1.0,1.0,1.0,1.0,1.0,1.0,1.0,1.0,1.0,1.0,1.0,1.0,1.0,1.0,1.0,1.0,1.0,1.0,1.0,1.0,1.0,1.0,1.0,1.0,1.0,1.0,1.0,1.0,1.0,1.0,1.0,1.0,1.0,1.0,1.0,1.0,1.0,1.0,1.0,1.0,1.0,1.0,1.0,1.0,1.0,1.0,1.0,1.0,1.0,1.0,1.0,1.0,1.0,1.0,1.0,1.0,1.0,1.0,1.0,1.0,1.0,1.0,1.0,1.0,1.0,1.0,1.0,1.0,1.0,1.0,1.0,1.0,1.0,1.0,1.0,1.0,1.0,1.0,1.0,1.0,1.0,1.0,1.0,1.0,1.0,1.0,1.0,1.0,1.0,1.0,1.0,1.0,1.0,1.0,1.0,1.0,1.0,1.0,1.0,1.0,1.0,1.0,1.0,1.0,1.0,1.0,1.0,1.0,1.0,1.0,1.0,1.0,1.0,1.0,1.0,1.0,1.0,1.0,1.0,1.0,1.0,1.0,1.0,1.0,1.0,1.0,1.0,1.0,1.0,1.0,1.0,1.0,1.0,1.0,1.0,1.0,1.0,1.0,1.0,1.0,1.0,1.0,1.0,1.0,1.0,1.0,1.0,1.0,1.0,1.0,1.0,1.0,1.0,1.0,1.0,1.0,1.0,1.0,1.0,1.0,1.0,1.0,1.0,1.0,1.0,1.0,1.0,1.0,1.0,1.0,1.0,1.0,1.0,1.0,1.0,1.0,1.0,1.0,1.0,1.0,1.0,1.0,1.0,1.0,1.0,1.0,1.0,1.0,1.0,1.0,1.0,1.0,1.0,1.0,1.0,1.0,1.0,1.0,1.0,1.0,1.0,1.0,1.0,1.0,1.0,1.0,1.0,1.0,1.0,1.0,1.0,1.0,1.0,1.0,1.0,1.0,1.0,1.0,1.0,1.0,1.0,1.0,1.0,1.0,1.0,1.0,1.0,1.0,1.0,1.0,1.0,1.0,1.0,1.0,1.0,1.0,1.0,1.0,1.0,1.0,1.0,1.0,1.0,1.0,1.0,1.0,1.0,1.0,1.0,1.0,1.0,1.0,1.0,1.0,1.0,1.0,1.0,1.0,1.0,1.0,1.0,1.0,1.0,1.0,1.0,1.0,1.0,1.0,1.0,1.0,1.0,1.0,1.0,1.0,1.0,1.0,1.0,1.0,1.0,1.0,1.0,1.0,1.0,1.0,1.0,1.0,1.0,1.0,1.0,1.0,1.0,1.0,1.0,1.0,1.0,1.0,1.0,1.0,1.0,1.0,1.0,1.0,1.0,1.0,1.0,1.0,1.0,1.0,1.0,1.0,1.0,1.0,1.0,1.0,1.0,1.0,1.0,1.0,1.0,1.0,1.0,1.0,1.0,1.0,1.0,1.0,1.0,1.0,1.0,1.0,1.0,1.0,1.0,1.0,1.0,1.0,1.0,1.0,1.0,1.0,1.0,1.0,1.0,1.0,1.0,1.0,1.0,1.0,1.0,1.0,1.0,1.0,1.0,1.0,1.0,1.0,1.0,1.0,1.0,1.0,1.0,1.0,1.0,1.0,1.0,1.0,1.0,1.0,1.0,1.0,1.0,1.0,1.0,1.0,1.0,1.0,1.0,1.0,1.0,1.0,1.0,1.0,1.0,1.0,1.0,1.0,1.0,1.0,1.0,1.0,1.0,1.0,1.0,1.0,1.0,1.0,1.0,1.0,1.0,1.0,1.0,1.0,1.0,1.0,1.0,1.0,1.0,1.0,1.0,1.0,1.0,1.0,1.0,1.0,1.0,1.0,1.0,1.0,1.0,1.0,1.0,1.0,1.0,1.0,1.0,1.0,1.0,1.0,1.0,1.0,1.0,1.0,1.0,1.0,1.0,1.0,1.0,1.0,1.0,1.0,1.0,1.0,1.0,1.0,1.0,1.0,1.0,1.0,1.0,1.0,1.0,1.0,1.0,1.0,1.0,1.0,1.0,1.0,1.0,1.0,1.0,1.0,1.0,1.0,1.0,1.0,1.0,1.0,1.0,1.0,1.0,1.0,1.0,1.0,1.0,1.0,1.0,1.0,1.0,1.0,1.0,1.0,1.0,1.0,1.0,1.0,1.0,1.0,1.0,1.0,1.0,1.0,1.0,1.0,1.0,1.0,1.0,1.0,1.0,1.0,1.0,1.0,1.0,1.0,1.0,1.0,1.0,1.0,1.0,1.0,1.0,1.0,1.0,1.0,1.0,1.0,1.0,1.0,1.0,1.0,1.0,1.0,1.0,1.0,1.0,1.0,1.0,1.0,1.0,1.0,1.0,1.0,1.0,1.0,1.0,1.0,1.0,1.0,1.0,1.0,1.0,1.0,1.0,1.0,1.0,1.0,1.0,1.0,1.0,1.0,1.0,1.0,1.0,1.0,1.0,1.0,1.0,1.0,1.0,1.0,1.0,1.0,1.0,1.0,1.0,1.0,1.0,1.0,1.0,1.0,1.0,1.0,1.0,1.0,1.0,1.0,1.0,1.0,1.0,1.0,1.0,1.0,1.0,1.0,1.0,1.0,1.0,1.0,1.0,1.0,1.0,1.0,1.0,1.0,1.0,1.0,1.0,1.0,1.0,1.0,1.0,1.0,1.0,1.0,1.0,1.0,1.0,1.0,1.0,1.0,1.0,1.0,1.0,1.0,1.0,1.0,1.0,1.0,1.0,1.0,1.0,1.0,1.0,1.0,1.0,1.0,1.0,1.0,1.0,1.0,1.0,1.0,1.0,1.0,1.0,1.0,1.0,1.0,1.0,1.0,1.0,1.0,1.0,1.0,1.0,1.0,1.0,1.0,1.0,1.0,1.0,1.0,1.0,1.0,1.0,1.0,1.0,1.0,1.0,1.0,1.0,1.0,1.0,1.0,1.0,1.0,1.0,1.0,1.0,1.0,1.0,1.0,1.0,1.0,1.0,1.0,1.0,1.0,1.0,1.0,1.0,1.0,1.0,1.0,1.0,1.0,1.0,1.0,1.0,1.0,1.0,1.0,1.0,1.0,1.0,1.0,1.0,1.0,1.0,1.0,1.0,1.0,1.0,1.0,1.0,1.0,1.0,1.0,1.0,1.0,1.0,1.0,1.0,1.0,1.0,1.0,1.0,1.0,1.0,1.0,1.0,1.0,1.0,1.0,1.0,1.0,1.0,1.0,1.0,1.0,1.0,1.0,1.0,1.0,1.0,1.0,1.0,1.0,1.0,1.0,1.0,1.0,1.0,1.0,1.0,1.0,1.0,1.0,1.0,1.0,1.0,1.0,1.0,1.0,1.0,1.0,1.0,1.0,1.0,1.0,1.0,1.0,1.0,1.0,1.0,1.0,1.0,1.0,1.0,1.0,1.0,1.0,1.0,1.0,1.0,1.0,1.0,1.0,1.0,1.0,1.0,1.0,1.0,1.0,1.0,1.0,1.0,1.0,1.0,1.0,1.0,1.0,1.0,1.0,1.0,1.0,1.0,1.0,1.0,1.0,1.0,1.0,1.0,1.0,1.0,1.0,1.0,1.0,1.0,1.0,1.0,1.0,1.0,1.0,1.0,1.0,1.0,1.0,1.0,1.0,1.0,1.0,1.0,1.0,1.0,1.0,1.0,1.0,1.0,1.0,1.0,1.0,1.0,1.0,1.0,1.0,1.0,1.0,1.0,1.0,1.0,1.0,1.0,1.0,1.0,1.0,1.0,1.0,1.0,1.0,1.0,1.0,1.0,1.0,1.0,1.0,1.0,1.0,1.0,1.0,1.0,1.0,1.0,1.0,1.0,1.0,1.0,1.0,1.0,1.0,1.0,1.0,1.0,1.0,1.0,1.0,1.0,1.0,1.0,1.0,1.0,1.0,1.0,1.0,1.0,1.0,1.0,1.0,1.0,1.0,1.0,1.0,1.0,1.0,1.0,1.0,1.0,1.0,1.0,1.0,1.0,1.0,1.0,1.0,1.0,1.0,1.0,1.0,1.0,1.0,1.0,1.0,1.0,1.0,1.0,1.0,1.0,1.0,1.0,1.0,1.0,1.0,1.0,1.0,1.0,1.0,1.0,1.0,1.0,1.0,1.0,1.0,1.0,1.0,1.0,1.0,1.0,1.0,1.0,1.0,1.0,1.0,1.0,1.0,1.0,1.0,1.0,1.0,1.0,1.0,1.0,1.0,1.0,1.0,1.0,1.0,1.0,1.0,1.0,1.0,1.0,1.0,1.0,1.0,1.0,1.0,1.0,1.0,1.0,1.0,1.0,1.0,1.0,1.0,1.0,1.0,1.0,1.0,1.0,1.0,1.0,1.0,1.0
1.0,1.0,1.0,1.0,1.0,1.0,1.0,1.0,1.0,1.0,1.0,1.0,1.0,1.0,1.0,1.0,1.0,1.0,1.0,1.0,1.0,1.0,1.0,1.0,1.0,1.0,1.0,1.0,1.0,1.0,1.0,1.0,1.0,1.0,1.0,1.0,1.0,1.0,1.0,1.0,1.0,1.0,1.0,1.0,1.0,1.0,1.0,1.0,1.0,1.0,1.0,1.0,1.0,1.0,1.0,1.0,1.0,1.0,1.0,1.0,1.0,1.0,1.0,1.0,1.0,1.0,1.0,1.0,1.0,1.0,1.0,1.0,1.0,1.0,1.0,1.0,1.0,1.0,1.0,1.0,1.0,1.0,1.0,1.0,1.0,1.0,1.0,1.0,1.0,1.0,1.0,1.0,1.0,1.0,1.0,1.0,1.0,1.0,1.0,1.0,1.0,1.0,1.0,1.0,1.0,1.0,1.0,1.0,1.0,1.0,1.0,1.0,1.0,1.0,1.0,1.0,1.0,1.0,1.0,1.0,1.0,1.0,1.0,1.0,1.0,1.0,1.0,1.0,1.0,1.0,1.0,1.0,1.0,1.0,1.0,1.0,1.0,1.0,1.0,1.0,1.0,1.0,1.0,1.0,1.0,1.0,1.0,1.0,1.0,1.0,1.0,1.0,1.0,1.0,1.0,1.0,1.0,1.0,1.0,1.0,1.0,1.0,1.0,1.0,1.0,1.0,1.0,1.0,1.0,1.0,1.0,1.0,1.0,1.0,1.0,1.0,1.0,1.0,1.0,1.0,1.0,1.0,1.0,1.0,1.0,1.0,1.0,1.0,1.0,1.0,1.0,1.0,1.0,1.0,1.0,1.0,1.0,1.0,1.0,1.0,1.0,1.0,1.0,1.0,1.0,1.0,1.0,1.0,1.0,1.0,1.0,1.0,1.0,1.0,1.0,1.0,1.0,1.0,1.0,1.0,1.0,1.0,1.0,1.0,1.0,1.0,1.0,1.0,1.0,1.0,1.0,1.0,1.0,1.0,1.0,1.0,1.0,1.0,1.0,1.0,1.0,1.0,1.0,1.0,1.0,1.0,1.0,1.0,1.0,1.0,1.0,1.0,1.0,1.0,1.0,1.0,1.0,1.0,1.0,1.0,1.0,1.0,1.0,1.0,1.0,1.0,1.0,1.0,1.0,1.0,1.0,1.0,1.0,1.0,1.0,1.0,1.0,1.0,1.0,1.0,1.0,1.0,1.0,1.0,1.0,1.0,1.0,1.0,1.0,1.0,1.0,1.0,1.0,1.0,1.0,1.0,1.0,1.0,1.0,1.0,1.0,1.0,1.0,1.0,1.0,1.0,1.0,1.0,1.0,1.0,1.0,1.0,1.0,1.0,1.0,1.0,1.0,1.0,1.0,1.0,1.0,1.0,1.0,1.0,1.0,1.0,1.0,1.0,1.0,1.0,1.0,1.0,1.0,1.0,1.0,1.0,1.0,1.0,1.0,1.0,1.0,1.0,1.0,1.0,1.0,1.0,1.0,1.0,1.0,1.0,1.0,1.0,1.0,1.0,1.0,1.0,1.0,1.0,1.0,1.0,1.0,1.0,1.0,1.0,1.0,1.0,1.0,1.0,1.0,1.0,1.0,1.0,1.0,1.0,1.0,1.0,1.0,1.0,1.0,1.0,1.0,1.0,1.0,1.0,1.0,1.0,1.0,1.0,1.0,1.0,1.0,1.0,1.0,1.0,1.0,1.0,1.0,1.0,1.0,1.0,1.0,1.0,1.0,1.0,1.0,1.0,1.0,1.0,1.0,1.0,1.0,1.0,1.0,1.0,1.0,1.0,1.0,1.0,1.0,1.0,1.0,1.0,1.0,1.0,1.0,1.0,1.0,1.0,1.0,1.0,1.0,1.0,1.0,1.0,1.0,1.0,1.0,1.0,1.0,1.0,1.0,1.0,1.0,1.0,1.0,1.0,1.0,1.0,1.0,1.0,1.0,1.0,1.0,1.0,1.0,1.0,1.0,1.0,1.0,1.0,1.0,1.0,1.0,1.0,1.0,1.0,1.0,1.0,1.0,1.0,1.0,1.0,1.0,1.0,1.0,1.0,1.0,1.0,1.0,1.0,1.0,1.0,1.0,1.0,1.0,1.0,1.0,1.0,1.0,1.0,1.0,1.0,1.0,1.0,1.0,1.0,1.0,1.0,1.0,1.0,1.0,1.0,1.0,1.0,1.0,1.0,1.0,1.0,1.0,1.0,1.0,1.0,1.0,1.0,1.0,1.0,1.0,1.0,1.0,1.0,1.0,1.0,1.0,1.0,1.0,1.0,1.0,1.0,1.0,1.0,1.0,1.0,1.0,1.0,1.0,1.0,1.0,1.0,1.0,1.0,1.0,1.0,1.0,1.0,1.0,1.0,1.0,1.0,1.0,1.0,1.0,1.0,1.0,1.0,1.0,1.0,1.0,1.0,1.0,1.0,1.0,1.0,1.0,1.0,1.0,1.0,1.0,1.0,1.0,1.0,1.0,1.0,1.0,1.0,1.0,1.0,1.0,1.0,1.0,1.0,1.0,1.0,1.0,1.0,1.0,1.0,1.0,1.0,1.0,1.0,1.0,1.0,1.0,1.0,1.0,1.0,1.0,1.0,1.0,1.0,1.0,1.0,1.0,1.0,1.0,1.0,1.0,1.0,1.0,1.0,1.0,1.0,1.0,1.0,1.0,1.0,1.0,1.0,1.0,1.0,1.0,1.0,1.0,1.0,1.0,1.0,1.0,1.0,1.0,1.0,1.0,1.0,1.0,1.0,1.0,1.0,1.0,1.0,1.0,1.0,1.0,1.0,1.0,1.0,1.0,1.0,1.0,1.0,1.0,1.0,1.0,1.0,1.0,1.0,1.0,1.0,1.0,1.0,1.0,1.0,1.0,1.0,1.0,1.0,1.0,1.0,1.0,1.0,1.0,1.0,1.0,1.0,1.0,1.0,1.0,1.0,1.0,1.0,1.0,1.0,1.0,1.0,1.0,1.0,1.0,1.0,1.0,1.0,1.0,1.0,1.0,1.0,1.0,1.0,1.0,1.0,1.0,1.0,1.0,1.0,1.0,1.0,1.0,1.0,1.0,1.0,1.0,1.0,1.0,1.0,1.0,1.0,1.0,1.0,1.0,1.0,1.0,1.0,1.0,1.0,1.0,1.0,1.0,1.0,1.0,1.0,1.0,1.0,1.0,1.0,1.0,1.0,1.0,1.0,1.0,1.0,1.0,1.0,1.0,1.0,1.0,1.0,1.0,1.0,1.0,1.0,1.0,1.0,1.0,1.0,1.0,1.0,1.0,1.0,1.0,1.0,1.0,1.0,1.0,1.0,1.0,1.0,1.0,1.0,1.0,1.0,1.0,1.0,1.0,1.0,1.0,1.0,1.0,1.0,1.0,1.0,1.0,1.0,1.0,1.0,1.0,1.0,1.0,1.0,1.0,1.0,1.0,1.0,1.0,1.0,1.0,1.0,1.0,1.0,1.0,1.0,1.0,1.0,1.0,1.0,1.0,1.0,1.0,1.0,1.0,1.0,1.0,1.0,1.0,1.0,1.0,1.0,1.0,1.0,1.0,1.0,1.0,1.0,1.0,1.0,1.0,1.0,1.0,1.0,1.0,1.0,1.0,1.0,1.0,1.0,1.0,1.0,1.0,1.0,1.0,1.0,1.0,1.0,1.0,1.0,1.0,1.0,1.0,1.0,1.0,1.0,1.0,1.0,1.0,1.0,1.0,1.0,1.0,1.0,1.0,1.0,1.0,1.0,1.0,1.0,1.0,1.0,1.0,1.0,1.0,1.0,1.0,1.0,1.0,1.0,1.0,1.0,1.0,1.0,1.0,1.0,1.0,1.0,1.0,1.0,1.0,1.0,1.0,1.0,1.0,1.0,1.0,1.0,1.0,1.0,1.0,1.0,1.0,1.0,1.0,1.0,1.0,1.0,1.0,1.0,1.0,1.0,1.0,1.0,1.0,1.0,1.0,1.0,1.0,1.0,1.0,1.0,1.0,1.0,1.0,1.0,1.0,1.0,1.0,1.0,1.0,1.0,1.0,1.0,1.0,1.0,1.0,1.0,1.0,1.0,1.0,1.0,1.0,1.0,1.0,1.0,1.0,1.0,1.0,1.0,1.0,1.0,1.0,1.0,1.0,1.0,1.0,1.0,1.0,1.0,1.0,1.0,1.0,1.0,1.0,1.0,1.0,1.0,1.0,1.0,1.0,1.0,1.0,1.0,1.0,1.0,1.0,1.0,1.0,1.0,1.0,1.0,1.0,1.0,1.0,1.0,1.0,1.0,1.0,1.0,1.0,1.0,1.0,1.0,1.0,1.0,1.0,1.0,1.0,1.0,1.0,1.0,1.0,1.0,1.0,1.0,1.0,1.0,1.0,1.0,1.0,1.0,1.0,1.0,1.0,1.0,1.0,1.0,1.0,1.0,1.0,1.0,1.0,1.0,1.0,1.0,1.0,1.0,1.0,1.0,1.0,1.0,1.0,1.0,1.0,1.0,1.0,1.0,1.0,1.0,1.0,1.0,1.0,1.0,1.0,1.0,1.0,1.0,1.0,1.0,1.0,1.0,1.0,1.0,1.0,1.0,1.0,1.0,1.0,1.0,1.0,1.0,1.0,1.0,1.0,1.0,1.0,1.0,1.0,1.0,1.0,1.0,1.0,1.0,1.0,1.0,1.0,1.0,1.0,1.0,1.0,1.0,1.0,1.0,1.0,1.0,1.0,1.0,1.0,1.0,1.0,1.0,1.0,1.0,1.0,1.0,1.0,1.0,1.0,1.0,1.0,1.0,1.0,1.0,1.0,1.0,1.0,1.0,1.0,1.0,1.0,1.0,1.0,1.0,1.0,1.0,1.0,1.0,1.0,1.0,1.0,1.0,1.0,1.0,1.0,1.0,1.0,1.0,1.0,1.0,1.0,1.0,1.0,1.0,1.0,1.0,1.0,1.0,1.0,1.0,1.0,1.0,1.0,1.0,1.0,1.0,1.0,1.0,1.0,1.0,1.0,1.0,1.0,1.0,1.0,1.0,1.0,1.0,1.0,1.0,1.0,1.0,1.0,1.0,1.0,1.0,1.0,1.0,1.0,1.0,1.0,1.0,1.0,1.0,1.0,1.0,1.0,1.0,1.0,1.0,1.0,1.0,1.0,1.0,1.0,1.0,1.0,1.0,1.0,1.0,1.0,1.0,1.0,1.0,1.0,1.0,1.0,1.0,1.0,1.0,1.0,1.0,1.0,1.0,1.0,1.0,1.0,1.0,1.0,1.0,1.0,1.0,1.0,1.0,1.0,1.0,1.0,1.0,1.0,1.0,1.0,1.0,1.0,1.0,1.0,1.0,1.0,1.0,1.0,1.0,1.0,1.0,1.0,1.0,1.0,1.0,1.0,1.0,1.0,1.0,1.0,1.0,1.0,1.0,1.0,1.0,1.0,1.0,1.0,1.0,1.0,1.0,1.0,1.0,1.0,1.0,1.0,1.0,1.0,1.0,1.0,1.0,1.0,1.0,1.0,1.0,1.0,1.0,1.0,1.0,1.0,1.0,1.0,1.0,1.0,1.0,1.0,1.0,1.0,1.0,1.0,1.0,1.0,1.0,1.0,1.0,1.0,1.0,1.0,1.0,1.0,1.0,1.0,1.0,1.0,1.0,1.0,1.0,1.0,1.0,1.0,1.0,1.0,1.0,1.0,1.0,1.0,1.0,1.0,1.0,1.0,1.0,1.0,1.0,1.0,1.0,1.0,1.0,1.0,1.0,1.0,1.0,1.0,1.0,1.0,1.0,1.0,1.0,1.0,1.0,1.0,1.0,1.0,1.0,1.0,1.0,1.0,1.0,1.0,1.0,1.0,1.0,1.0,1.0,1.0,1.0,1.0,1.0,1.0,1.0,1.0,1.0,1.0,1.0,1.0,1.0,1.0,1.0,1.0,1.0,1.0,1.0,1.0,1.0,1.0,1.0,1.0,1.0,1.0,1.0,1.0,1.0,1.0,1.0,1.0,1.0,1.0,1.0,1.0,1.0,1.0,1.0,1.0,1.0,1.0,1.0,1.0,1.0,1.0,1.0,1.0,1.0,1.0,1.0,1.0,1.0,1.0,1.0,1.0,1.0,1.0,1.0,1.0,1.0,1.0,1.0,1.0,1.0,1.0,1.0,1.0,1.0,1.0,1.0,1.0,1.0,1.0,1.0,1.0,1.0,1.0,1.0,1.0,1.0,1.0,1.0,1.0,1.0,1.0,1.0,1.0,1.0,1.0,1.0,1.0,1.0,1.0,1.0,1.0,1.0,1.0,1.0,1.0,1.0,1.0,1.0,1.0,1.0,1.0,1.0,1.0,1.0,1.0,1.0,1.0,1.0,1.0,1.0,1.0,1.0,1.0,1.0,1.0,1.0,1.0,1.0,1.0,1.0,1.0,1.0,1.0,1.0,1.0,1.0,1.0,1.0,1.0,1.0,1.0,1.0,1.0,1.0,1.0,1.0,1.0,1.0,1.0,1.0,1.0,1.0,1.0,1.0,1.0,1.0,1.0,1.0,1.0,1.0,1.0,1.0,1.0,1.0,1.0,1.0,1.0,1.0,1.0,1.0,1.0,1.0,1.0,1.0,1.0,1.0,1.0,1.0,1.0,1.0,1.0,1.0,1.0,1.0,1.0,1.0,1.0,1.0,1.0,1.0,1.0,1.0,1.0,1.0,1.0,1.0,1.0,1.0,1.0,1.0,1.0,1.0,1.0,1.0,1.0,1.0,1.0,1.0,1.0,1.0,1.0,1.0,1.0,1.0,1.0,1.0,1.0,1.0,1.0,1.0,1.0,1.0,1.0,1.0,1.0,1.0,1.0,1.0,1.0,1.0,1.0,1.0,1.0,1.0,1.0,1.0,1.0,1.0,1.0,1.0,1.0,1.0,1.0,1.0,1.0,1.0,1.0,1.0,1.0,1.0,1.0,1.0,1.0,1.0,1.0,1.0,1.0,1.0,1.0,1.0,1.0,1.0,1.0,1.0,1.0,1.0,1.0,1.0,1.0,1.0,1.0,1.0,1.0,1.0,1.0,1.0,1.0,1.0,1.0,1.0,1.0,1.0,1.0,1.0,1.0,1.0,1.0,1.0,1.0,1.0,1.0,1.0,1.0,1.0,1.0,1.0,1.0,1.0,1.0,1.0,1.0,1.0,1.0,1.0,1.0,1.0,1.0,1.0,1.0,1.0,1.0,1.0,1.0,1.0,1.0,1.0,1.0,1.0,1.0,1.0,1.0,1.0,1.0,1.0,1.0,1.0,1.0,1.0,1.0,1.0,1.0,1.0,1.0,1.0,1.0,1.0,1.0,1.0,1.0,1.0,1.0,1.0,1.0,1.0,1.0,1.0,1.0,1.0,1.0,1.0,1.0,1.0,1.0,1.0,1.0,1.0,1.0,1.0,1.0,1.0,1.0,1.0,1.0,1.0,1.0,1.0,1.0,1.0,1.0,1.0,1.0,1.0,1.0,1.0,1.0,1.0,1.0,1.0,1.0,1.0,1.0,1.0,1.0,1.0,1.0,1.0,1.0,1.0,1.0,1.0,1.0,1.0,1.0,1.0,1.0,1.0,1.0,1.0,1.0,1.0,1.0,1.0,1.0,1.0,1.0,1.0,1.0,1.0,1.0,1.0,1.0,1.0,1.0,1.0,1.0,1.0,1.0,1.0,1.0,1.0,1.0,1.0,1.0,1.0,1.0,1.0,1.0,1.0,1.0,1.0,1.0,1.0,1.0,1.0,1.0,1.0,1.0,1.0,1.0,1.0,1.0,1.0,1.0,1.0,1.0,1.0,1.0,1.0,1.0,1.0,1.0,1.0,1.0,1.0,1.0,1.0,1.0,1.0,1.0,1.0,1.0,1.0,1.0,1.0,1.0,1.0,1.0,1.0,1.0,1.0,1.0,1.0,1.0,1.0,1.0,1.0,1.0,1.0,1.0,1.0,1.0,1.0,1.0,1.0,1.0,1.0,1.0,1.0,1.0,1.0,1.0,1.0,1.0,1.0,1.0,1.0,1.0,1.0,1.0,1.0,1.0,1.0,1.0,1.0,1.0,1.0,1.0,1.0,1.0,1.0,1.0,1.0,1.0,1.0,1.0,1.0,1.0,1.0,1.0,1.0,1.0,1.0,1.0,1.0,1.0,1.0,1.0,1.0,1.0,1.0,1.0,1.0,1.0,1.0,1.0,1.0,1.0,1.0,1.0,1.0,1.0,1.0,1.0,1.0,1.0,1.0,1.0,1.0,1.0,1.0,1.0,1.0,1.0,1.0,1.0,1.0,1.0,1.0,1.0,1.0,1.0,1.0,1.0,1.0,1.0,1.0,1.0,1.0,1.0,1.0,1.0,1.0,1.0,1.0,1.0,1.0,1.0,1.0,1.0,1.0,1.0,1.0,1.0,1.0,1.0,1.0,1.0,1.0,1.0,1.0,1.0,1.0,1.0,1.0,1.0,1.0,1.0,1.0,1.0,1.0,1.0,1.0,1.0,1.0,1.0,1.0,1.0,1.0,1.0,1.0,1.0,1.0,1.0,1.0,1.0,1.0,1.0,1.0,1.0,1.0,1.0,1.0,1.0,1.0,1.0,1.0,1.0,1.0,1.0,1.0,1.0,1.0,1.0,1.0,1.0,1.0,1.0,1.0,1.0,1.0,1.0,1.0,1.0,1.0,1.0,1.0,1.0,1.0,1.0,1.0,1.0,1.0,1.0,1.0,1.0,1.0,1.0,1.0,1.0,1.0,1.0,1.0,1.0,1.0,1.0,1.0,1.0,1.0,1.0,1.0,1.0,1.0,1.0,1.0,1.0,1.0,1.0,1.0,1.0,1.0,1.0,1.0,1.0,1.0,1.0,1.0,1.0,1.0,1.0,1.0,1.0,1.0,1.0,1.0,1.0,1.0,1.0,1.0,1.0,1.0,1.0,1.0,1.0,1.0,1.0,1.0,1.0,1.0,1.0,1.0,1.0,1.0,1.0,1.0,1.0,1.0,1.0,1.0,1.0,1.0,1.0,1.0,1.0,1.0,1.0,1.0,1.0,1.0,1.0,1.0,1.0,1.0,1.0,1.0,1.0,1.0,1.0,1.0,1.0,1.0,1.0,1.0,1.0,1.0,1.0,1.0,1.0,1.0,1.0,1.0,1.0,1.0,1.0,1.0,1.0,1.0,1.0,1.0,1.0,1.0,1.0,1.0,1.0,1.0,1.0,1.0,1.0,1.0,1.0,1.0,1.0,1.0,1.0,1.0,1.0,1.0,1.0,1.0,1.0,1.0,1.0,1.0,1.0,1.0,1.0,1.0,1.0,1.0,1.0,1.0,1.0,1.0,1.0,1.0,1.0,1.0,1.0,1.0,1.0,1.0,1.0,1.0,1.0,1.0,1.0,1.0,1.0,1.0,1.0,1.0,1.0,1.0,1.0,1.0,1.0,1.0,1.0,1.0,1.0,1.0,1.0,1.0,1.0,1.0,1.0,1.0,1.0,1.0,1.0,1.0,1.0,1.0,1.0,1.0,1.0,1.0,1.0,1.0,1.0,1.0,1.0,1.0,1.0,1.0,1.0,1.0,1.0,1.0,1.0,1.0,1.0,1.0,1.0,1.0,1.0,1.0,1.0,1.0,1.0,1.0,1.0,1.0,1.0,1.0,1.0,1.0,1.0,1.0,1.0,1.0,1.0,1.0,1.0,1.0,1.0,1.0,1.0,1.0,1.0,1.0,1.0,1.0,1.0,1.0,1.0,1.0,1.0,1.0,1.0,1.0,1.0,1.0,1.0,1.0,1.0,1.0,1.0,1.0,1.0,1.0,1.0,1.0,1.0,1.0,1.0,1.0,1.0,1.0,1.0,1.0,1.0,1.0,1.0,1.0,1.0,1.0,1.0,1.0,1.0,1.0,1.0,1.0,1.0,1.0,1.0,1.0,1.0,1.0,1.0,1.0,1.0,1.0,1.0,1.0,1.0,1.0,1.0,1.0,1.0,1.0,1.0,1.0,1.0,1.0,1.0,1.0,1.0,1.0,1.0,1.0,1.0,1.0,1.0,1.0,1.0,1.0,1.0,1.0,1.0,1.0,1.0,1.0,1.0,1.0,1.0,1.0,1.0,1.0,1.0,1.0,1.0,1.0,1.0,1.0,1.0,1.0,1.0,1.0,1.0,1.0,1.0,1.0,1.0,1.0,1.0,1.0,1.0,1.0,1.0,1.0,1.0,1.0,1.0,1.0,1.0,1.0,1.0,1.0,1.0,1.0,1.0,1.0,1.0,1.0,1.0,1.0,1.0,1.0,1.0,1.0,1.0,1.0,1.0,1.0,1.0,1.0,1.0,1.0,1.0,1.0,1.0,1.0,1.0,1.0,1.0,1.0,1.0,1.0,1.0,1.0,1.0,1.0,1.0,1.0,1.0,1.0,1.0,1.0,1.0,1.0,1.0,1.0,1.0,1.0,1.0,1.0,1.0,1.0,1.0,1.0,1.0,1.0,1.0,1.0,1.0,1.0,1.0,1.0,1.0,1.0,1.0,1.0,1.0,1.0,1.0,1.0,1.0,1.0,1.0,1.0,1.0,1.0,1.0,1.0,1.0,1.0,1.0,1.0,1.0,1.0,1.0,1.0,1.0,1.0,1.0,1.0,1.0,1.0,1.0,1.0,1.0,1.0,1.0,1.0,1.0,1.0,1.0,1.0,1.0,1.0,1.0,1.0,1.0,1.0,1.0,1.0,1.0,1.0,1.0,1.0,1.0,1.0,1.0,1.0,1.0,1.0,1.0,1.0,1.0,1.0,1.0,1.0,1.0,1.0,1.0,1.0,1.0,1.0,1.0,1.0,1.0,1.0,1.0,1.0,1.0,1.0,1.0,1.0,1.0,1.0,1.0,1.0,1.0,1.0,1.0,1.0,1.0,1.0,1.0,1.0,1.0,1.0,1.0,1.0,1.0,1.0,1.0,1.0,1.0,1.0,1.0,1.0,1.0,1.0,1.0,1.0,1.0,1.0,1.0,1.0,1.0,1.0,1.0,1.0,1.0,1.0,1.0,1.0,1.0,1.0,1.0,1.0,1.0,1.0,1.0,1.0,1.0,1.0,1.0,1.0,1.0,1.0,1.0,1.0,1.0,1.0,1.0,1.0,1.0,1.0,1.0,1.0,1.0,1.0,1.0,1.0,1.0,1.0,1.0,1.0,1.0,1.0,1.0,1.0,1.0,1.0,1.0,1.0,1.0,1.0,1.0,1.0,1.0,1.0,1.0,1.0,1.0,1.0,1.0,1.0,1.0,1.0,1.0,1.0,1.0,1.0,1.0,1.0,1.0,1.0,1.0,1.0,1.0,1.0,1.0,1.0,1.0,1.0,1.0,1.0,1.0,1.0,1.0,1.0,1.0,1.0,1.0,1.0,1.0,1.0,1.0,1.0,1.0,1.0,1.0,1.0,1.0,1.0,1.0,1.0,1.0,1.0,1.0,1.0,1.0,1.0,1.0,1.0,1.0,1.0,1.0,1.0,1.0,1.0,1.0,1.0,1.0,1.0,1.0,1.0,1.0,1.0,1.0,1.0,1.0,1.0,1.0,1.0,1.0,1.0,1.0,1.0,1.0,1.0,1.0,1.0,1.0,1.0,1.0,1.0,1.0,1.0,1.0,1.0,1.0,1.0,1.0,1.0,1.0,1.0,1.0,1.0,1.0,1.0,1.0,1.0,1.0,1.0,1.0,1.0,1.0,1.0,1.0,1.0,1.0,1.0,1.0,1.0,1.0,1.0,1.0,1.0,1.0,1.0,1.0,1.0,1.0,1.0,1.0,1.0,1.0,1.0,1.0,1.0,1.0,1.0,1.0,1.0,1.0,1.0,1.0,1.0,1.0,1.0,1.0,1.0,1.0,1.0,1.0,1.0,1.0,1.0,1.0,1.0,1.0,1.0,1.0,1.0,1.0,1.0,1.0,1.0,1.0,1.0,1.0,1.0,1.0,1.0,1.0,1.0,1.0,1.0,1.0,1.0,1.0,1.0,1.0,1.0,1.0,1.0,1.0,1.0,1.0,1.0,1.0,1.0,1.0,1.0,1.0,1.0,1.0,1.0,1.0,1.0,1.0,1.0,1.0,1.0,1.0,1.0,1.0,1.0,1.0,1.0,1.0,1.0,1.0,1.0,1.0,1.0,1.0,1.0,1.0,1.0,1.0,1.0,1.0,1.0,1.0,1.0,1.0,1.0,1.0,1.0,1.0,1.0,1.0,1.0,1.0,1.0,1.0,1.0,1.0,1.0,1.0,1.0,1.0,1.0,1.0,1.0,1.0,1.0,1.0,1.0,1.0,1.0,1.0,1.0,1.0,1.0,1.0,1.0,1.0,1.0,1.0,1.0,1.0,1.0,1.0,1.0,1.0,1.0,1.0,1.0,1.0,1.0,1.0,1.0,1.0,1.0,1.0,1.0,1.0,1.0,1.0,1.0,1.0,1.0,1.0,1.0,1.0,1.0,1.0,1.0,1.0,1.0,1.0,1.0,1.0,1.0,1.0,1.0,1.0,1.0,1.0,1.0,1.0,1.0,1.0,1.0,1.0,1.0,1.0,1.0,1.0,1.0,1.0,1.0,1.0,1.0,1.0,1.0,1.0,1.0,1.0,1.0,1.0,1.0,1.0,1.0,1.0,1.0,1.0,1.0,1.0,1.0,1.0,1.0,1.0,1.0,1.0,1.0,1.0,1.0,1.0,1.0,1.0,1.0,1.0,1.0,1.0,1.0,1.0,1.0,1.0,1.0,1.0,1.0,1.0,1.0,1.0,1.0,1.0,1.0,1.0,1.0,1.0,1.0,1.0,1.0,1.0,1.0,1.0,1.0,1.0,1.0,1.0,1.0,1.0,1.0,1.0,1.0,1.0,1.0,1.0,1.0,1.0,1.0,1.0,1.0,1.0,1.0,1.0,1.0,1.0,1.0,1.0,1.0,1.0,1.0,1.0,1.0,1.0,1.0,1.0,1.0,1.0,1.0,1.0,1.0,1.0,1.0,1.0,1.0,1.0,1.0,1.0,1.0,1.0,1.0,1.0,1.0,1.0,1.0,1.0,1.0,1.0,1.0,1.0,1.0,1.0,1.0,1.0,1.0,1.0,1.0,1.0,1.0,1.0,1.0,1.0,1.0,1.0,1.0,1.0,1.0,1.0,1.0,1.0,1.0,1.0,1.0,1.0,1.0,1.0,1.0,1.0,1.0,1.0,1.0,1.0,1.0,1.0,1.0,1.0,1.0,1.0,1.0,1.0,1.0,1.0,1.0,1.0,1.0,1.0,1.0,1.0,1.0,1.0,1.0,1.0,1.0,1.0,1.0,1.0,1.0,1.0,1.0,1.0,1.0,1.0,1.0,1.0,1.0,1.0,1.0,1.0,1.0,1.0,1.0,1.0,1.0,1.0,1.0,1.0,1.0,1.0,1.0,1.0,1.0,1.0,1.0,1.0,1.0,1.0,1.0,1.0,1.0,1.0,1.0,1.0,1.0,1.0,1.0,1.0,1.0,1.0,1.0,1.0,1.0,1.0,1.0,1.0,1.0,1.0,1.0,1.0,1.0,1.0,1.0,1.0,1.0,1.0,1.0,1.0,1.0,1.0,1.0,1.0,1.0,1.0,1.0,1.0,1.0,1.0,1.0,1.0,1.0,1.0,1.0,1.0,1.0,1.0,1.0,1.0,1.0,1.0,1.0,1.0,1.0,1.0,1.0,1.0,1.0,1.0,1.0,1.0,1.0,1.0,1.0,1.0,1.0,1.0,1.0,1.0,1.0,1.0,1.0,1.0,1.0,1.0,1.0,1.0,1.0,1.0,1.0,1.0,1.0,1.0,1.0,1.0,1.0,1.0,1.0,1.0,1.0,1.0,1.0,1.0,1.0,1.0,1.0,1.0,1.0,1.0,1.0,1.0,1.0,1.0,1.0,1.0,1.0,1.0,1.0,1.0,1.0,1.0,1.0,1.0,1.0,1.0,1.0,1.0,1.0,1.0,1.0,1.0,1.0,1.0,1.0,1.0,1.0,1.0,1.0,1.0,1.0,1.0,1.0,1.0,1.0,1.0,1.0,1.0,1.0,1.0,1.0,1.0,1.0,1.0,1.0,1.0,1.0,1.0,1.0,1.0,1.0,1.0,1.0,1.0,1.0,1.0,1.0,1.0,1.0,1.0,1.0,1.0,1.0,1.0,1.0,1.0,1.0,1.0,1.0,1.0,1.0,1.0,1.0,1.0,1.0,1.0,1.0,1.0,1.0,1.0,1.0,1.0,1.0,1.0,1.0,1.0,1.0,1.0,1.0,1.0,1.0,1.0,1.0,1.0,1.0,1.0,1.0,1.0,1.0,1.0,1.0,1.0,1.0,1.0,1.0,1.0,1.0,1.0,1.0,1.0,1.0,1.0,1.0,1.0,1.0,1.0,1.0,1.0,1.0,1.0,1.0,1.0,1.0,1.0,1.0,1.0,1.0,1.0,1.0,1.0,1.0,1.0,1.0,1.0,1.0,1.0,1.0,1.0,1.0,1.0,1.0,1.0,1.0,1.0,1.0,1.0,1.0,1.0,1.0,1.0,1.0,1.0,1.0,1.0,1.0,1.0,1.0,1.0,1.0,1.0,1.0,1.0,1.0,1.0,1.0,1.0,1.0,1.0,1.0,1.0,1.0,1.0,1.0,1.0,1.0,1.0,1.0,1.0,1.0,1.0,1.0,1.0,1.0,1.0,1.0,1.0,1.0,1.0,1.0,1.0,1.0,1.0,1.0,1.0,1.0,1.0,1.0,1.0,1.0,1.0,1.0,1.0,1.0,1.0,1.0,1.0,1.0,1.0,1.0,1.0,1.0,1.0,1.0,1.0,1.0,1.0,1.0,1.0,1.0,1.0,1.0,1.0,1.0,1.0,1.0,1.0,1.0,1.0,1.0,1.0,1.0,1.0,1.0,1.0,1.0,1.0,1.0,1.0,1.0,1.0,1.0,1.0,1.0,1.0,1.0,1.0,1.0,1.0,1.0,1.0,1.0,1.0,1.0,1.0,1.0,1.0,1.0,1.0,1.0,1.0,1.0,1.0,1.0,1.0,1.0,1.0,1.0,1.0,1.0,1.0,1.0,1.0,1.0,1.0,1.0,1.0,1.0,1.0,1.0,1.0,1.0,1.0,1.0,1.0,1.0,1.0,1.0,1.0,1.0,1.0,1.0,1.0,1.0,1.0,1.0,1.0,1.0,1.0,1.0,1.0,1.0,1.0,1.0,1.0,1.0,1.0,1.0,1.0,1.0,1.0,1.0,1.0,1.0,1.0,1.0,1.0,1.0,1.0,1.0,1.0,1.0,1.0,1.0,1.0,1.0,1.0,1.0,1.0,1.0,1.0,1.0,1.0,1.0,1.0,1.0,1.0,1.0,1.0,1.0,1.0,1.0,1.0,1.0,1.0,1.0,1.0,1.0,1.0,1.0,1.0,1.0,1.0,1.0,1.0,1.0,1.0,1.0,1.0,1.0,1.0,1.0,1.0,1.0,1.0,1.0,1.0,1.0,1.0,1.0,1.0,1.0,1.0,1.0,1.0,1.0,1.0,1.0,1.0,1.0,1.0,1.0,1.0,1.0,1.0,1.0,1.0,1.0,1.0,1.0,1.0,1.0,1.0,1.0,1.0,1.0,1.0,1.0,1.0,1.0,1.0,1.0,1.0,1.0,1.0,1.0,1.0,1.0,1.0,1.0,1.0,1.0,1.0,1.0,1.0,1.0,1.0,1.0,1.0,1.0,1.0,1.0,1.0,1.0,1.0,1.0,1.0,1.0,1.0,1.0,1.0,1.0,1.0,1.0,1.0,1.0,1.0,1.0,1.0,1.0,1.0,1.0,1.0,1.0,1.0,1.0,1.0,1.0,1.0,1.0,1.0,1.0,1.0,1.0,1.0,1.0,1.0,1.0,1.0,1.0,1.0,1.0,1.0,1.0,1.0,1.0,1.0,1.0,1.0,1.0,1.0,1.0,1.0,1.0,1.0,1.0,1.0,1.0,1.0,1.0,1.0,1.0,1.0,1.0,1.0,1.0,1.0,1.0,1.0,1.0,1.0,1.0,1.0,1.0,1.0,1.0,1.0,1.0,1.0,1.0,1.0,1.0,1.0,1.0,1.0,1.0,1.0,1.0,1.0,1.0,1.0,1.0,1.0,1.0,1.0,1.0,1.0,1.0,1.0,1.0,1.0,1.0,1.0,1.0,1.0,1.0,1.0,1.0,1.0,1.0,1.0,1.0,1.0,1.0,1.0,1.0,1.0,1.0,1.0,1.0,1.0,1.0,1.0,1.0,1.0,1.0,1.0,1.0,1.0,1.0,1.0,1.0,1.0,1.0,1.0,1.0,1.0,1.0,1.0,1.0,1.0,1.0,1.0,1.0,1.0,1.0,1.0,1.0,1.0,1.0,1.0,1.0,1.0,1.0,1.0,1.0,1.0,1.0,1.0,1.0,1.0,1.0,1.0,1.0,1.0,1.0,1.0,1.0,1.0,1.0,1.0,1.0,1.0,1.0,1.0,1.0,1.0,1.0,1.0,1.0,1.0,1.0,1.0,1.0,1.0,1.0,1.0,1.0,1.0,1.0,1.0,1.0,1.0,1.0,1.0,1.0,1.0,1.0,1.0,1.0,1.0,1.0,1.0,1.0,1.0,1.0,1.0,1.0,1.0,1.0,1.0,1.0,1.0,1.0,1.0,1.0,1.0,1.0,1.0,1.0,1.0,1.0,1.0,1.0,1.0,1.0,1.0,1.0,1.0,1.0,1.0,1.0,1.0,1.0,1.0,1.0,1.0,1.0,1.0,1.0,1.0,1.0,1.0,1.0,1.0,1.0,1.0,1.0,1.0,1.0,1.0,1.0,1.0,1.0,1.0,1.0,1.0,1.0,1.0,1.0,1.0,1.0,1.0,1.0,1.0,1.0,1.0,1.0,1.0,1.0,1.0,1.0,1.0,1.0,1.0,1.0,1.0,1.0,1.0,1.0,1.0,1.0,1.0,1.0,1.0,1.0,1.0,1.0,1.0,1.0,1.0,1.0,1.0,1.0,1.0,1.0,1.0,1.0,1.0,1.0,1.0,1.0,1.0,1.0,1.0,1.0,1.0,1.0,1.0,1.0,1.0,1.0,1.0,1.0,1.0,1.0,1.0,1.0,1.0,1.0,1.0,1.0,1.0,1.0,1.0,1.0,1.0,1.0,1.0,1.0,1.0,1.0,1.0,1.0,1.0,1.0,1.0,1.0,1.0,1.0,1.0,1.0,1.0,1.0,1.0,1.0,1.0,1.0,1.0,1.0,1.0,1.0,1.0,1.0,1.0,1.0,1.0,1.0,1.0,1.0,1.0,1.0,1.0,1.0,1.0,1.0,1.0,1.0,1.0,1.0,1.0,1.0,1.0,1.0,1.0,1.0,1.0,1.0,1.0,1.0,1.0,1.0,1.0,1.0,1.0,1.0,1.0,1.0,1.0,1.0,1.0,1.0,1.0,1.0,1.0,1.0,1.0,1.0,1.0,1.0,1.0,1.0,1.0,1.0,1.0,1.0,1.0,1.0,1.0,1.0,1.0,1.0,1.0,1.0,1.0,1.0,1.0,1.0,1.0,1.0,1.0,1.0,1.0,1.0,1.0,1.0,1.0,1.0,1.0,1.0,1.0,1.0,1.0,1.0,1.0,1.0,1.0,1.0,1.0,1.0,1.0,1.0,1.0,1.0,1.0,1.0,1.0,1.0,1.0,1.0,1.0,1.0,1.0,1.0,1.0,1.0,1.0,1.0,1.0,1.0,1.0,1.0,1.0,1.0,1.0,1.0,1.0,1.0,1.0,1.0,1.0,1.0,1.0,1.0,1.0,1.0,1.0,1.0,1.0,1.0,1.0,1.0,1.0,1.0,1.0,1.0,1.0,1.0,1.0,1.0,1.0,1.0,1.0,1.0,1.0,1.0,1.0,1.0,1.0,1.0,1.0,1.0,1.0,1.0,1.0,1.0,1.0,1.0,1.0,1.0,1.0,1.0,1.0,1.0,1.0,1.0,1.0,1.0,1.0,1.0,1.0,1.0,1.0,1.0,1.0,1.0,1.0,1.0,1.0,1.0,1.0,1.0,1.0,1.0,1.0,1.0,1.0,1.0,1.0,1.0,1.0,1.0,1.0,1.0,1.0,1.0,1.0,1.0,1.0,1.0,1.0,1.0,1.0,1.0,1.0,1.0,1.0,1.0,1.0,1.0,1.0,1.0,1.0,1.0,1.0,1.0,1.0,1.0,1.0,1.0,1.0,1.0,1.0,1.0,1.0,1.0,1.0,1.0,1.0,1.0,1.0,1.0,1.0,1.0,1.0,1.0,1.0,1.0,1.0,1.0,1.0,1.0,1.0,1.0,1.0,1.0,1.0,1.0,1.0,1.0,1.0,1.0,1.0,1.0,1.0,1.0,1.0,1.0,1.0,1.0,1.0,1.0,1.0,1.0,1.0,1.0,1.0,1.0,1.0,1.0,1.0,1.0,1.0,1.0,1.0,1.0,1.0,1.0,1.0,1.0,1.0,1.0,1.0,1.0,1.0,1.0,1.0,1.0,1.0,1.0,1.0,1.0,1.0,1.0,1.0,1.0,1.0,1.0,1.0,1.0,1.0,1.0,1.0,1.0,1.0,1.0,1.0,1.0,1.0,1.0,1.0,1.0,1.0,1.0,1.0,1.0,1.0,1.0,1.0,1.0,1.0,1.0,1.0,1.0,1.0,1.0,1.0,1.0,1.0,1.0,1.0,1.0,1.0,1.0,1.0,1.0,1.0,1.0,1.0,1.0,1.0,1.0,1.0,1.0,1.0,1.0,1.0,1.0,1.0,1.0,1.0,1.0,1.0,1.0,1.0,1.0,1.0,1.0,1.0,1.0,1.0,1.0,1.0,1.0,1.0,1.0,1.0,1.0,1.0,1.0,1.0,1.0,1.0,1.0,1.0,1.0,1.0,1.0,1.0,1.0,1.0,1.0,1.0,1.0,1.0,1.0,1.0,1.0,1.0,1.0,1.0,1.0,1.0,1.0,1.0,1.0,1.0,1.0,1.0,1.0,1.0,1.0,1.0,1.0,1.0,1.0,1.0,1.0,1.0,1.0,1.0,1.0,1.0,1.0,1.0,1.0,1.0,1.0,1.0,1.0,1.0,1.0,1.0,1.0,1.0,1.0,1.0,1.0,1.0,1.0,1.0,1.0,1.0,1.0,1.0,1.0,1.0,1.0,1.0,1.0,1.0,1.0,1.0,1.0,1.0,1.0,1.0,1.0,1.0,1.0,1.0,1.0,1.0,1.0,1.0,1.0,1.0,1.0,1.0,1.0,1.0,1.0,1.0,1.0,1.0,1.0,1.0,1.0,1.0,1.0,1.0,1.0,1.0,1.0,1.0,1.0,1.0,1.0,1.0,1.0,1.0,1.0,1.0,1.0,1.0,1.0,1.0,1.0,1.0,1.0,1.0,1.0,1.0,1.0,1.0,1.0,1.0,1.0,1.0,1.0,1.0,1.0,1.0,1.0,1.0,1.0,1.0,1.0,1.0,1.0,1.0,1.0,1.0,1.0,1.0,1.0,1.0,1.0,1.0,1.0,1.0,1.0,1.0,1.0,1.0,1.0,1.0,1.0,1.0,1.0,1.0,1.0,1.0,1.0,1.0,1.0,1.0,1.0,1.0,1.0,1.0,1.0,1.0,1.0,1.0,1.0,1.0,1.0,1.0,1.0,1.0,1.0,1.0,1.0,1.0,1.0,1.0,1.0,1.0,1.0,1.0,1.0,1.0,1.0,1.0,1.0,1.0,1.0,1.0,1.0,1.0,1.0,1.0,1.0,1.0,1.0,1.0,1.0,1.0,1.0,1.0,1.0,1.0,1.0,1.0,1.0,1.0,1.0,1.0,1.0,1.0,1.0,1.0,1.0,1.0,1.0,1.0,1.0,1.0,1.0,1.0,1.0,1.0,1.0,1.0,1.0,1.0,1.0,1.0,1.0,1.0,1.0,1.0,1.0,1.0,1.0,1.0,1.0,1.0,1.0,1.0,1.0,1.0,1.0,1.0,1.0,1.0,1.0,1.0,1.0,1.0,1.0,1.0,1.0,1.0,1.0,1.0,1.0,1.0,1.0,1.0,1.0,1.0,1.0,1.0,1.0,1.0,1.0,1.0,1.0,1.0,1.0,1.0,1.0,1.0,1.0,1.0,1.0,1.0,1.0,1.0,1.0,1.0,1.0,1.0,1.0,1.0,1.0,1.0,1.0,1.0,1.0,1.0,1.0,1.0,1.0,1.0,1.0,1.0,1.0,1.0,1.0,1.0,1.0,1.0,1.0,1.0,1.0,1.0,1.0,1.0,1.0,1.0,1.0,1.0,1.0,1.0,1.0,1.0,1.0,1.0,1.0,1.0,1.0,1.0,1.0,1.0,1.0,1.0,1.0,1.0,1.0,1.0,1.0,1.0,1.0,1.0,1.0,1.0,1.0,1.0,1.0,1.0,1.0,1.0,1.0,1.0,1.0,1.0,1.0,1.0,1.0,1.0,1.0,1.0,1.0,1.0,1.0,1.0,1.0,1.0,1.0,1.0,1.0,1.0,1.0,1.0,1.0,1.0,1.0,1.0,1.0,1.0,1.0,1.0,1.0,1.0,1.0,1.0,1.0,1.0,1.0,1.0,1.0,1.0,1.0,1.0,1.0,1.0,1.0,1.0,1.0,1.0,1.0,1.0,1.0,1.0,1.0,1.0,1.0,1.0,1.0,1.0,1.0,1.0,1.0,1.0,1.0,1.0,1.0,1.0,1.0,1.0,1.0,1.0,1.0,1.0,1.0,1.0,1.0,1.0,1.0,1.0,1.0,1.0,1.0,1.0,1.0,1.0,1.0,1.0,1.0,1.0,1.0,1.0,1.0,1.0,1.0,1.0,1.0,1.0,1.0,1.0,1.0,1.0,1.0,1.0,1.0,1.0,1.0,1.0,1.0,1.0,1.0,1.0,1.0,1.0,1.0,1.0,1.0,1.0,1.0,1.0,1.0,1.0,1.0,1.0,1.0,1.0,1.0,1.0,1.0,1.0,1.0,1.0,1.0,1.0,1.0,1.0,1.0,1.0,1.0,1.0,1.0,1.0,1.0,1.0,1.0,1.0,1.0,1.0,1.0,1.0,1.0,1.0,1.0,1.0,1.0,1.0,1.0,1.0,1.0,1.0,1.0,1.0,1.0,1.0,1.0,1.0,1.0,1.0,1.0,1.0,1.0,1.0,1.0,1.0,1.0,1.0,1.0,1.0,1.0,1.0,1.0,1.0,1.0,1.0,1.0,1.0,1.0,1.0,1.0,1.0,1.0,1.0,1.0,1.0,1.0,1.0,1.0,1.0,1.0,1.0,1.0,1.0,1.0,1.0,1.0,1.0,1.0,1.0,1.0,1.0,1.0,1.0,1.0,1.0,1.0,1.0,1.0,1.0,1.0,1.0,1.0,1.0,1.0,1.0,1.0,1.0,1.0,1.0,1.0,1.0,1.0,1.0,1.0,1.0,1.0,1.0,1.0,1.0,1.0,1.0,1.0,1.0,1.0,1.0,1.0,1.0,1.0,1.0,1.0,1.0,1.0,1.0,1.0,1.0,1.0,1.0,1.0,1.0,1.0,1.0,1.0,1.0,1.0,1.0,1.0,1.0,1.0,1.0,1.0,1.0,1.0,1.0,1.0,1.0,1.0,1.0,1.0,1.0,1.0,1.0,1.0,1.0,1.0,1.0,1.0,1.0,1.0,1.0,1.0,1.0,1.0,1.0,1.0,1.0,1.0,1.0,1.0,1.0,1.0,1.0,1.0,1.0,1.0,1.0,1.0,1.0,1.0,1.0,1.0,1.0,1.0,1.0,1.0,1.0,1.0,1.0,1.0,1.0,1.0,1.0,1.0,1.0,1.0,1.0,1.0,1.0,1.0,1.0,1.0,1.0,1.0,1.0,1.0,1.0,1.0,1.0,1.0,1.0,1.0,1.0,1.0,1.0,1.0,1.0,1.0,1.0,1.0,1.0,1.0,1.0,1.0,1.0,1.0,1.0,1.0
