0.0004526362052868236,0.00018227905628981364,8.71105858042272e-5,4.309086490395707e-5,1.7396036144692485e-5,9.086070372681468e-6,1.1311702745214999e-5,2.0917421416007184e-6,-4.3979583709887997e-7,1.4277062081005574e-6,9.382160625164238e-6,1.119846945730908e-6,-1.9412625904257183e-6,1.4174240677165743e-6,2.136191659908891e-6,4.425099085899215e-6,9.269912904137036e-6,7.480047746959404e-6,6.6495904632145395e-6,7.399996677939486e-6,8.244335670868321e-7,-3.3526762286446395e-7,-3.696721556585607e-7,4.800485943400852e-6,8.630404060598149e-7,1.0699520374703052e-5,7.838908586817618e-6,8.236969623841744e-6,-2.0766557588833107e-6,4.5458588823754987e-7,8.349417426768875e-6,8.006875155401887e-6,8.726636845797826e-6,3.745532472735152e-6,4.787656798780198e-6,3.2810519755513543e-6,5.077907715287215e-6,5.740903654283828e-6,1.8276646569127333e-6,-2.5523607986987037e-6,-7.424367732935659e-7,1.6706159437591891e-6,1.2437516265203666e-5,1.2309773689993503e-5,2.2338483509766017e-5,1.693824350647031e-5,1.735266296423442e-5,7.987337111405444e-6,1.2269952446550635e-5,9.531547334812993e-6,1.1964717058537716e-5,1.1135509902431848e-5,1.0701254585115982e-5,7.432714710472257e-6,2.23860108647761e-6,9.047783575688346e-7,4.915066777764889e-7,7.640925409721754e-6,2.8672970228604873e-6,4.401128207488301e-6,9.735802366654538e-7,5.179006140271802e-6,-5.019619669582172e-6,-2.9375842407893763e-6,-9.595740961213976e-6,-7.95260036313115e-6,-8.66645616007786e-6,-7.694280022531077e-6,-1.2089254429007721e-5,-1.1099019536642142e-5,-1.0833772936420727e-5,-4.79127784851742e-6,-8.97086978010121e-6,-5.709500846114601e-6,-1.0791346567988782e-6,-4.95878291020521e-6,4.079360897185611e-6,2.3082952984079566e-6,-3.2841612216914826e-6,-5.283840751342634e-7,-1.6281503919765596e-6,-2.901652624335662e-6,-7.953415661022307e-6,-7.735731194594304e-6,-9.066034915058098e-6,-9.211154075353872e-6,-8.714223958335145e-6,-5.15459516471169e-7,5.261169807554173e-6,1.2941441144321458e-6,5.980892271015653e-6,5.032222922182845e-6,2.9166741871929258e-6,-2.996361861968135e-6,1.770710761137347e-6,7.068507245861642e-7,8.873186233598514e-6,-2.3205130803604596e-6,-1.235659871550694e-5,-1.7613375051244306e-5,-2.9306721464089536e-6,5.745622555020073e-6,1.3205389928163956e-5,6.3939395120265715e-6,1.5302243160708694e-5,1.2498328003714487e-5,2.2777879337839114e-6,8.912131467899577e-6,7.137351303611224e-6,-1.6210956276543858e-6,2.824525964714004e-6,-1.5416930542877574e-6,-8.279414250975265e-6,-1.4151711237267024e-5,-1.6922386366386914e-5,5.239008637905106e-7,2.0979804727641893e-6,8.879567510699381e-6,1.0854637881601823e-5,1.4717629474688911e-5,1.9840415596718386e-5,1.5370639246975026e-5,1.2628982526915923e-5,3.807089097658936e-6,-1.800667690469377e-6,-1.538935725985008e-5,-1.3321015884783021e-5,-3.562677025055962e-6,-6.601192316386483e-6,-1.08514001806853e-5,-1.2551908829962871e-5,-1.7524690523355167e-5,-1.2959151893531714e-5,-6.722853350049423e-6,3.6337132421107144e-7,9.142065886910558e-6,1.412737670242747e-5,2.114231348318977e-5,2.455805246367633e-5,1.5332085548141276e-5,1.3896707821212743e-5,6.013454064062739e-6,1.0352540551639132e-5,1.7658208834314292e-5,1.889656107931433e-5,1.3949213891873258e-5,2.59671460667476e-6,6.215414400191869e-6,-9.78389445737613e-6,-8.792450814430686e-6,-7.371890542729497e-6,-4.157365645796705e-7,9.011913650162283e-6,1.5198468846466515e-5,5.179097224896965e-6,-6.868996136331958e-7,-2.17840532897089e-6,1.7908912580876297e-6,-6.8716852212687765e-6,-1.711032751987902e-8,-3.9255470645727344e-6,5.971165173323751e-6,2.1659741766835704e-6,-4.072315584831193e-6,-3.075335508057951e-6,-4.913335682441688e-6,-7.010984583151417e-6,-7.488727796977712e-6,-1.7375342101926548e-6,-9.917695629973087e-6,-7.928240469450004e-6,-9.206751992880329e-7,1.7190635775220928e-6,5.266528520313688e-6,1.0685289077030896e-6,-1.7339061270873074e-6,1.0225036284522338e-5,7.918601950146881e-6,2.172330025105187e-6,5.317721156993254e-7,2.0017586498482297e-6,3.4784209631949776e-6,-3.915636570859326e-6,3.674962944958211e-6,3.05951671330947e-7,5.981211933152779e-6,6.788114145421991e-6,5.299977670501189e-6,1.6091165048582586e-6,-3.772332457936354e-6,-1.017566062815285e-6,5.453740435118392e-7,-2.4045891539155386e-6,-8.516505735305136e-7,-1.0851575389168174e-5,-1.7925345338372936e-6,6.7230730906873745e-6,3.553432538347233e-6,6.8655962109119635e-6,5.3210446047862625e-6,-8.619934153237005e-6,-8.579141503853906e-6,-1.466112925109775e-5,-1.4791472147621526e-5,-2.0306688829035666e-5,-1.6366725254478583e-5,-6.343768180470997e-6,-1.092824564239689e-5,-1.683494251303137e-5,-1.4131157322690373e-5,-9.204557584863408e-6,-6.493886765869699e-6,-1.1242200793177221e-6,-8.592405131692427e-6,-3.6874617798346097e-6,-1.438873597721164e-6,2.132072166696595e-6,1.3285587637865797e-6,-6.538952201126288e-6,-6.582956962745155e-6,6.4508939775333665e-6,9.724360501333296e-6,5.8110654207145075e-6,2.6795304577898012e-6,6.687271160851681e-6,6.892086653152289e-7,6.24041753656025e-6,-1.540981264753868e-6,-5.272513865588663e-6,-6.412034864662982e-6,-2.2118156562961373e-6,-5.362460366290643e-6,-5.354129895181185e-6,1.297254823559538e-6,3.405951930298283e-6,-1.3428131178226013e-6,-3.510619994815601e-6,-3.6857816431728095e-6,-6.0949585898037814e-6,3.145824339243506e-6,-1.0991248807740943e-6,4.29605835528397e-6,2.41795229443543e-6,2.5350248711994597e-6,1.4054933839920297e-5,1.0979155281582556e-5,7.186948990297716e-6,1.3343165075065588e-5,2.677843787081656e-6,3.959783980234601e-6,-7.616232605988693e-6,-6.425834813444128e-6,-5.6312832536913075e-6,1.4612201973759115e-6,8.166316524623546e-6,1.4952728833788406e-5,9.38518708026461e-6,1.8427398073551554e-5,1.3819187162275628e-5,2.4552802714608263e-6,9.861076081430417e-7,-5.890815323757014e-6,-6.821234407289994e-6,-1.955496682557186e-6,-1.4409185551203303e-6,-5.2434036513968776e-6,-6.287301440943062e-6,-9.0404937312899e-6,-7.450039141627612e-6,5.33808685681912e-9,6.137610260680728e-6,2.4935016094218103e-6,1.2309554248036005e-6,4.030187965021436e-6,1.1250442913176255e-8,-5.723694663842703e-6,1.6360263146082214e-6,-4.525794750923487e-8,4.285482063742946e-6,1.0335428917160112e-5,1.844502243523371e-5,1.2935490328372637e-5,4.654222404914968e-6,-4.267572843702215e-6,-5.476173036840776e-6,-1.0423669298709374e-5,-1.4518192579600982e-5,-1.093501723575329e-5,-9.010099949875311e-6,1.9874176042373887e-6,-1.0225127449325112e-7,-3.225624890218864e-6,-4.8282727712955616e-6,-3.895020550984017e-6,-3.2690216787039255e-6,-5.934336602221384e-6,4.801840202296788e-7,-4.760270181013861e-6,-5.718351356982817e-6,1.929156805579997e-6,-3.136953462448463e-6,2.860932812104368e-6,2.8222893122441947e-7,3.935019932983084e-7,-1.7019083347961128e-7,9.755038219865905e-6,1.848067678602265e-5,1.0287564545832152e-5,5.487308529507682e-6,-6.57432059451552e-6,-6.430484499857757e-6,-1.6212810980767851e-6,-6.7267683310336815e-6,1.0826841362041266e-7,-3.0267979835657117e-6,2.173114370327797e-6,2.3873162300499684e-6,1.1093124473690658e-5,7.962785462602264e-6,3.334295008718224e-6,-4.519944213392867e-6,-1.5720941525407133e-5,-1.1166336203110137e-5,-3.3195385290172973e-6,7.907611628400056e-6,5.734864635094241e-6,4.9336120840151524e-6,2.8042633630806377e-6,1.983146579112698e-6,-5.589772941846441e-6,-9.77982077187413e-6,-9.688489809129206e-6,-2.7473825264757167e-6,1.039890531883077e-5,4.607092085661983e-6,1.375765242376106e-5,-1.7258918691207618e-7,-1.3411306165593764e-6,-4.604657070159703e-6,5.557089255152702e-7,-7.52860117333492e-6,-5.861200702117345e-6,-2.7167603718489137e-6,-5.948230398526332e-6,3.1830645158622985e-7,-3.907602865688585e-6,-2.782638966349515e-6,1.117214295774257e-6,4.212883046243367e-6,6.622488228160579e-6,5.615822182619529e-6,8.95709143217516e-6,4.640192733735755e-6,8.5566256019726e-6,5.302467368425692e-6,-2.8665349880525037e-7,-5.9966693774753895e-6,-4.070897026855676e-6,2.9489805799853354e-7,5.54760502740428e-6,7.764695000505133e-6,7.796938281259193e-6,1.833663521188583e-5,9.833859064506279e-6,7.047606972094347e-6,5.856715465533934e-6,-5.354329751688856e-6,1.2511055820396506e-6,9.823134022534465e-6,9.286377497555802e-6,7.211627597796011e-6,6.165567908639036e-6,6.792328367630867e-6,6.648760934711686e-6,1.3139130974034193e-6,4.014063799278142e-6,7.101985680495857e-6,2.0348285415046183e-6,6.274653582179729e-6,4.353091183246835e-6,1.5597796132000723e-6,-1.4919793616556034e-6,-2.152934324372553e-6,3.0647158011884344e-6,1.5457492404182036e-6,-2.0073340552790243e-6,8.219783888943039e-6,1.5527743473607276e-5,-6.454969650988815e-6,-4.015348608072295e-6,8.341298700070775e-6,5.959346180832182e-6,4.230433048092385e-6,-7.88430926816819e-7,8.948638349301017e-6,3.1320006849664534e-6,1.0227398236152546e-5,7.45977800901037e-6,9.711229448299474e-7,4.623211570375493e-6,9.89385413955042e-6,9.615002884605798e-6,1.3612069159833658e-5,3.88644934580722e-6,-3.02892083204524e-7,2.552641215310602e-7,4.5808311379912225e-6,1.4483744808301134e-5,1.2794923765276585e-5,1.944058057457464e-6,-7.753955496324499e-7,2.801995418417986e-6,1.3927476577475179e-5,9.938005924909869e-6,-2.858471471994175e-7,-4.96256080405276e-6,-7.930089371763716e-9,3.369841353047338e-6,7.05175125332737e-6,-4.0163584700440615e-6,2.4077576573473315e-6,-8.745770945985276e-6,4.256068923382914e-6,1.5953212569256774e-5,1.4444681631294603e-5,8.198233248944319e-6,8.546641105133775e-7,3.0694985451290007e-6,1.059345906246911e-5,1.5437928408977624e-5,6.875170404680285e-6,1.1166890168668484e-6,-3.2341307418329782e-6,-3.585799563461464e-6,-1.2477759930086156e-6,-3.3933519477765766e-6,4.229978218894523e-6,1.2211859474684474e-5,8.147228347782123e-6,6.685329920904339e-7,7.104997935396493e-6,1.1028486715002327e-5,7.25693464810958e-6,8.803026017385515e-6,3.6462161403417977e-6,1.6579721577077097e-6,3.554127807551495e-6,-2.7219811677378317e-6,-7.643349134643818e-6,-5.461018002848961e-6,6.014729200876497e-6,-1.7662269323280694e-6,-8.714122891492529e-7,-3.293876185886074e-6,-1.6450998635648293e-5,-7.117235851842955e-6,-3.883634586803492e-6,-1.4845232064828538e-5,-1.0330938858609852e-5,-6.351239165097271e-6,2.3799548818318272e-6,7.163368114168632e-6,7.953197033310113e-6,2.8809575391637525e-6,6.3546061269208075e-6,-1.2315608455972736e-6,-1.582952396801646e-7,-3.927124083705387e-6,-3.2863619113506865e-6,-3.8897570400665616e-7,-1.616997485972561e-6,-1.1509804155382356e-7,2.91115486435404e-6,-1.8231509403297638e-6,-7.408789737434854e-6,-3.4696896551657244e-6,-2.0599677991923095e-5,-7.461329052247282e-6,6.8362504814897065e-6,1.6674103024504028e-5,5.700666061413381e-6,3.0462107444088613e-6,-8.246424701484808e-6,-7.354970965800102e-6,-8.200735875593086e-6,-9.266936120627108e-6,-1.513589333889958e-6,-2.280778632945617e-6,-9.101925178066217e-7,1.6877947808717672e-6,5.134979156652363e-6,4.427205085738781e-6,-8.407629565072908e-7,-6.098420421843386e-6,5.315403872673972e-6,1.6138973009300998e-6,1.1086648623721585e-5,9.197472061746323e-6,-7.176347887988368e-7,-2.8949671583621975e-6,-5.550101311343078e-7,-6.849886059772078e-6,1.7995181823146755e-6,6.128733486202891e-6,3.8687247478323784e-6,-8.165791503466537e-6,-3.621596683746587e-6,-8.567433718469657e-6,-1.7216548357659417e-6,-6.321636779791354e-6,-2.812625476619764e-6,-1.2468002813926363e-6,4.353245942481947e-6,9.485442820951838e-6,7.324386678550611e-6,-1.779614136817902e-6,-1.9339428180722345e-6,-4.777232282223032e-6,-1.239386391796059e-5,-3.95191653976754e-6,2.617706568190422e-6,-7.970616948121014e-6,-5.517148894241437e-6,3.4788791500074113e-6,-4.456776340497455e-6,2.673068481596659e-7,-3.1161165284470803e-7,5.54930723150842e-6,1.6463833887059248e-6,-7.4701283823932135e-6,-1.1983338102820276e-5,-1.4411425699532604e-5,-8.424315162226446e-6,-4.937939451120839e-6,-6.4210427842757255e-6,-5.811234593224731e-6,-9.377131932274989e-6,-5.347657069261199e-6,2.109138473067842e-6,2.7488872628741395e-6,-6.585839777689719e-6,-8.347808690166252e-6,-7.203466223202004e-6,-5.497819919035524e-6,6.406463027958868e-6,8.151782062691185e-6,1.161884212591344e-5,5.715638584774477e-7,2.12157659136554e-6,1.1937794813315582e-5,7.006179086353146e-6,2.5822749668107057e-6,-2.2239081294823892e-6,-6.761423446661789e-6,-6.995069608359068e-6,-9.183015199654464e-6,-5.394640301171341e-6,-3.576679822178516e-6,-2.4873235903779297e-6,-3.032352379532714e-6,2.4613730081028533e-6,5.774487794614891e-6,-2.4520507818471353e-6,-1.092766293910675e-6,1.648572368219144e-6,-1.855111838640252e-7,-1.0658436882704604e-5,-1.7431848538893318e-6,-4.967240556384773e-6,-1.4249901950339453e-6,-5.414664117364668e-6,-4.92131606771909e-6,-2.8196529983509345e-6,1.0163507549896718e-6,1.7480454919377275e-6,6.010323498396852e-7,2.765404603059461e-6,-6.173151299911421e-7,-1.4707465755376234e-5,-9.681021438271117e-6,-6.5620042884593395e-6,-4.766851545969314e-6,-1.7731404200304958e-6,9.111965273171759e-6,9.881438591187046e-6,1.3451607954743552e-5,9.546981610087442e-6,4.714781993512384e-6,7.499176642934098e-6,2.1980693757565785e-6,6.381699243176251e-6,-5.374641138005635e-6,-1.7440685744967045e-5,-6.130369205996999e-6,-4.86556131483732e-6,-3.7298003931664216e-8,2.381031127689762e-6,-6.489716233777365e-6,-5.436121045945789e-6,-8.91819541022107e-7,-7.863345298444196e-6,-1.9971112504642264e-6,5.96724799383366e-7,2.3951763789911226e-6,6.550328102255189e-6,4.848168894200129e-6,9.82125041576988e-7,3.958260216071404e-6,-2.3880987860333166e-7,7.311333665152086e-8,-9.577387961968837e-6,4.168509299098247e-7,2.340219466537189e-6,4.9110019679148745e-6,6.548703620469853e-6,6.619605532172895e-6,5.44717331280262e-6,1.1467800935913848e-5,1.503918381410095e-5,1.279162622463011e-5,5.6670504843941616e-6,2.682238898651302e-6,8.57836118480815e-6,1.0185132349282416e-7,1.0800562514320214e-6,2.668994578319236e-6,1.8088851645053798e-7,-7.853925818510979e-7,7.722406672907844e-6,1.1925676022281401e-5,1.050584229549212e-5,8.375558767535485e-6,5.518102599820735e-6,1.0958654655840184e-8,-4.766673624205298e-6,-7.767980487107123e-6,-1.1274356189552592e-5,-1.6751929712429987e-5,-2.0662054209558557e-5,-1.6500589733924998e-5,-1.189818343266979e-5,-7.273913718417446e-6,-6.417487227849848e-6,1.4443321883788255e-6,-1.006673619154932e-5,-2.7578985891620698e-6,-5.80970386638904e-6,-5.325712889471859e-6,-4.504113424962882e-6,2.886671760207919e-6,1.3675070590258021e-5,1.6405215459021036e-5,2.8168576692642857e-5,2.0279200320220637e-5,1.5421564939383015e-5,4.870635813698398e-6,4.9100068252362825e-6,6.55545573748014e-6,7.378340915693736e-7,7.10326534220269e-6,1.0690499128581119e-5,9.235299912743927e-6,1.0182617741461996e-5,1.5913702730959264e-5,2.0249837526960787e-5,1.3359059917956605e-5,1.101529751241189e-5,3.899421419285978e-6,-1.1665482921963836e-6,-3.971679564977023e-6,4.8386415039398254e-6,-1.8778006978119858e-6,-2.6698538328179067e-6,-7.093424171992083e-6,-7.669585333856946e-6,-1.0448968293644476e-6,9.15177589486089e-6,1.3126071182194097e-5,7.9603059981784e-6,3.467384480406675e-6,-2.737657728897871e-6,4.6822982747226465e-6,4.732026468735094e-6,-3.277347602867433e-6,-3.8289513791886554e-6,4.621306165294432e-6,-3.682769480439132e-6,-1.1873362174029734e-6,-5.72498199330206e-6,-4.043030656773235e-6,-5.936360192919038e-6,-3.255044797820315e-6,1.4300917837805936e-7,8.7667260013422e-6,3.260124707990771e-6,7.79014502478766e-6,1.653406976264137e-5,9.352175937912266e-6,6.327251173408697e-6,-3.4053242772724974e-6,-6.731550405271578e-6,-7.931327329192132e-6,-3.9333864706607605e-7,1.236428175780845e-5,1.1202518151794068e-5,8.014290296006236e-6,-1.8808460975993257e-7,5.953115327446552e-7,7.097892435445912e-6,1.2421342399504549e-5,1.5885294187677536e-5,1.6963712064305394e-5,3.1865004843576202e-6,1.2324362851286968e-5,3.902695819435065e-6,-5.727156184237263e-6,-2.574510902380375e-6,-4.98037650034341e-6,-7.453897421885231e-7,-2.6247256937516773e-6,5.106738377431345e-7,1.8807525711269978e-6,8.21246974786353e-7,-1.0537405935244618e-6,5.825732682866168e-6,-5.473485851703912e-6,1.2592114473301386e-6,-2.8386851996183004e-7,1.7488461978333143e-6,8.546214793776982e-6,6.5522477306204125e-6,-6.203714528759644e-6,-8.27613158315313e-6,1.5670383695405529e-6,7.764620252788713e-6,1.13248765208337e-5,1.3141081478302199e-5,1.1030926161421221e-5,2.9175632780960525e-6,-5.921969295305039e-6,2.9988958972418004e-6,7.70839016339295e-6,4.4149068171199216e-6,-3.1960945928758177e-6,1.540706596402994e-6,3.967409757367682e-6,5.168557973540588e-6,3.137161434475211e-6,3.822183085017653e-6,9.742722537291466e-6,1.0389700489331106e-5,1.1021697320911658e-5,3.544587158012833e-6,4.008872214668505e-6,4.401143724753156e-7,-1.0208959067558528e-6,1.8684129217319001e-6,-2.72403515121675e-6,1.1879341019795017e-6,-1.9963263504119536e-6,-1.8769199980877495e-6,7.859266799913514e-6,2.353079905182733e-6,-8.39698318699839e-6,-9.01503874808506e-6,-4.450383054593434e-6,6.5142498707099314e-6,1.0286113003466933e-5,4.404102017771239e-6,5.433863484604501e-6,6.502652712310092e-6,8.299957117511385e-6,1.908488256976383e-5,7.646182982065658e-6,6.007765990434949e-6,-9.54966609660542e-6,-1.0331251370002224e-5,-1.633524073422794e-5,-1.5435525939909063e-5,-6.0688858490777604e-6,-6.382178083778028e-6,-8.120637772117233e-6,-7.3148439861171836e-6,-7.701055513772652e-6,-1.2212753907454481e-5,-8.263081859054712e-6,7.39684367589156e-7,3.944386030999109e-6,1.4683913074602768e-6,6.3559003424371945e-6,9.663556059421014e-6,1.539390101408578e-5,1.2912362747130949e-5,1.4448140784051353e-5,1.448182856953956e-5,1.292588208829977e-5,1.3793452447646253e-5,1.9310569714913175e-5,1.979532640418681e-5,8.205205668037529e-6,1.0273058121004569e-5,4.354532850372005e-6,-2.1007496566654123e-6,6.7912689978627e-6,3.5213247027948617e-6,6.082890341713443e-6,3.7958687030189985e-6,1.1273858337559815e-5,2.9918523613182773e-6,-2.8956699829689784e-7,-6.208714419156122e-6,-1.0095550926497953e-5,-1.2293539514076707e-5,-4.359329834678201e-6,-4.800757975570529e-7,3.658951746371023e-6,1.3455231069422628e-6,-2.1624189100793907e-7,-3.3935807816922046e-7,-4.686388544929914e-6,-1.3171382433837016e-5,-1.1453532103297051e-5,-1.6849365612975063e-5,-1.010328947183627e-5,-1.0997709073772888e-5,-8.19106692158739e-6,-9.63715508941587e-6,-9.318733980312976e-6,-2.951240602341808e-6,-2.341264300731427e-6,9.140536566308007e-7,4.079889275695332e-6,4.633728419025695e-6,1.0110541278984176e-7,-9.179031087952031e-6,-1.0444476829526222e-5,-9.299585033814067e-6,-9.593361084035372e-6,-1.7429973558392912e-6,-1.9282624347865418e-7,1.5156301013301484e-5,1.7145163781519294e-5,1.3291432859528478e-5,1.214940440002763e-5,7.390532328467925e-6,9.516722770049677e-6,1.2526314088643384e-5,-6.9769641547462086e-6,1.9097012381344594e-6,5.3178493857796956e-6,6.0637170186099575e-6,4.695171409371295e-6,-2.6838542833730457e-6,-9.413077569726502e-6,-1.0875604047757363e-5,4.759083571646051e-6,4.559497448854873e-6,3.8573379288273494e-6,-8.208881048171335e-6,-1.6782885252868788e-5,-2.604844004108797e-5,-1.2027848141881432e-5,-7.82889281009319e-6,-1.9610204703227947e-5,-1.6602148549342726e-5,-1.3487967219470895e-5,-2.881638685289597e-6,-1.4315932282138644e-5,-1.3551098247864837e-5,-1.729454253731253e-5,-5.204481066577616e-6,-1.5546561997039332e-5,-6.127061340589345e-6,-8.389642124199758e-6,-5.8911398851501755e-6,-2.5340509724867526e-7,4.654452588321552e-6,-3.7596303635761083e-6,-3.0710457641195594e-6,-7.292433764422192e-6,-8.136786065856888e-7,4.658295137912581e-6,-2.402572866224176e-6,-4.542552281730059e-6,-8.00467693322268e-6,-2.0312214895958258e-5,-1.4806980989585314e-5,-6.828860690350607e-6,-4.7998962961850366e-6,-1.2027110201694685e-6,-1.2072300831622814e-5,-4.2760809943695265e-6,3.784298752835613e-6,-9.339226132181857e-7,-1.1057589783549412e-6,-2.006169876217715e-6,3.1839255213858954e-6,-4.321350703351299e-6,-4.604242533858121e-7,-9.345708987961547e-6,-1.0481523788286388e-5,-1.2480284837431488e-5,-1.9157510028173944e-5,-1.2041160750607013e-5,-1.9341281790225692e-5,-1.9734349694724408e-5,-1.0027182014622537e-5,1.8341664327999601e-7,3.5266599996548944e-6,1.278013277128322e-5,4.581381048697431e-6,-6.828258252998684e-6,-5.273370510234226e-6,-4.044552202138319e-6,-2.6099805852823544e-6,-9.432842895960476e-6,-1.0535053128527555e-5,-7.771521580135128e-6,3.0745806615710334e-6,8.357460715220068e-6,-2.05313263920778e-6,-1.4178296713013296e-6,-5.464622994243832e-7,-4.876124419503868e-6,-1.2604112438770198e-5,-1.788526646130899e-5,-1.3713565526837403e-5,-1.4970009667523061e-5,-1.180700501785997e-5,-4.465184961259486e-6,-1.4747627162954648e-5,-3.0322502836719016e-6,1.5752932764659256e-7,6.085846591859572e-6,1.2002784550194712e-5,9.978372181191858e-6,1.4911215117319447e-5,9.989699118257244e-6,1.1144841076100785e-5,6.083671628924426e-6,9.168438150377223e-6,5.1326464654974405e-6,4.188543225711285e-6,2.8178086941687158e-6,1.6228108221943757e-6,-3.00957425568309e-6,1.645714764204588e-6,-8.167653228184612e-7,-1.8687328587857929e-6,-3.1675619104406173e-6,2.5348833252380553e-6,-9.368373971022685e-7,-1.4839691831644826e-6,-8.733607800935845e-6,-4.284852014235031e-6,5.254546502457611e-6,1.2030062071830955e-5,1.1334530666767182e-5,2.4951941604851625e-6,-1.1129277680619741e-6,8.026555542359249e-6,1.2458025085858916e-6,-4.092457990746195e-6,-9.114869974320584e-8,-1.834937998804387e-5,-1.857987296630623e-5,-7.732759300886507e-6,-1.7355057461112966e-6,5.487096513871539e-6,8.33869296128727e-6,-1.126820043440973e-6,2.8591724075270866e-6,-8.555179882753748e-7,-8.38866639266518e-6,-8.45669830285812e-6,-8.966160457602212e-6,-7.190601091535523e-6,-6.5697461010306755e-6,-1.9695190556836153e-5,-1.3369688585644875e-5,-1.5901369651232993e-5,-1.0908266752276e-5,-3.97149505271512e-6,1.962063439481036e-6,2.528429812943851e-6,5.616405251636828e-6,4.16771407205524e-6,3.6711639573619746e-6,-3.063206562597124e-6,-3.7510981346003945e-6,-5.569844960705853e-6,-6.928253485272093e-6,-4.027471197232833e-6,-1.4695819838404297e-6,-6.18912129980901e-6,-5.250682502416968e-6,-6.6387477162702284e-6,-8.212036604608047e-6,-8.043972640475094e-6,-4.0320837385768455e-6,-7.516152813314838e-6
0.0005082959093885405,0.0002418453343255226,0.00013881406434980558,8.29400767618007e-5,4.3479315769018174e-5,3.0268787705696005e-5,2.3879530546890996e-5,1.7002051349005862e-5,1.0816134603818283e-5,-1.3198945825311243e-6,-4.999402688659016e-6,-1.0581655673233373e-5,4.059838380214498e-6,7.628373701576321e-6,4.282727223250884e-6,4.082346504482806e-6,7.241926880743995e-6,1.7255208311326349e-6,-2.172999710285763e-6,3.99254225973996e-6,6.559343402181995e-6,8.48147170730371e-6,-6.737721103519994e-6,-1.3122702656865764e-5,-1.6943518934210812e-5,-1.2805960909888441e-5,-1.174493142122663e-5,-3.6712671394654525e-6,-2.4632279065760563e-6,-4.650491302273336e-6,1.7532871665621193e-6,1.1338090024296774e-5,8.054183463939197e-6,-1.0635369747992227e-6,1.4823228816556868e-6,-3.5175095751678158e-6,8.155623855411074e-7,1.76626774244802e-6,8.149262000974172e-6,1.2563702427247095e-5,1.560802265023903e-5,7.853646112229085e-6,6.907123770290661e-6,8.499385592313775e-6,3.712244803072168e-6,3.0040555777297988e-6,6.336321032267742e-6,2.810380530538555e-6,2.0051736206201237e-6,7.541228232477532e-6,9.420929544012847e-6,1.1623911763274723e-5,-9.902691409973912e-7,1.3054142345157776e-6,6.312780147307126e-6,2.4829721748796495e-6,9.966302273084839e-6,6.1623468452928064e-6,1.9141812629739856e-6,8.570516154337728e-6,1.2620550854645279e-5,1.1782112007562954e-5,1.1083276007955009e-5,1.5520280239246834e-5,2.067431655983668e-5,2.089920924580159e-5,2.1593607960543086e-5,1.8559017561013997e-5,5.618833134091745e-6,-1.0610212760354153e-5,-1.8947147784579225e-5,-1.7040577255698245e-5,-1.750379596870027e-5,-1.622321749822642e-5,-1.7503507510748787e-5,-1.8219238443462616e-5,-1.3750358048651202e-5,-1.6975881016715276e-5,-4.2517154572619915e-6,1.0507980276358418e-5,8.0225523639688e-6,5.856934529089476e-6,5.092767656692905e-6,3.288935858327725e-6,3.3678131174432186e-7,1.135415152849468e-6,5.415261921066552e-6,1.0463967512266373e-5,5.609529466811984e-6,8.407572756813026e-6,1.1023499648936979e-5,1.647746428735867e-5,1.4879023036076726e-5,1.63575178878868e-5,2.151051260324398e-5,1.4949977727880256e-5,1.3109131887065814e-5,8.903572722140185e-6,-1.126824312791705e-6,3.9168459720277274e-6,-3.919706352552089e-6,-4.9613409229245435e-6,-1.672885494942628e-5,-1.4977673545836187e-5,-1.0234464396478992e-5,-1.1719704409272784e-5,-6.949874455659905e-6,-5.339590664825965e-6,-4.706608105852768e-6,2.0417162843274897e-6,8.745274274171025e-8,2.2854999337265443e-6,1.5816372398954504e-5,1.3302982912222326e-5,8.21954595241866e-6,7.3511431925685105e-6,1.5830175931256217e-6,5.251178929368807e-6,9.031808269186464e-7,9.306019607169006e-6,3.098331675485303e-6,2.5291370175415158e-6,-2.16276165752985e-6,-1.3072021960324283e-6,-8.605924254527552e-6,-5.323131526728386e-6,-5.334562162581422e-6,-1.3762841455868508e-5,-1.2910330238388857e-5,-1.4154537450965377e-5,-6.7860754010152035e-6,-2.964167301306594e-6,8.754127837250478e-7,6.2567014459727926e-6,9.186331810357099e-6,1.7585522013419766e-6,8.26723799773114e-6,9.574657526757314e-6,6.638871327636152e-6,4.4337371221930585e-6,1.5475713341696005e-5,3.8125820355489954e-6,7.5107472136299e-6,9.75798414187294e-6,-4.2864277515595847e-7,3.5570268361223005e-6,2.2720327148770957e-6,-1.1896369961969785e-6,-9.533555885531697e-6,-1.412941153811203e-5,-9.97890720217078e-6,-1.2135417575670327e-5,-1.5090063564280886e-5,-3.6447625169033693e-6,2.6712552068418267e-6,1.2351071442092755e-6,-4.103032383592398e-6,-1.0672158745900653e-5,-1.1948370005525493e-5,-1.0570782234515501e-5,-1.870277760060515e-5,-2.1703003926254577e-5,-1.6570661226593508e-5,-2.0173256031892144e-5,-2.8306205348908535e-5,-2.3043341049573148e-5,-2.9121617877414222e-5,-2.609656045321282e-5,-2.5079757174275615e-5,-1.5975155615812857e-5,-2.039331643639972e-5,-6.510628786804779e-6,1.1567289653418972e-6,5.126643731576434e-6,1.9836437908717623e-5,2.73098152187215e-5,2.823787527174505e-5,1.9843471468644374e-5,1.7086166180717576e-5,2.2371470847608935e-5,7.793957245717517e-6,2.710179599902388e-6,-9.052461333564053e-6,-5.4162016780366565e-6,1.971852208574449e-7,-4.692818572997598e-6,1.9404474557702566e-6,5.652318499702445e-6,6.846769574969961e-6,7.403373987192982e-6,4.575664602698483e-6,1.8218044688951853e-6,4.650505733030234e-6,-3.611954094416966e-7,-1.0569319469208832e-5,-1.3644215392347863e-5,-6.86070446979009e-6,-1.1773314666789755e-5,3.7724819104836084e-7,7.796879364865873e-6,1.785270102830194e-5,1.2080082740110642e-5,1.5235839558337062e-5,4.902503193625673e-6,1.1041031199968211e-6,9.325374308771512e-6,4.53368997795033e-6,-2.3642317754616583e-6,9.133896451194355e-7,4.571138045612358e-6,3.4779245320984623e-6,9.407323431871269e-7,6.022507401689914e-6,7.404824001623255e-6,5.895986461493506e-6,1.1547699738114187e-5,9.192711133479376e-6,-7.608537943481262e-6,8.967295146629836e-7,4.732071764768247e-6,1.4246578167563754e-6,9.833432505424149e-6,1.5948469348294993e-6,-1.4921015993498862e-5,-1.4471451256894848e-5,-4.597985178698853e-6,3.980371618043639e-6,5.516609552678467e-6,8.730384321594371e-6,1.2421546795763356e-5,1.543594235525149e-5,1.6782009281333927e-5,2.6394405809929902e-5,3.0148580932865896e-5,3.6555930341217094e-5,3.302019199318518e-5,1.4067944506528323e-5,7.559999359258273e-6,6.3738917870858816e-6,1.0023734486901732e-6,5.115390049188828e-7,3.26134720398246e-6,6.247945514145367e-7,-5.028792766236457e-6,-1.4787615879033528e-5,-1.049830233154713e-5,-5.298424217648509e-6,-3.6305590266585264e-6,-1.1812393755541442e-5,-4.760376533573476e-6,-6.330211861131544e-6,5.569155236060904e-7,4.038619489336716e-6,7.040140272814879e-7,1.6155097635713002e-6,-2.6263934011377417e-7,-2.3860164935120396e-6,3.5231957219925423e-7,-4.239781225285556e-6,-1.0809128352398332e-5,-9.47741462975334e-6,-9.323690073744968e-6,-7.641079507993197e-6,4.064489331661756e-7,-3.283755723069698e-6,1.374851845224587e-6,5.238737038103037e-6,-5.798887046433927e-6,-1.956994278329911e-6,-4.3896709718524406e-7,1.0172751002469107e-7,6.096218948715452e-6,6.475447723407012e-6,1.3916084441662078e-5,1.4975471301017042e-5,1.7153195930750546e-5,1.4067632166029327e-5,1.2977658845032817e-5,1.0005651527080894e-5,6.026602867377118e-6,-5.887192051597233e-6,-2.3436071610509113e-6,-5.957129801088369e-6,-2.5939273587697956e-6,8.206440289564563e-6,6.201987802312146e-6,-9.339049317717231e-6,-1.9317123740431243e-5,-1.6730583498514538e-5,-1.8964047497450153e-5,-9.266800987173805e-6,-5.705222125279719e-6,-5.500596657803962e-6,3.4990466049657895e-6,3.554512630203914e-6,5.040286163648618e-6,6.233683775633241e-6,1.0118542997281664e-5,7.167176368775237e-6,2.4256099265015273e-6,2.377231540755591e-6,-2.683906997972854e-6,-7.143718629676665e-6,-8.044177766916286e-6,-1.7414731371115474e-5,-8.987648384098098e-6,-1.4015685254414815e-6,-5.176670225523425e-6,-2.9779745911314023e-6,-5.107618927735239e-6,5.696845709639228e-7,-1.0640378911438153e-5,-1.0067375461039541e-5,-9.551362427364596e-6,-1.1031545333512124e-5,3.068992158453885e-6,9.170018864517418e-6,7.124452676061183e-6,4.939702678755746e-6,-1.8773876676006294e-6,1.254533073028822e-6,3.4337043783659795e-6,2.220118179248311e-6,-6.546478938769304e-6,-2.5188009230183014e-6,6.536886619440856e-6,4.908711965484933e-6,-7.920428809731208e-6,-7.741878337919879e-6,-1.4867617058098472e-5,-1.1959657057954535e-5,-2.1075678897459135e-5,-1.9421993328909387e-5,-7.728947603913111e-7,-3.316889929211065e-6,-5.898161634727682e-6,-3.309725707482753e-6,-1.3070610243688174e-5,-1.3865328718695334e-5,-1.4210133162309715e-5,-1.96571861071404e-5,-1.0698780694054504e-5,-7.490277653085019e-6,1.6025155306405228e-7,4.595938758768721e-6,-6.184049191067862e-6,-7.28136846608919e-6,-1.1704924978017012e-5,-3.0186150668794163e-6,1.2076502655943317e-6,-2.980976226100435e-6,-9.581071590199789e-6,-5.67419340116401e-7,-8.693308986141131e-6,-4.781862078564284e-6,-3.698203910697111e-6,3.88807939898523e-7,5.755988408982354e-6,3.356127232094158e-6,-3.438079177268805e-6,-7.725490624687195e-6,-2.1195665483956243e-6,2.4522160430342047e-6,3.4624089046229874e-6,1.506248112365315e-5,1.1081937272604389e-5,7.3192664894001945e-6,-8.487962669954594e-7,-1.2906072403184695e-5,-1.2921072444789561e-5,-9.135147158749579e-6,-3.865414569002898e-6,6.695348480757445e-6,3.324071277344133e-6,4.548614442440294e-6,3.56096906811021e-6,2.3969708805654816e-6,1.2644919477607606e-6,2.362204383859332e-6,-1.058047475634769e-5,-1.3004844330569024e-5,-2.478957752694031e-5,-2.4927264712187277e-5,-1.590052468483329e-5,-1.462937052876177e-5,-1.1875656354967366e-5,7.856853797536465e-7,3.5908627885522494e-7,1.1255189209136894e-6,8.966689886624589e-6,1.7648822743253223e-5,5.072985119717283e-6,8.218148291816295e-7,-7.560740616026743e-6,-7.924716270460662e-6,-1.1138734357781931e-5,-1.5773334196258774e-5,-1.687010944089448e-5,-8.728419199161928e-6,-7.2535447608648145e-6,1.5704950817589825e-6,-5.890835357806534e-6,-1.1235033219017765e-5,-1.36023320689428e-5,-1.374605031678309e-5,-1.952109555138606e-5,-6.546840595989435e-6,-1.9771164400403764e-6,-3.974146836373474e-6,3.264818558874727e-6,1.0543773287413942e-5,7.075389979866573e-6,2.5387969317869187e-6,5.900329876811623e-7,1.1905841168968189e-6,2.9774350684820005e-6,-1.0401280233812657e-5,-1.3473317615949776e-5,-7.024680397316305e-6,-3.83905703625087e-6,-1.4338913254502227e-6,-1.0769769514499724e-6,-4.148775924241227e-6,-1.6857524654475356e-5,-2.382311481775974e-5,-1.5246786621575499e-5,-7.1041082429337195e-6,-1.227523155965766e-5,-1.0186778539062608e-5,-1.2814084019084602e-5,-9.96992481192783e-6,-5.249022184928117e-6,-4.0715341295563155e-6,-5.93120005737296e-6,-2.2678178621363663e-6,-2.5017229316485244e-6,4.867065067690019e-6,7.300954197389428e-6,1.0602041402586083e-5,6.385440294684109e-6,6.16800734499875e-6,7.767408277307818e-6,1.9327009057890963e-5,1.301982556740836e-5,7.493808904725548e-7,3.2599477256943576e-7,-1.1696587164770758e-6,-1.2805463996878256e-6,-2.1565012883660424e-6,2.917353321348593e-6,6.938047624754832e-6,3.1821369416508094e-6,1.2437468638708904e-5,1.454407444991451e-5,-4.4965756707785574e-6,4.7565085105700983e-7,7.619913649070402e-6,-3.5722241469328793e-6,-4.040565827378093e-6,-1.521016980736334e-5,-1.7373407957695553e-5,-1.8254140010090593e-5,-1.1174453828976415e-5,-1.5781974437560007e-5,-9.717051918340878e-6,-1.1829815795455545e-5,-1.125965328518546e-5,-3.780044222175245e-6,3.643672949708125e-6,5.659620036636431e-6,-1.3834038473665347e-6,-5.111887856480693e-7,6.820221552392607e-6,1.3628901626523983e-6,-1.7662435614191293e-6,-6.419063639982865e-6,4.292835748976076e-6,1.5152635614970757e-5,1.5954192661485056e-5,8.629804418155467e-6,8.823158730324246e-6,1.0851185427207197e-5,-1.4957665353354656e-8,-2.640379900707627e-6,5.677751603579755e-6,2.1823226312910345e-6,3.4660628866121367e-6,-7.210092981701467e-6,-1.3946835737831604e-5,-1.1038967031257617e-5,-5.23919319634991e-6,-1.0767334755293947e-5,-1.3096541303045969e-5,-1.9570912871492096e-5,-1.591032612584188e-5,-1.4733222154156739e-5,-1.656760723837643e-5,-1.5709934317432803e-5,-1.9075296368312446e-5,-1.3331893235655021e-5,-1.3305508294217111e-5,-1.57941648959518e-5,-4.313442856956243e-6,-1.5173776359372514e-6,7.4766439647301775e-6,9.534973642022597e-6,6.3322619237686455e-6,-3.2601154408415578e-6,-6.580127973046382e-6,-6.836602226742414e-7,-3.8886291910347995e-6,3.5258891757868214e-6,-1.0511531946581232e-6,-1.2260946853290922e-5,-1.916863927401089e-5,-1.679587372895497e-5,-5.059758510670857e-6,-1.3443328767073615e-5,-1.91121522501711e-5,-2.083966680407235e-5,-1.2734567760670078e-5,-2.2086931961670435e-5,-1.332795429909112e-5,-7.5936217043596176e-6,-1.2175156673715647e-5,-1.2577171466849283e-5,-1.2762041569146956e-5,-1.307350869455728e-5,-1.4427348634766414e-6,2.6602158827903933e-6,-8.90233694059427e-6,-4.978444626431792e-7,-3.485417073225542e-6,-8.374840201227057e-6,-8.818498772356095e-6,-4.139635142296405e-6,4.238523988937949e-6,2.0997050626531233e-6,-2.579003990332911e-6,-3.7020330926635818e-6,6.348133634717985e-6,1.0095688423145047e-5,3.6008668209299064e-7,5.100186908411987e-7,-3.868622785623081e-6,4.261870226675454e-6,-7.430475803206941e-7,-3.270753432918632e-6,-8.016642974204087e-6,-5.707964479213473e-6,-1.1236711239064162e-6,9.187200104445756e-7,-3.17730744609841e-6,-1.2861484713835694e-6,-4.983208831985869e-6,-2.96165069501383e-6,-8.561235563855777e-6,-1.053365935216295e-5,-1.22163797488801e-5,-3.9713074931470204e-7,-8.718596059312172e-6,-1.0632293792843388e-5,-8.817539947678012e-6,-3.422705892304433e-6,-8.50669050030309e-6,-2.2243857184341183e-6,-1.0828448768515132e-5,-9.87673980534931e-6,-1.0329747126110411e-5,-1.414636198815542e-6,-1.0444192737428039e-6,8.615428054943001e-6,1.5157212132041912e-5,1.8763137145627086e-5,1.6364668176523745e-5,1.1762746845685414e-5,9.642021360367019e-6,7.32565632968041e-6,1.4204531646992922e-5,1.0190227950541219e-5,8.400253641468098e-7,-3.785512331835357e-6,4.665793652002219e-6,7.681896242919655e-6,5.994453086547428e-6,1.136874186956072e-5,9.912542054214054e-6,1.0725503791656163e-5,6.075868307488484e-6,2.1306662175760416e-6,1.1802209021293446e-5,1.8272133587164575e-5,7.779899381347186e-6,4.272467721418283e-6,1.1950435573913805e-5,1.4148668315856671e-5,1.2523594772013243e-5,-1.6337997587648766e-6,1.3802299805678433e-5,2.433595646111771e-5,9.760705744860762e-6,5.135885041719269e-6,5.490879998573154e-6,-8.68063932540681e-6,-1.5190297676314268e-5,-1.8164079306141113e-5,-1.749267492596113e-5,-1.2632809572251099e-5,-8.828326411386053e-6,-1.9562926111174667e-6,3.8712795403380174e-7,4.139336891300556e-6,8.251832654235377e-6,7.130061544374937e-6,1.3889708645851026e-7,3.098667862402674e-6,4.433030723794036e-6,-2.3181758362351674e-7,8.501331691607833e-6,1.1282517009958782e-5,8.491871518169583e-6,9.643390553600433e-6,1.2383826678008437e-5,1.647530052061221e-5,1.605663624680641e-5,1.5167345985409646e-5,1.8897923406732967e-5,1.6757956564535287e-5,1.4714622399274568e-5,1.3806398853379979e-5,1.1014171709467052e-5,9.931218896551408e-6,8.932462412360273e-6,6.717404607666835e-6,8.551229952441933e-7,-2.214577142416087e-6,1.080450668767253e-6,1.9644973867583952e-6,2.645453214007965e-6,4.194942617884168e-6,5.585521852272022e-6,5.177709576136372e-6,-1.2963998831187588e-6,-7.130912365991511e-7,-7.220135268059724e-6,-7.343211218039764e-6,-6.771703543080386e-6,-2.3313591739652972e-6,8.234045047103193e-7,4.279543885402481e-6,6.630562963451077e-6,2.0454133766599125e-6,-1.9034373597217006e-6,1.4393409820264922e-6,-6.170478775039712e-6,-7.422073378283248e-6,-6.0185823582722415e-6,-9.208133247803283e-6,6.796829081483508e-6,1.1627455764512266e-6,5.51362114826895e-6,5.173670747938734e-6,1.999586411384197e-6,6.502726908997938e-6,7.71604537397015e-6,8.088478363866374e-6,8.078565660745522e-6,4.951469846726007e-6,2.014346630600744e-5,1.1831474015921977e-5,1.30792171716658e-5,1.634262713483536e-5,8.575803603498215e-6,-5.8386615719472735e-6,-2.390740022452786e-6,-1.554607466656713e-5,-1.569854641543184e-5,-5.720981834088645e-6,4.546560128076517e-6,3.680155322170223e-6,8.152330475021373e-6,6.145606202759931e-7,7.734696943942175e-6,1.482746612628756e-5,1.585707793322612e-5,8.385084382513513e-6,6.383041176509178e-6,6.211690469672502e-6,5.474782304537117e-6,-3.483463557814884e-6,1.4621002487371563e-6,1.2841095257496327e-6,-1.157943881912304e-5,-1.5622962153843062e-5,-1.8824933344333425e-5,-1.3730272375508313e-5,-1.1141673263537975e-6,1.7377707469029528e-7,-5.121872357621031e-7,-5.049690998113346e-6,-3.2763158429430703e-6,-1.531368949787284e-5,-1.2171764018159784e-5,-3.103678349877684e-7,-9.261512907269349e-7,9.702965106611012e-6,5.602919677034912e-6,5.639211426230932e-6,7.585930473891579e-6,1.257922400742935e-5,1.3885097442413611e-5,7.616736693433623e-6,2.8812407460237947e-6,-5.99293199894846e-7,4.927867559684347e-6,1.2775724285628135e-5,1.9805700046715035e-5,7.573209338308337e-6,-4.43940109431002e-6,-7.0422888648263464e-6,-8.244335362736444e-6,-3.610938237067136e-6,-8.015411062651525e-6,-2.096809898964386e-5,-9.589358843480407e-6,-4.979907122144066e-6,-1.2882165851986775e-5,-1.1765287966324587e-5,-4.7491421002656454e-6,-1.4776207592680898e-5,-1.4976700329202396e-5,-1.1512250279752878e-5,-1.0571081991074082e-5,-1.0655765724747453e-5,-9.80293663781614e-6,-1.7404888509434936e-5,-1.6039389923751883e-5,-1.202058977802322e-5,-1.0852826251202342e-5,-6.126638354050374e-6,2.043274166345713e-6,5.005857173930821e-6,-2.798068358805741e-6,-1.7023267233478276e-5,-3.463278383075972e-6,-9.078109162575902e-6,-1.3161259456342248e-6,-6.994903866090074e-6,-1.576298714789885e-5,-1.160982341951403e-5,-8.150291316906596e-7,-1.081578516212936e-6,3.828909293927228e-6,1.7699194013500365e-6,-7.815562947920978e-6,-1.1324420427726967e-5,-1.0019655799644497e-5,-7.354054424394659e-6,-6.873909862262984e-6,-2.26317118114894e-6,-4.322060932775431e-6,1.0114297193702342e-6,4.736288097292111e-6,8.94155493770287e-8,1.807459581139197e-6,9.540314462207655e-6,3.778194940678361e-6,-4.893262259754081e-6,-3.5416112221502577e-6,6.180811478680195e-6,6.340763939582466e-6,1.8875175209524672e-5,2.2292576462243838e-5,1.1732273629553295e-5,8.816500740712014e-6,-3.9511973128280475e-6,-1.6425174969871612e-7,-2.648634158714687e-6,2.882985766715901e-6,-1.860631834850922e-6,-3.3779746414154514e-6,-4.440365888379654e-6,-6.1170909798732595e-6,-8.405220632315215e-6,2.147444106413701e-6,9.858482560536905e-6,1.5694831476080745e-5,1.8938875397922608e-6,-5.7378461790995385e-6,-2.4876730613582445e-5,-1.7951544090946578e-5,-2.314672142111128e-5,-1.4275917489625183e-5,-1.0420164590192958e-5,-1.9056957032471763e-5,-2.5430737465641883e-5,-2.6988037112887433e-5,-1.768355189107243e-5,-1.117376396868999e-5,1.66324632737836e-6,2.2954652075624194e-5,1.737533137060868e-5,2.0765949859079194e-5,1.5272665862251796e-5,1.7759646951484183e-5,8.980867233490453e-6,1.335057401464138e-5,1.204836400226975e-5,8.84502723120126e-6,-1.02044390128685e-5,-1.2199450725088711e-5,-3.71072062776744e-6,1.4441925487175453e-6,-1.6776939057105078e-6,-5.539499434983057e-6,-1.1818078793950612e-5,-4.2407414450174965e-6,-1.75893910612994e-6,-6.076639182480026e-7,8.786376605911518e-6,1.2104051936548129e-5,3.632316001810572e-6,1.1895621402821182e-6,-4.248652395005154e-6,1.4638270477299436e-7,7.406177605114904e-7,2.835455948137351e-6,5.435491702500926e-7,3.6228059311350796e-6,1.1484303425735406e-5,5.656727307967717e-6,8.852722869682287e-6,1.01678630289572e-5,2.0220709254026515e-6,-2.523364195266614e-7,3.3026572943568178e-6,6.57686408624615e-6,8.810863447770206e-6,6.1410775041467104e-6,-1.750005886452672e-6,-1.3488294704562037e-5,-6.519775303853614e-6,-7.502012516276777e-7,-8.453553995246177e-6,-8.61804275111592e-6,-3.5216088297362004e-6,-7.257701233828853e-6,1.4948466094206248e-6,1.975579695645905e-6,-7.023420375527351e-6,-8.275495117532474e-6,1.2880672184259092e-6,4.0770698026601434e-6,1.3225914438554181e-5,4.0838264352080484e-7,-9.90928803933964e-6,2.422217510412415e-6,4.440641946037595e-6,1.263756995556422e-5,2.1161280178933463e-5,9.106746995378335e-6,9.300915600290158e-6,1.3284618003781639e-5,4.4415248873609215e-6,7.660607427688082e-6,-8.424557722072752e-8,-5.3168934977165665e-6,-7.236024570748679e-6,-1.0007769932636231e-5,-1.495354854207542e-5,6.057298118928205e-8,-3.6190609980351925e-6,-7.312747097935905e-7,-3.5706285772314907e-6,-1.3162423709458099e-5,-5.613692106449486e-6,-9.362277256091683e-6,-1.2984320792056404e-5,-8.187642242222255e-6,-1.0092900483202743e-5,-6.431740687406455e-7,-1.1256816804857209e-5,-4.521268354843031e-6,3.316115881242347e-6,6.777975026744377e-6,-6.126770692812521e-6,-1.2209767442872034e-6,5.732308579140025e-6,1.0608999760514502e-5,1.8962778867802738e-5,9.900378456570893e-6,7.773315442074945e-6,1.2660888375159766e-5,1.4886706424294862e-5,1.1819560580171233e-5,1.8793132937257374e-5,1.7679171147116222e-5,1.6499278492641318e-5,2.179521524658238e-5,1.871349832097417e-5,7.029868782396016e-6,-1.184740822295411e-6,-2.277607712612411e-6,6.803465449546481e-6,8.917640653279212e-6,4.696976967595954e-6,1.6988810281647373e-6,-7.114378571214481e-6,-2.0358332350271196e-5,-1.632127337457846e-5,-1.5430331348805012e-5,-1.941738144254583e-5,-1.3922540556129804e-5,-1.4859085759460075e-5,-2.833573854335006e-6,4.608012946232483e-6,2.044220497776941e-6,-3.1850883411020515e-6,1.1303846943838084e-6,2.7276764616707953e-6,-4.403085407453771e-6,-6.672817012901544e-6,-1.2072706332145182e-5,-1.43849303372229e-5,-1.979843885629652e-5,-1.916381603065316e-5,-1.2189081594716113e-5,-8.188477575847575e-6,-4.156602945445986e-6,-6.7975508652388666e-6,-6.632298081838413e-6,-2.3179095001843135e-6,-1.178149509662993e-5,-1.4547056715820613e-5,-6.7820985478653794e-6,-5.630717880540001e-6,9.734744218894555e-7,9.737781598414676e-6,1.7593235521381886e-5,1.0185316383260909e-5,3.086992474207348e-6,1.1953267478784932e-5,1.9418702123952945e-5,1.6526400524028037e-5,-7.650968717810571e-8,-9.542987575248131e-6,-1.4490426393753927e-5,-4.545074038678267e-6,7.5689942700714325e-6,1.486320436087469e-5,6.017203895325128e-6,6.553633173867785e-6,6.21987951616243e-6,-1.8239697070007491e-6,2.2518538035770126e-6,6.977238983470577e-6,4.825386824338759e-6,1.9400858244288774e-6,3.215103877332685e-6,9.49249697798939e-6,-2.607065443221988e-7,-3.230388409536245e-6,-3.200884584172308e-8,-7.195327911477915e-6,-1.5622609257916206e-5,-2.0403081233199425e-5,-2.423794591337846e-5,-3.2897441595174395e-5,-3.518345387545652e-5,-2.579176072755562e-5,-3.079230253634025e-5,-2.0808626532750717e-5,-6.944002989394661e-6,-1.107544040673947e-5,-5.072426167261774e-6,-2.456980863261803e-6,-3.2726836130914768e-6,6.066602690205616e-7,2.3557905994296603e-6,5.797203623717053e-6,7.757942728472026e-7,7.072818276527291e-6,2.6634928556915707e-6,-1.1315198913878105e-5,-8.789154799634128e-6,-4.109141725747862e-6,-2.926953163715867e-6,3.5032490645216324e-6,3.815311824165068e-6,3.12922324356363e-7,8.085092807184476e-7,6.9629832743523905e-6,7.87694424060889e-6,2.109923896124902e-6,-4.031589251776875e-6,-7.130917628915423e-6,-7.35071446115463e-6,-9.469059514972867e-6,-1.6759163189161592e-5,-1.3308120187407382e-5,-5.23955245770074e-7
0.000567106520671142,0.00029283021714211603,0.0001819348611569315,0.00010803711843564155,7.095603922393504e-5,4.713081735051379e-5,3.043194124909329e-5,1.6214371724780356e-5,-7.216884238893376e-6,-1.8137280928795617e-5,-1.1960733170111915e-5,-7.434046466772576e-6,5.135532055525513e-6,1.6404485692073258e-5,1.1109045646385341e-5,4.398911566608355e-6,6.981771707487218e-6,-2.4051832312112545e-8,-7.968167396674853e-7,-5.797029622514212e-7,-3.6824843590924203e-7,4.1058871583485085e-6,2.6246515212255867e-6,2.0430649013621384e-6,2.6175765007694355e-7,-9.49939975197755e-6,-2.000157976302192e-6,3.3622013688265446e-6,4.896913265665861e-6,1.3405884392335923e-5,-2.591119782567872e-7,-3.6355851543620114e-6,-1.0551443777584478e-5,-1.3310683887970703e-5,-8.302840312903011e-6,-3.6482297507442296e-6,-3.954305091588392e-6,-4.617397247482054e-7,2.8543495972891772e-6,1.275117038266608e-5,1.3668835265600026e-5,2.0029971490883223e-5,1.3902300465609087e-5,1.940043192300233e-5,1.5099494716985677e-5,1.4208932019047972e-5,2.084319163679434e-5,2.3306525857231532e-5,2.0678678367706275e-5,1.3095326215355499e-5,7.858266922134059e-6,1.911867873713784e-6,4.2465782750033655e-6,2.482302445936377e-6,-9.554574250299544e-6,-8.83722266477107e-6,-1.3030828361570773e-5,-5.794470814661081e-6,-1.000476313666763e-5,-4.007941808889492e-6,-2.328919083633259e-6,-6.3166754260738626e-6,-4.816365337993701e-6,-2.176497888567376e-6,8.734729336925468e-6,1.0556005228652553e-5,-2.9437472650118094e-6,6.371681792183835e-6,9.356116789151058e-7,1.2593487415001074e-5,1.7189396600631094e-5,2.270486849140304e-5,2.2015353446483105e-5,1.522096656589171e-5,5.0518152503374305e-6,1.956632850168143e-6,5.55986272605907e-6,9.115413518411899e-6,1.237911822031124e-5,1.5329952193920508e-5,9.543635238689096e-6,1.3956714014666336e-5,1.1051585039734917e-5,5.9330265017781676e-6,3.190794796168377e-6,1.627064976439406e-5,2.2780136314972333e-5,4.440994603690036e-6,3.2169125872557198e-6,6.209997459657066e-6,6.702293657243353e-6,8.81041227023211e-6,9.271084119615638e-6,4.244711645375734e-6,-3.3448215510363607e-6,8.875244777990354e-7,-4.835786523951732e-6,-3.3353476265100598e-6,-2.336690461319525e-6,2.7758926736303555e-6,4.263164658629242e-6,-2.577210482262063e-6,-9.907299518288117e-6,-8.739623738301508e-6,-8.536140542397853e-6,-2.640285699632704e-6,4.860210128280551e-6,1.080856851239816e-6,1.7563984336378994e-6,9.593230905610814e-6,1.2794169067922048e-5,5.132124264954386e-6,8.568241653300675e-6,-2.1367286749343865e-6,-1.0539504434089197e-5,-8.511657016900245e-6,-5.119039255993387e-6,-2.315179405790453e-6,-1.0366014005600165e-5,2.072774063276078e-6,-7.085421727689052e-6,-6.816076441531092e-6,-1.2093857722088706e-5,-1.705538963111567e-5,-1.2511716528190404e-5,-1.0952223018219067e-5,-4.459821073721552e-6,1.261754384949923e-6,9.70938437059769e-7,3.860254225864638e-6,-3.22601473469558e-6,-4.72299994525532e-6,-7.297376772325289e-6,-2.3383269051803763e-6,-4.355848527002495e-6,-9.2352544962531e-6,-1.1378677594189916e-5,-1.1267141308563033e-5,-2.28184323951382e-5,-2.5686419808837796e-5,-2.1626821262499944e-5,-9.73824763013198e-6,-9.53721931531688e-6,-7.907910199958915e-6,-1.0051252336447731e-5,-1.3280007332831208e-5,-1.670157592457027e-5,-1.4951245306976194e-5,-1.435797828718484e-5,-1.4160821557865461e-5,-7.936154918378618e-6,6.710789427702611e-6,6.1123096134479635e-6,9.518728058048099e-6,2.0199248018502197e-5,1.5167074230274262e-5,2.3617739608962993e-5,2.5713567754773763e-5,1.982012162327046e-5,7.403059823201074e-6,-6.0499986736161464e-6,1.0678030848742106e-6,-4.7422013368937806e-6,-7.813115158049547e-6,-7.724469074921647e-6,-7.243994988869772e-6,-1.3158132098868515e-6,1.3653330156154472e-6,-7.367404681991888e-7,-2.663841942294543e-6,-4.165405377790804e-6,-8.186496717433595e-7,6.7537108999392385e-6,1.1573837503643226e-5,1.4117438858568669e-5,-3.274757670758696e-6,-9.480385170007507e-6,2.1731385465885567e-7,6.4682749923779845e-6,1.0202035890614028e-5,9.29110148475887e-6,3.291553091009208e-6,-1.9371879864743995e-6,2.623009392880113e-6,3.8358005366920835e-6,6.665806107204491e-6,1.014620704280054e-5,3.5472620999910147e-6,-3.7620436095374414e-6,-1.602499746664652e-5,-7.491404329838064e-6,-5.756001367199506e-6,-1.3726579579313479e-5,-1.0442138145695517e-5,-1.92956948100994e-5,-2.1152194494606022e-5,-2.3211200477307154e-5,-2.519125909768598e-5,-2.472407862774463e-5,-2.186470721279071e-5,-1.683640618562879e-5,-1.7154039881705962e-5,-1.1762177861147517e-5,-9.725476062472432e-6,-4.236842349122235e-7,-1.7198606871755667e-6,-1.4603532435473935e-6,-4.795548221441139e-6,-2.4128284708420525e-6,-6.638636537103745e-6,-1.0347319996156203e-5,-2.0515726282814708e-5,-1.3356877815810979e-5,-5.0574550116758195e-6,-1.5003016387039953e-7,4.926020544356138e-6,1.1557276483806146e-5,9.577160526398382e-6,6.106912000211229e-6,1.6661945865689627e-5,1.7186406698317806e-5,1.5744505186285017e-5,2.3749336531686567e-5,1.4707618809509625e-5,8.033181662883959e-6,-5.071262843798943e-6,-7.228977752120577e-6,-9.991897429014532e-6,-1.4243578194968213e-5,-5.172894227236818e-6,-6.274286721484152e-6,-8.326040382016097e-6,-1.0612425231328149e-5,-1.1016826344452162e-5,-1.132660527343488e-5,-8.949918178756432e-6,-1.3954672891233087e-5,-6.2377740502507585e-6,-1.01059502048486e-5,-9.858407087693061e-6,-9.086856641812206e-6,-1.0422755092344775e-5,1.2666182342687927e-6,3.043980734341163e-6,-6.390284646863539e-6,-1.6026988106050773e-5,-9.63847264112342e-6,-2.80395584757332e-6,2.8433954226910824e-7,8.199897856502592e-6,1.80474637137465e-5,1.86593206650053e-5,1.7529477255600042e-6,1.920094210207017e-6,-2.6475151176314573e-6,-3.0367594281941435e-7,2.5306577304620683e-6,5.09744129556737e-6,3.894089151358524e-6,5.350073337691982e-6,4.659042292648326e-6,5.383353569248582e-6,-1.0133889393906259e-6,7.143160761371133e-6,1.1890481660107064e-5,7.030424689126602e-6,1.5263104581612102e-6,-3.5129513935800603e-6,-9.70396836773778e-6,-3.5409006109668675e-6,-2.654165942755646e-6,-4.803440763969076e-6,-8.053852997052171e-7,-4.5052931323669134e-6,-3.650603249515806e-6,-6.314088442200889e-6,-6.516958751994173e-6,5.0594057451522374e-6,1.2159261153003844e-5,-2.113571319991087e-6,4.076173746916064e-7,-6.466279280070625e-6,1.9862405302808617e-6,4.203584588963341e-6,6.89200790713602e-6,-2.7111055374061593e-6,6.226037615069588e-6,7.500434200590617e-6,6.978350301953521e-6,4.481892604437876e-6,1.1480497094156654e-6,-1.078566937182184e-5,-6.2378512789706495e-6,4.29938260304063e-6,1.3760334545353844e-7,-2.2847111468955374e-7,4.1267477100657995e-6,8.5773802468878e-7,1.8373874803081132e-5,1.7288043032235857e-5,1.624895876325548e-5,1.2957083346072153e-5,1.2566088505446867e-5,1.1250011717592699e-5,1.3126663371713383e-5,1.4177561279921258e-5,1.0754108739333148e-5,6.248888523030522e-6,6.501695584798579e-6,1.0875268154684723e-6,7.1428665989879115e-6,7.103926248718863e-6,1.3662406038654094e-5,1.63077440065537e-5,1.4761724681709836e-5,9.558718469477855e-6,1.9450768060522262e-5,2.2371790456086934e-5,1.0402594029733768e-5,4.321861817943235e-6,1.4393646006574825e-5,1.1712112339825143e-5,1.560682875004616e-5,1.1093113110554477e-5,3.5918091468090744e-6,2.0736423588665808e-7,-1.1122977747472888e-5,-5.205529862496615e-7,7.002347568114239e-6,-6.80012052372985e-7,-1.985413145559511e-6,4.333250623734343e-6,8.897666364564229e-6,5.174888913685404e-6,-1.4348313013225717e-6,2.2526771172347592e-7,-1.8498622637583408e-6,-6.52071701049637e-6,-2.0939042667195756e-5,-1.2163601507110253e-5,-9.744242906364321e-6,-7.48203633360209e-6,2.816895671004274e-6,-1.0179792432731469e-5,-1.847530852200357e-5,-1.3976426741942093e-5,-5.095251740130881e-6,1.6650668821639965e-6,2.0450799165534942e-6,6.261819965991722e-6,4.577854634729314e-6,1.2869591674472298e-5,8.389371387577677e-6,1.4645196396052242e-5,9.17902038362612e-6,1.5641267356348352e-5,1.0929993525984991e-5,7.759727092363136e-6,7.571247798090996e-6,5.428268507479968e-6,9.066384208558746e-6,-1.4831718884077762e-6,-7.5877416655137535e-6,-9.374059231495646e-6,-8.688240727239223e-6,-1.3414427366027233e-5,-1.1193456252076768e-5,-4.1730803140473825e-6,1.1339811340795464e-5,5.390301111628826e-6,9.849534911630457e-6,9.240996622914917e-6,1.0410143170352188e-5,1.8062233376009626e-5,1.799021913392793e-5,2.0392585044245604e-5,2.4285294223826735e-5,2.05122225611936e-5,1.3648728293160228e-5,6.923659741133857e-7,6.027579255530415e-7,-6.819476941947736e-6,-1.2632046394282344e-5,-8.77979850548852e-6,-7.872069433107276e-6,-9.500738072772877e-6,-1.188967082586381e-5,-1.0057106707566769e-5,2.2073389706372565e-6,5.048016519843579e-6,8.658331598176956e-6,3.012982211710728e-6,8.449353925686066e-6,7.507966970996912e-6,1.1104384405980657e-5,1.8365391309540354e-6,-1.3638094851813351e-6,2.5941029836155043e-6,9.511151671439526e-6,2.2645149153095308e-5,1.877568466117546e-5,3.412654603392306e-5,2.4431675896846474e-5,2.3660729986612526e-5,2.287861448441535e-5,1.4773868501056033e-5,5.279173912671078e-6,5.474348524721238e-6,-5.760645545695207e-7,-1.855670817062598e-6,6.817706997761047e-6,2.431814284060913e-6,7.61808172315835e-7,-2.5844926269828586e-6,-5.766632362542106e-6,-3.3547550360203826e-6,-4.40336685600894e-6,1.5044404641627842e-7,-1.1598138730677487e-5,-9.035349812142126e-6,-2.3446818372442833e-6,-9.86938240624271e-6,-1.0737645929619658e-5,1.0810094434928001e-7,2.402919312527456e-6,-1.57753058545147e-6,1.3296325646496905e-6,6.1025354814833465e-6,8.215684091935544e-6,1.964524630891326e-6,-8.809753426310527e-6,-8.987457688440823e-6,-1.4492795029405687e-7,7.420000346765103e-6,2.2718825176167575e-6,1.5334361291660825e-6,-2.716630538419761e-7,1.0157888951767524e-6,5.585079822523753e-6,1.1393281970330695e-5,9.496926199115611e-6,9.525511012500598e-6,5.599559108593312e-6,5.201837219040195e-6,4.072939818862641e-6,1.3162655053939926e-5,7.934187121507192e-6,8.05589296328573e-6,8.01703955123038e-6,9.880309047151334e-7,-8.826889514702464e-6,-9.589538507670846e-6,-3.4275477001532376e-6,-5.15057930582937e-6,1.3080770656655713e-6,-1.0517653296735686e-5,-1.2849168048066792e-6,5.949897050233571e-6,6.130689631415643e-6,5.221356935754456e-6,2.3873474308231186e-6,7.296873395696947e-6,9.562311152196203e-6,1.1974538668309557e-5,2.4136281799765862e-5,1.0853034658316072e-5,9.741518120872365e-6,4.9084717594418304e-6,-1.970471879431508e-7,-5.9339813877332855e-6,5.551227156833503e-7,-1.4902650034897849e-6,-9.71225194469314e-6,-9.759006784466551e-6,-6.206921728156832e-6,-7.10624300436493e-6,1.5616878033530534e-6,9.502214854357712e-6,6.2775272629447725e-6,9.637445480488245e-6,1.028997147646305e-5,5.07312263591697e-6,5.761376982561334e-6,4.105610846340415e-6,4.053917604288417e-6,2.0426036795477581e-7,-7.033301075414778e-6,-5.4182014332748966e-6,-7.159737534837982e-6,-1.31307057394057e-6,7.753568092703078e-8,7.383289364647317e-7,2.6050859289194242e-6,7.582616160378107e-6,4.8662048140689595e-6,-1.6253895130336936e-6,1.4879147392865008e-6,8.19038649617331e-6,1.2287896083159307e-5,9.3209811335417e-6,2.338131689583567e-6,7.509024126725709e-6,1.0779364308514934e-5,1.2080415471723624e-5,9.693204999396275e-6,-1.8097408636649252e-6,9.173520336887793e-7,1.6377506481008189e-6,3.911557425668168e-6,5.718208758216125e-6,6.5351500089761644e-6,6.60745149637737e-6,1.479348819685449e-5,2.815273185616702e-5,2.3843919279692552e-5,1.1311466888723277e-5,4.409587842932485e-6,5.117254090838697e-6,-4.590667365098398e-6,-2.1724090184816518e-6,4.483419777003374e-6,1.7871997696034853e-7,-1.0425063419877388e-5,-2.4936033158458784e-5,-2.3895483064881255e-5,-2.7013887775292377e-5,-1.8772201161739233e-5,-1.9525338942866233e-5,-1.5937806475279174e-5,-7.552974534833465e-6,-8.450224013468056e-6,-7.197826453577527e-6,-9.279735470544867e-6,-5.613781999294086e-6,-1.2548053005406887e-5,-1.1215021249106658e-5,-7.568947030054354e-6,-7.4545790388792695e-6,-8.2218821261955e-7,-2.8655846810750166e-6,7.317025923411263e-6,1.2736961253444582e-5,4.873894720387087e-6,-1.6535765131338314e-6,8.470957800638442e-6,-6.672990436694771e-6,-1.4557895392386064e-5,-2.0527946776424602e-5,-1.7723486758881628e-5,-1.8597186095457178e-5,-1.7525250791384383e-5,-1.1271847597197787e-5,-5.073884727764688e-6,3.393889241287948e-6,3.000422071639904e-6,7.754004287005666e-6,2.5620512555014874e-6,-4.04561588855246e-6,1.3087267634802531e-6,-6.589471598102671e-7,6.28718161922976e-7,3.2011400029175004e-6,5.651919509319279e-6,2.9943774086851674e-6,-8.741392793088078e-7,-7.856568471229756e-6,-1.0468844400858895e-5,-7.929679750343217e-6,-5.917780703126571e-6,-9.424148728111202e-6,-5.438990398237722e-6,-6.238132026703703e-6,-1.3137832122256559e-5,-7.416541483525221e-6,-1.0484215156440861e-5,-1.5628858818794462e-5,-1.0219708382226943e-5,-1.1069435968990892e-5,-1.4934379950986446e-5,-1.708352189596974e-5,-1.2922108879319749e-5,-1.3035082843314272e-5,7.009693841005107e-7,5.259083143475941e-6,5.250175985188987e-7,-4.652658002029813e-6,-8.211626489338119e-6,-1.3550628164659497e-5,-8.608027873704597e-6,4.3727207286462693e-7,1.0473654946916382e-5,3.6220747536523613e-6,5.694737321006735e-6,2.561291128408957e-6,-5.511446763707482e-6,-5.221818646810165e-6,-3.994228949578661e-6,-4.947610292222617e-6,-1.0290107345867517e-5,-3.9277855048045685e-6,3.508138727502901e-6,4.199647236889785e-6,2.164916729071906e-6,-1.5199560009627833e-6,-1.223744211597807e-5,-3.204848801998882e-6,3.046935118567739e-6,7.175494440912532e-6,3.2863441692948685e-6,5.583903785479551e-6,3.996970198073943e-6,3.332380677291423e-6,-2.73807666893821e-6,-4.93663897772603e-6,-9.17723438089017e-6,-2.016314439995376e-5,-2.338547407407364e-5,-1.9940002778626713e-5,-1.167814295278965e-5,-1.000355425640081e-5,-5.641007855317004e-6,-1.0050245635028118e-5,-1.7358038277268544e-5,-9.21448277565376e-6,-9.192769925427474e-6,-7.025211170220363e-6,-9.750954883738354e-6,-2.2379982035842497e-5,-3.1281366231215365e-5,-3.0001013303067513e-5,-1.5358776997270944e-5,-1.228717353406211e-6,6.206392127089249e-7,3.1267504324384336e-6,-2.4750562155137284e-6,-1.0941524502215865e-6,1.1776590510623586e-5,8.58185974007976e-6,1.1429521959753636e-5,8.33002586848915e-6,9.566610320792522e-6,6.20704496088046e-6,5.085367337208131e-6,5.120683324924941e-6,8.67826846783777e-6,7.444626215185081e-6,-9.755263403731141e-6,-1.311305306091265e-5,-2.49913814239139e-6,-3.8124568054238704e-6,1.7910993250346314e-6,-1.0975518364510208e-5,-4.816311579272456e-6,-1.4859705459239285e-6,5.201134717062439e-6,-2.05340894589403e-6,-7.213758140859695e-6,-8.697774542243117e-6,-1.0602367906674733e-5,-1.6890211966773827e-5,-1.3239322680728701e-5,-1.0312157136376072e-5,-4.951464679297104e-6,-5.293885572817633e-6,7.41563511047518e-6,8.298431315189733e-6,1.065798881382649e-5,9.121226937806329e-6,9.565458373880662e-6,1.062232108778278e-6,-1.2741243167368337e-6,-3.194391703398843e-6,-6.797512123061856e-6,-2.998384727847143e-6,6.245043186064004e-6,8.821605979790624e-6,1.3843387335487722e-5,1.8286938418503126e-5,1.7294352339248676e-5,9.406055319609377e-6,9.191681771998283e-6,1.249247981864286e-5,1.4504093630474829e-5,1.647922195023286e-5,1.1558222369174423e-5,1.293584200094464e-5,9.605802270735187e-6,1.5271769870865097e-5,1.572066203636582e-5,1.4391849913756513e-5,1.8158465861077163e-5,1.9731246932310396e-5,1.3781927310210201e-5,1.5471406072074788e-5,1.3951193481698247e-5,1.0787260796846924e-5,2.135978068243927e-6,4.1610322027283486e-6,-5.727354671097097e-6,-6.219176132492223e-6,-3.1967062928714836e-6,-2.304970457430074e-6,-7.641133706273948e-6,2.544566588951831e-7,-1.0005203274050119e-5,-4.415669685345105e-6,-6.987918321022373e-7,5.292038982521636e-6,-5.942030491531606e-6,-2.462346086983008e-6,-3.2678440200927597e-6,-5.898307826817355e-6,-2.364848943685008e-6,2.8611640325083415e-6,3.3203655146933884e-6,3.819280092409364e-6,4.016048991237463e-6,1.8040616606079126e-5,1.7335235622350464e-5,2.277057386179477e-5,1.388000164990959e-5,1.6490773307679898e-5,1.8552566465941436e-5,2.026207012964059e-5,1.2796063408985937e-5,2.2056107267939367e-5,2.6033843242408482e-5,2.2726587997846816e-5,1.6662800975346508e-5,2.0257892958943594e-5,2.4912817274700774e-5,1.523934398373234e-5,8.628086297144355e-6,-1.1432559103231978e-6,1.71010712762292e-5,2.6431891407039493e-5,2.5167715448925216e-5,1.1623224590590038e-5,2.2623310722643073e-6,1.0186251412597958e-5,1.495866559607827e-5,1.5962729090466407e-5,6.968958793014719e-6,7.381674804953568e-6,2.632561136860172e-6,-6.197754727751041e-7,7.54208445930784e-6,1.2175767383115005e-5,9.022077240102109e-6,-5.312233934371728e-7,-5.8449252987749104e-6,-9.912098800995859e-6,-4.849440278415312e-6,-1.0343666981620432e-5,-7.4507675161275574e-6,-1.3436376618958249e-5,-1.2414826702199418e-5,-4.224669587080437e-6,-4.312569652702082e-6,3.8017679247108046e-7,2.2106114460256396e-6,8.176265917830497e-7,9.861232946868226e-7,-7.91214855191621e-6,-2.0618623341371522e-5,-1.7324308819374043e-5,-1.1457165632452461e-5,-1.5474859695840428e-6,-9.011709139364734e-7,-6.198156714918425e-7,4.289825260124962e-6,-7.616294843202861e-6,-8.02355524940273e-6,4.826666174890576e-6,3.3117436836617853e-6,6.8325994640136976e-6,5.603864247867196e-6,3.951355858858037e-7,-3.277097472336647e-6,8.65480987522457e-6,1.2599014264812475e-5,3.030779418462729e-6,-1.1399022747780078e-5,-1.1958933128540828e-5,-3.0045817480920516e-6,-7.5671115289592574e-6,3.187500820901765e-6,3.994632424594665e-6,4.596362958601239e-6,4.5437051018431205e-6,4.489099614459008e-6,4.518334745444002e-7,1.096096642648282e-6,-2.040275069661352e-6,7.565692299585479e-7,1.112073294475955e-5,7.095799654622975e-6,5.337551859051633e-6,6.010909839301739e-6,7.181005875894125e-6,1.1604777842234976e-5,6.4303909203002685e-6,1.1224212065572073e-5,8.632098935155878e-7,1.3082887470719786e-5,1.041773024876643e-5,1.9922197642786618e-5,9.090190674605724e-6,8.838404334060161e-6,9.67220114083601e-6,1.1293196560655288e-5,1.684841829504205e-5,1.9872092711885155e-5,9.066395447223913e-6,9.773856064529263e-6,1.226958495023364e-5,1.602375551774646e-5,1.3543381387079357e-5,1.3925008078430367e-5,8.56134595724969e-6,-7.63311941890181e-6,-1.712769201340788e-5,-1.349696685978561e-5,-2.4061131986808316e-5,-1.721344512508691e-5,-1.0431227030047394e-5,-1.6668785693195848e-6,-1.8482211914784608e-6,-9.869904707241035e-6,-2.1799982370250524e-6,1.7187814018927455e-7,4.086423928378653e-6,1.0814438819382427e-6,4.183225787053091e-6,1.7310666506209876e-6,-4.193073068803972e-6,2.3708842319841317e-6,1.283209413456271e-6,7.121905907267001e-6,-7.712253635277296e-7,4.3111410009532735e-6,-3.7247781364575767e-6,6.799138828309429e-7,-1.6989383366271407e-6,5.05035979988839e-6,8.442109625402295e-6,1.4055021651538804e-5,1.0198190513577072e-5,1.4093738370859001e-5,1.0753511320022798e-5,7.1860541968268464e-6,8.749693809833223e-6,1.299208129542625e-5,1.2385427009447303e-5,9.456522491050434e-6,3.788023398895855e-6,8.502400736729786e-6,4.503720913301998e-6,9.384978213694883e-6,9.94657966610872e-6,3.945775781092e-6,4.563213918251268e-7,-4.034273426970471e-6,-7.197147892233561e-6,-5.963373881257497e-6,-1.2592640254925245e-5,-4.141647145105945e-6,-9.16167134490774e-6,-1.0902641664377788e-6,9.196641076508837e-6,1.1201825313282744e-5,1.6499580644618425e-5,8.915137727626775e-6,-3.646963770612435e-6,7.415251307659101e-6,1.2327373592276224e-5,4.036084103067234e-6,-8.249734342704414e-6,-2.928586154571766e-5,-2.4324703335593165e-5,-1.8284866177529827e-5,-9.13009510374243e-7,1.6210945511928127e-6,8.38389268189693e-6,-1.789615949618237e-6,-1.7955649976284093e-6,2.5304181507663238e-6,1.5486246031893908e-5,9.254735370172965e-6,1.227236400583052e-5,6.828243361767095e-6,7.805036996982021e-7,8.639692856420748e-6,9.185508445854524e-7,-3.6912835881339857e-6,9.623947929835639e-6,7.199541329339985e-6,1.542022154067646e-5,1.1893673389076968e-5,4.282551622934715e-6,5.332154381022038e-6,5.72803284593991e-6,5.14620690682348e-6,4.884784307030586e-6,3.375177517848236e-6,2.606290195017601e-6,-7.547357731975567e-6,-1.0664139853169965e-5,-4.7624925058407943e-7,4.666233989480645e-6,2.996988175106694e-6,-2.4390468366214845e-6,1.484821156475364e-6,1.7074758862247465e-5,8.022531992421616e-6,6.862849333665139e-6,8.465099614218915e-6,5.343172456553727e-6,-3.1881288453672006e-6,-2.3328211626697683e-6,-1.032732571858899e-5,-1.3028705260706609e-5,-1.5062178728275322e-5,-8.444790849642815e-6,-1.8137246211916865e-5,-9.916620312768651e-6,-1.028122489713436e-5,-8.031125538099621e-6,-1.4498284364687838e-5,-1.1591426878523977e-5,2.8299317218304535e-6,5.722060249399424e-6,1.0346567547142694e-5,7.837313230125437e-7,-6.336833837134927e-6,-8.009024197788109e-6,-3.2666193227642005e-6,-3.7849542009454417e-6,-2.5766724135258804e-6,5.353516427760004e-7,-2.0240931208003507e-6,6.247260825645672e-6,-5.188344238139069e-7,9.109278415026334e-7,8.150855616844727e-6,-4.242661705803764e-6,2.0554409556223035e-7,3.583044769683816e-6,8.284387396212867e-7,-4.97558878338485e-7,-8.565788425285686e-6,-6.823871636484966e-6,-4.225649484510994e-6,8.35059801593058e-6,1.3880672279160839e-5,1.1774288329972634e-5,2.557669264165021e-5,2.613208156114309e-5,2.693444393594369e-5,2.3751963150962997e-5,3.257607088857106e-5,2.6947879991525536e-5,1.80085526900402e-5,8.242280871174866e-6,9.678396591133932e-6,1.2749501748990003e-5,1.4006202122945538e-5,1.443847536309219e-5,6.42506202521025e-6,1.4374046153495538e-7,3.8086705651256187e-6,-4.438342736508234e-6,-6.745756369395389e-6,-4.060986015428092e-6,-1.313080964542769e-5,-1.989763622944342e-5,-2.344077577937736e-5,-1.0201406903103488e-5,-1.7067032305745075e-6,-5.25381948395828e-6,1.7434896539935218e-6,4.841738369949219e-6,1.0161647807388629e-5,1.7827228110491607e-5,1.6471921598177386e-5,1.960053400269676e-5,1.8627791619645604e-5,2.0496050073085938e-5,8.352675648018882e-6,-4.677142177005389e-6,1.9366832854178713e-6,1.1639148153448006e-5,1.339379795588136e-5,1.6544877160523347e-5,2.179725981331652e-5,1.6492998326224684e-5,1.5112955809896529e-5,1.8165183441979465e-5,1.7641799115756788e-5,2.9203405757901333e-5,2.8016892989587245e-5
0.0005929703981522519,0.0003259571849944097,0.00021278379361590387,0.00014355326076537393,8.989145769376063e-5,5.755027234213597e-5,5.052973417206411e-5,4.050761334765188e-5,4.067618487478355e-5,4.2430499249749295e-5,3.986019793391015e-5,3.753762181796641e-5,3.95686122413457e-5,3.35824475084623e-5,2.7578251801365026e-5,1.9878996319941003e-5,8.880226625434849e-6,2.876453252680727e-6,1.7887384579911202e-6,2.389111779424456e-7,6.33542454584726e-6,1.691576201561373e-5,7.21698464612871e-6,1.011231982230141e-5,1.525728421039805e-5,1.6360150662598485e-5,1.2247971497840582e-5,1.885579069817414e-5,1.5995253832404977e-5,1.3439748428486501e-5,1.3902194787849062e-5,1.3394480911377282e-5,1.5995792180124106e-5,1.3430023348598656e-5,1.1144788867269948e-5,4.015415027167441e-6,-8.063568603258076e-7,4.673103583704993e-6,-8.599195921602465e-6,-3.964385354255912e-6,-8.860243469685642e-6,-4.421217972176134e-6,2.069000682704986e-6,2.004680371054606e-5,2.2697923575384146e-5,2.3269257124158808e-5,1.874169779745094e-5,-4.6275971916306525e-6,-1.7305368637895066e-5,-2.4873501297355952e-5,-2.123091928503811e-5,-7.711298432356353e-6,-8.507321781482356e-6,1.5816040970712683e-6,6.915598716836707e-7,5.3877861556393694e-6,-3.634713991344638e-6,5.475677935580447e-7,4.442305316774473e-7,-8.599800174454049e-6,-4.558262251263897e-6,-5.321910256715175e-6,-1.9053612416975298e-6,-1.8128739957290792e-6,4.376688209501189e-6,1.4222302651287514e-5,2.262104534409742e-5,2.8887929101315814e-5,2.959162085486425e-5,2.5520478589455467e-5,3.248720241347567e-5,3.419330252760065e-5,2.1569520747301576e-5,1.4816893408545296e-5,1.6300615067256637e-5,4.198633312534772e-6,4.605443743508768e-6,4.766323257330795e-6,5.1722856678717555e-6,9.898393353843864e-6,5.21612262324369e-6,4.782376871920835e-6,1.3167518182647185e-5,4.919042911711565e-7,4.90154546845329e-7,5.306566771893696e-6,7.759088781791024e-6,1.3474662952175936e-5,1.447280968431078e-5,1.4666462358729658e-5,1.4412700329105856e-5,9.899778315792224e-6,3.1673523370636495e-7,-8.041520642985628e-6,-1.3295454306785192e-5,-6.923461589333134e-6,4.231693440814814e-7,1.0133308490760746e-5,1.4239557003418671e-5,2.0800494491607337e-5,2.351955756243344e-5,1.840704479288437e-5,1.660714762478391e-5,1.6513486547791158e-5,2.404112350795151e-6,-2.14299396216264e-7,-5.274550078493904e-6,-1.0023988593815261e-5,-4.287941029320626e-6,-3.4658121517378064e-6,-4.699703506790025e-6,-1.8965144445286962e-6,-8.568078651386441e-6,-3.975084505736984e-6,1.1523633461983717e-5,1.3714627374156367e-5,9.663704756783994e-6,5.681021251100855e-6,4.073027188798162e-6,6.293165401620086e-6,8.258123049051255e-6,-1.2206789867551386e-6,1.038669007263684e-6,4.143020129651742e-6,1.0212541392511212e-5,4.5588620653656154e-6,-4.354063869793644e-6,-5.837713147949053e-6,-7.20200106570753e-6,-4.97650022571831e-7,8.516995624920916e-6,1.4460581098469665e-5,1.9304088590634205e-5,2.1695436161334424e-5,2.1782042864132954e-5,8.919244670010847e-6,-4.914173211329601e-6,-5.878763379714212e-6,-1.4241530764711678e-5,-2.23446311673572e-5,-1.8415536365738075e-5,-1.4723908439111328e-5,-7.812898556132928e-6,-7.540970716937217e-6,-4.108113916245843e-6,-2.6536261495794317e-6,1.3532378960313564e-6,4.36389598821682e-6,1.156259477137469e-6,-3.1116132759005264e-6,-1.1812510603373706e-5,-8.084799245043877e-6,-2.4773791795293615e-6,5.639093538342032e-6,1.4047777203018839e-5,1.7269271787769113e-5,1.7202571400262943e-5,9.031680548939426e-6,-5.079930408832175e-6,-6.658210285934987e-6,-4.888668112615253e-6,-3.0532948725392725e-6,-1.221846130451206e-5,-1.1041344091587463e-5,-2.016829747991177e-5,-1.7431516916932343e-5,-1.0679143882511553e-5,-1.2563811793500287e-6,3.606824360612166e-6,-1.0959699537980335e-6,1.4410591235786035e-6,5.703408156896497e-6,5.954777767224654e-6,9.268890463935732e-6,1.2143743151796013e-5,1.717449563694716e-5,1.919281332035301e-5,1.4442210489597596e-5,1.5815663286732975e-6,-9.989746012735423e-7,5.215732515189815e-7,7.87687810842815e-7,-1.5581016609608128e-6,-4.294203061203737e-6,-7.1166376338558525e-6,-4.1439519231445324e-6,-6.040354759194574e-6,-3.396543408922455e-6,-6.668355055052591e-6,-5.460997829325175e-6,-2.4914768933598066e-6,4.661947196946572e-6,-4.842633411713555e-6,-1.0037318337000917e-5,-5.541137597401496e-6,-6.666149283570441e-6,4.377436096592596e-6,1.3837255345655273e-5,1.943060421577743e-5,2.401913022279713e-5,3.0498070751452255e-5,2.9244203708805436e-5,1.9753791683687474e-5,7.27864397496099e-7,1.6420666804112827e-6,-1.7978095950146813e-6,-2.5277411237129524e-6,-3.5095128279171216e-6,-2.7615709628769623e-6,1.0097720164840628e-6,-4.329559055232391e-8,6.929908017718995e-8,1.0362094584383897e-5,4.362047575563478e-6,1.2453238712034493e-5,7.252042092613757e-6,8.495334453103347e-6,1.3604611502844091e-6,-1.2608443089957991e-6,1.2935928365076815e-6,8.49039534191706e-6,7.772453572030437e-6,-5.144311310223889e-6,-1.0641832515586947e-5,-1.6133646162576258e-5,-9.008935125096455e-6,-1.0792942491652395e-5,-3.351415944366118e-6,-3.872654105160004e-6,-1.8058744845504765e-5,-2.20554598167141e-5,-1.3311037175388276e-5,8.801564239627446e-6,2.709518426385567e-5,2.507532851016056e-5,1.9162653557425796e-5,1.2728323535356686e-5,1.117349758369001e-5,-3.2165880941061854e-6,-2.3677353290955592e-6,-1.01212678618839e-5,-3.4782454362074706e-6,-2.3924790666161617e-7,-7.321289860737094e-7,-1.7008822645465487e-7,1.1120850728138555e-5,5.342672461510102e-6,9.558904476269242e-6,4.719715564104241e-6,1.0909736601711502e-6,3.6856234287886035e-6,-1.178858252773838e-6,1.0614895548453553e-6,2.388714035647719e-6,5.394087088123787e-6,-3.2420692999402404e-6,6.417434031172198e-6,7.642353817009258e-6,7.253737675920233e-6,7.101418430458338e-6,5.946379174953161e-6,-4.941331343388796e-6,-1.1910505294326777e-5,-1.4457797880779833e-5,-1.2677433864696254e-5,-2.0488860353139688e-5,-2.0748869550721373e-5,-1.6553944768112954e-5,-2.0596110360648382e-5,-2.5297201199497237e-5,-2.7660989731515578e-5,-1.805658929065813e-5,-1.3002331477997898e-5,-2.0366712080101463e-6,4.522412825896878e-6,4.714111784848403e-6,-1.283151495671463e-6,-1.0288810952669055e-5,6.877773712791748e-6,9.326522949969173e-6,1.210157237579861e-5,2.118759745101539e-5,1.0787832274164876e-5,3.0749286185296453e-6,-1.2137749596241645e-5,-1.6607241465238164e-5,-1.0241548157670202e-5,-1.4247887278164513e-5,-2.358557954974691e-6,-6.155181248109275e-6,-6.5086578657231755e-6,-5.233858594572256e-6,-1.791564398126354e-5,-2.0118637025551774e-5,-2.568789299216444e-5,-2.4754524000388453e-5,-2.6449576355192434e-5,-2.855633824790133e-5,-2.7030396942207318e-5,-1.575538557394239e-5,-1.6434699618013647e-5,-1.5951621775892804e-5,-1.5007352256501302e-5,-4.3592656567427715e-6,-3.288203226076791e-6,-1.549268709602846e-6,4.927425072056941e-7,5.041716255871092e-6,-4.221126572712969e-6,-7.013514220781668e-6,-8.094356204398625e-6,-8.922962081058634e-7,-6.39301855768957e-6,-8.358885553832199e-6,-6.414190050681614e-6,-1.3237219267812634e-6,-9.920041410259844e-6,-1.2257402251299056e-5,-1.5664263818251534e-5,2.6979520900300065e-6,4.937760443905869e-6,4.646969769250383e-6,1.0673989296510156e-7,-1.8055496961924327e-6,5.152296776813838e-6,1.645751362228708e-6,-7.65379159091833e-6,-9.300272809760099e-6,-1.1365898594629315e-5,-1.39962212873825e-5,-4.97576377333603e-6,-3.991548284124607e-6,-7.916325250405126e-7,3.1884565066160916e-6,-1.5807789437675566e-6,-3.965881196501059e-6,1.6568272784250204e-6,-1.3754015691646476e-5,-2.859664910831816e-5,-3.9620282928821556e-5,-4.2142214346094866e-5,-3.9840896809590455e-5,-2.931873018092474e-5,-2.6048157959225024e-5,-1.8147497467503684e-5,-6.733177507677876e-6,-3.5829713309610607e-6,2.0574823321078155e-6,6.992004210094978e-7,-1.2021039028029394e-6,-6.60841617904112e-6,-8.53017999120784e-6,-4.326673544853851e-6,-1.1271278066151059e-5,-1.54160610963221e-5,-2.377922794307134e-5,-2.106816165136954e-5,-1.3109118390662578e-5,-1.797495155446425e-5,-2.5208352086964364e-5,-1.5678086398968717e-5,-1.4153955579795737e-5,-6.015740002032133e-6,-8.020007850079684e-6,-1.157015229143195e-5,-1.409347601773322e-5,-2.2115353962955298e-5,-1.72241800167182e-5,-2.3656232036671915e-5,-1.0900560609588983e-5,1.2119033802147544e-6,5.92321353173778e-6,3.436033430017887e-6,1.2875173988463158e-5,7.232093907185599e-6,2.2151746639742083e-6,9.886239911717567e-6,7.769212254855471e-6,-7.745720526677032e-6,-1.5684141711648984e-5,-2.32484738741046e-5,-1.1384285593733012e-5,-2.562463918707389e-5,-2.7441102641278784e-5,-2.73856439708818e-5,-2.9947700730970234e-5,-3.36198638212463e-5,-2.204016454583824e-5,-1.4125857909961756e-5,-1.2545914266027949e-5,-9.790485647538637e-6,-3.165176773434994e-6,5.442048664451396e-7,6.95647339164646e-6,-6.5211811032661675e-6,-1.4002107879012285e-5,-2.2245726273378654e-5,-1.323846196446667e-5,-9.765733014317615e-6,-1.8814440448624482e-5,-1.4190707073737317e-5,5.195728627219195e-6,6.29432922244569e-6,5.055322144825172e-6,8.736771220092815e-6,1.4668176560211915e-5,1.5844057751055934e-5,1.7225259748943303e-5,4.972319516181521e-6,-7.950547090558816e-6,-9.330360569599716e-7,8.637168397542797e-7,6.030310526129164e-6,2.8789483996470552e-6,2.363248595875276e-6,7.822593542265624e-6,7.481556966273607e-6,2.2172879588438008e-6,7.827817562290897e-6,1.8384891302032625e-6,2.978899300668693e-6,6.370557584908374e-6,-4.388603880236305e-6,2.449815585317858e-6,1.6669902393889778e-6,2.7259705655430016e-6,1.615029739414661e-5,2.4066521450323943e-5,2.078221874687607e-5,1.6675258921045532e-5,9.888278757917017e-6,9.201756585099953e-6,1.9329526790992275e-5,6.043456570151677e-6,1.393206045490781e-6,9.119158263219526e-6,1.3483362487227557e-5,5.264812569581149e-6,-2.0862081588907023e-7,-1.0096140614724586e-6,-1.773407717047396e-5,-1.6792833658161412e-5,-1.7184900917474344e-5,-1.661638078755647e-5,-1.1486455851855888e-5,-1.6711090491683106e-5,-7.084011850631307e-6,4.002530241103828e-6,1.4727335407068242e-5,3.3512978120723795e-6,-9.305044226095647e-6,-9.516287156980318e-6,-7.85106805537888e-6,-1.5744598728026193e-5,-7.208228707395659e-6,4.64841607922699e-6,-7.889372633187272e-7,-8.171026003999537e-6,1.3039305140434143e-6,-1.1120476975973999e-6,1.4868003119778829e-6,3.1615511224409703e-6,-5.264399388797335e-7,-8.996781147883868e-6,-2.0459901213661713e-5,-1.9647870907405014e-5,-1.5525483121960397e-5,-1.8003902640391085e-5,-8.931974607779007e-6,9.760282725791845e-7,8.50899501401305e-6,4.28165050225821e-6,1.1253140508181976e-5,2.667419633342642e-6,-7.1493587483175504e-9,2.7716281119859108e-8,-1.19793582226994e-5,-1.619989777327175e-5,-9.685433719535992e-6,3.526118305708937e-6,6.5523708090431195e-6,-2.3428762422596237e-6,-2.5094091441448653e-6,-4.890351232807233e-6,-1.2526216490551741e-5,-1.1217254138482471e-5,-9.223812419499936e-7,5.395289657973568e-6,1.1246034523482422e-6,6.061700797671748e-6,1.742879151638725e-5,1.560862444899774e-5,1.9384713562034018e-5,2.5746157297750062e-5,2.0250248483426368e-5,1.8094660920484184e-5,8.941191426056988e-6,1.5352388443619353e-5,1.2306305879359067e-5,8.536381652192313e-6,7.2533307578125114e-6,9.818486073449675e-6,1.1478355247297156e-5,1.4331082679111621e-5,1.739899331230872e-5,1.3081738408397784e-5,1.2560185746589306e-5,1.430182334198968e-5,1.9083432808043413e-5,1.9728597687610018e-5,1.6028161368984882e-5,1.7246651403819405e-5,2.207047234657558e-5,1.0192109313192075e-5,1.3057241731967707e-5,2.0427389711187145e-5,1.3049505239110992e-5,8.943576544549133e-6,4.276886542471848e-6,-4.117359061052339e-6,7.069464297279138e-6,2.2078494066291193e-5,2.8554494437989593e-5,2.560954823106068e-5,1.515772349449442e-5,1.723085668308753e-5,5.423891773240077e-6,3.7192791073220307e-6,5.342932907439389e-6,4.037952630244576e-6,1.3547140117686018e-5,1.5311510372588232e-6,4.286780408359786e-6,7.176201356103497e-6,8.245268069804784e-6,2.996744110893101e-6,3.848561910489627e-6,-1.7697615445552818e-6,1.353487111079246e-6,-3.1155373658216486e-6,-1.7650886052834821e-6,3.946931650102438e-7,-4.447692660876909e-6,-1.1173352802038932e-5,2.4606636100719253e-6,1.00992741932755e-5,5.242119126493657e-6,5.032650071534314e-6,4.69934993215074e-6,-8.748672894347264e-7,-1.2772315225300626e-5,-6.148408395333729e-6,-4.557177100241518e-6,-1.0115982649431633e-5,-1.1852569371241804e-5,-1.4054898268257206e-5,-2.1143918810526202e-5,-1.094163068883373e-5,-2.9682071792160414e-6,5.730207470228338e-6,7.111528162608314e-6,2.0077480732779998e-5,2.4685164845810974e-5,2.0042135436029883e-5,1.8957654900680847e-5,2.079142988960733e-5,2.845333859780821e-5,3.0081010242570767e-5,2.8494347755773388e-5,3.857415292444521e-5,3.7619025096326174e-5,3.160931806456285e-5,2.840044114264535e-5,1.8254184776575332e-5,7.401091649667164e-6,2.6863663714330294e-6,-7.721824972825136e-6,4.5541723825184325e-7,1.4180453972612308e-5,1.1785142855971723e-5,7.918110516958447e-6,9.689141960422433e-6,1.8143777420442773e-6,-4.416615557678264e-6,-8.066051536112214e-6,2.0962698712264795e-6,5.65706248263275e-6,4.237632621269319e-6,8.677806706404289e-6,1.3749693373169292e-6,1.8418910688435841e-6,4.16136657748925e-6,-6.665430767169897e-6,-6.837878311155259e-6,-1.3878805680336137e-5,-9.763303855429889e-7,2.490980659179614e-7,-1.2954954552484736e-6,1.731723249085092e-6,5.767671397197306e-6,-4.268033208629567e-6,-3.3739298288136533e-6,8.788827749378033e-6,2.0799360243991676e-5,2.8439775705075484e-5,2.8117938018519574e-5,2.5264651292074966e-5,3.05828200363873e-5,2.1578472781529833e-5,1.9101671741010563e-5,9.20719815169549e-6,-3.894330837047757e-6,2.1602126563621222e-7,1.8049070824338064e-6,5.799448969877943e-6,5.2073077224515295e-6,1.062452254020496e-5,4.7937390284303165e-6,1.004747029840731e-5,5.889205745139816e-10,-1.136729524432802e-5,-1.7899218116661213e-5,-1.4636170971451815e-5,-7.923386826183788e-6,-1.1635559162151534e-5,2.1036388820132439e-7,8.142545941714924e-6,7.542357123543246e-6,1.4099205514328102e-5,1.2400425536216627e-5,1.233088277531645e-5,5.526962037928903e-6,-4.615543071254889e-6,-1.169139078251316e-5,-1.5222921115225194e-5,-1.4292872498949723e-5,-1.400681475118643e-5,-2.1942364450328322e-5,-1.4190339088489375e-5,-1.0206232274304129e-5,-5.232203713667096e-6,-5.4887646686294285e-6,-1.2056197870174543e-5,-1.1008384488414492e-5,-7.267938165781765e-6,-7.0646586536427796e-6,-5.785247886868447e-6,-7.0801513554962735e-6,-6.05539363625653e-6,-1.2474962445175036e-5,-7.536396785338277e-6,-5.75140974474742e-6,-1.5985604751277056e-6,1.8393474478518858e-6,5.324714114004457e-6,1.3169846208688406e-5,1.6537910677410334e-5,2.9067035292479142e-5,1.3784880986199374e-5,1.8645446732919536e-5,1.6306392122818204e-5,1.0818707378165557e-5,1.1795401034191398e-5,9.161076413810044e-6,1.5320807394673013e-5,1.6659171358508804e-5,1.5417704859311785e-5,8.860981266209065e-6,1.0932626374235247e-5,1.6566399550774434e-5,1.0715077804404561e-5,1.7299804780192274e-5,1.4390222597354197e-5,1.1262940075796931e-5,2.4119812478011424e-5,3.0970833000896386e-5,2.4947848472543794e-5,2.0858825802716755e-5,1.4932278400289793e-5,3.7126151378366843e-6,1.5103281113217022e-5,2.13434578469554e-5,2.210053353298334e-5,2.122831309924153e-5,2.381225040658038e-5,2.9775348232087547e-5,3.3844278696480895e-5,2.8240296288657807e-5,1.3284689948670889e-5,1.2206358336105822e-5,7.368233675480349e-6,1.5222126679297693e-5,3.073182892667487e-5,3.920737824027587e-5,3.7362823938285545e-5,3.913107759394182e-5,3.794177763421975e-5,2.998093101640829e-5,2.757292977216205e-5,2.821028104647172e-5,2.6627900857185707e-5,1.8062252988496018e-5,1.3572763464543792e-5,1.4058992959454894e-5,1.0811934890819686e-5,1.7523786430509884e-5,1.4326542956298135e-5,1.3538032433396553e-5,1.2802771989894659e-5,1.4645564753644498e-5,9.675933298028712e-6,8.200697289071563e-6,2.552260665894221e-5,1.5125812782583787e-5,9.549931040563549e-6,-2.3985602555657144e-6,-1.0359125744528913e-5,-8.043959708262737e-6,4.55287415769734e-6,8.1002249397723e-7,1.3792034848014002e-5,1.9307557470505274e-5,1.601847986653041e-5,6.896672295761813e-6,5.3174068525692705e-6,1.8846138393874115e-5,2.1352595255150816e-5,2.4818716972938236e-5,1.8493026785769878e-5,1.0411422574111817e-5,1.045499953707894e-5,-3.1184816242303893e-6,-1.0315229142177179e-5,-1.4816503161513905e-5,-1.1026223000166378e-5,-1.0392715639691136e-5,-1.3157406925065217e-5,-6.5212496366179796e-6,-1.011345458449847e-5,-2.0669376097783428e-5,-2.1180283992466002e-5,-1.7835704073486116e-5,-8.220259238949906e-6,-2.5206300436393653e-6,-7.88221877701291e-6,-5.5895861161409e-6,-7.67699399874745e-6,-9.988880365718458e-6,-2.847756640312051e-6,-3.289828319233815e-6,4.891841900971212e-6,-8.141783590115522e-6,-8.999428857849477e-6,-5.086373099099871e-6,-5.387218709652141e-6,-9.522652360399403e-6,-1.932567410730413e-5,-2.6098607115013607e-5,-1.7695090325670696e-5,-2.194238506398802e-5,-1.805313749558599e-5,-6.0574396085428485e-6,5.032523335844491e-6,1.0597382758408336e-5,1.5215688656464074e-5,7.294684837674471e-6,2.8546332539176276e-6,-4.700275160723141e-6,-8.244248970147283e-6,-3.698254792612677e-6,-1.3356892194797497e-5,-9.571509607353641e-6,-1.0794165344620249e-5,-3.6273528458831497e-6,4.777383816221985e-6,6.972913067664665e-6,-1.9808690710327316e-6,-3.7940101301854135e-6,3.6870502908238045e-6,9.012373711481731e-6,9.768421233242845e-6,1.0446831994425194e-5,1.0955238596561832e-5,1.1488874989527918e-5,1.1700716687562615e-5,1.0873999574926773e-5,1.1491673131136416e-5,5.084098577526723e-6,1.6220895994371085e-5,2.3082446224374037e-5,2.406982027860647e-5,9.959737286749255e-6,1.8486398126089977e-7,-5.570076492793592e-6,-4.524796600188339e-6,-5.606284724513688e-6,6.218296001490468e-7,-3.7947092538426456e-7,1.102042860960216e-6,1.0210997082938352e-5,1.1273027580761295e-5,1.3098516122236604e-5,5.1209967798887265e-6,3.6107910908084344e-6,4.11973948039968e-6,8.394701981943023e-6,5.613311516446744e-6,5.047979404684578e-6,1.0689377400196386e-5,8.372409552357818e-6,-5.4987034583798655e-6,5.862122382048694e-6,8.796696141625514e-6,2.3296294254029188e-6,-1.5343097083183352e-6,1.9254276209162335e-6,2.3194342634144595e-7,5.985251988613723e-6,6.067235100779176e-7,3.7726256695502944e-6,-6.317574406868353e-7,-5.172560224793956e-6,-5.541167880847332e-6,-5.313880804252016e-6,-1.554127553633628e-5,-5.082694268610881e-6,-9.329612506705483e-7,2.4497093685333065e-6,6.546113922734138e-6,1.2136404979493883e-5,8.429190827231863e-6,1.3694781346593907e-6,5.706383658069373e-6,-3.5793157262898765e-6,-3.0645137032560613e-6,-5.118210166126612e-6,-1.5041054943623614e-5,-1.015983743289963e-5,-2.3719992464788098e-5,-1.8908828232472306e-5,-1.3371735583556115e-5,-8.113585642214686e-6,8.978199663375312e-6,8.443764533326211e-6,1.1148277412742867e-5,9.529994167732641e-6,-3.834457387316413e-6,-2.0331343406112072e-6,2.769576749794883e-6,5.751475428657599e-6,1.1406235122967442e-5,1.1107533259957971e-5,1.0424610117104408e-5,9.813863379907074e-6,4.455590004126237e-6,6.5128175018742816e-6,1.3339876608264461e-5,1.1619908120340585e-5,8.483426469651284e-6,1.7116342698246388e-5,1.3364125815263946e-5,-3.343654277480433e-6,-3.6996710993546804e-6,3.096065781077044e-6,-5.521555091517287e-6,-1.2454318359810068e-5,-2.0401354721910535e-6,1.1946631475441486e-6,-5.733591511287501e-6,-1.6413836284465956e-5,-2.455601067954892e-5,-2.29467412295101e-5,-2.1357724192564703e-5,-8.366430453454095e-6,-7.14322197659045e-6,-3.2188345434222845e-6,-6.589494756594894e-6,-1.4610226766345264e-5,-2.1270762108636586e-5,-2.3066233743821877e-5,-2.8350441684792827e-5,-1.642911630937172e-5,-1.632011208621157e-5,-1.011683296790535e-5,-3.81022383886084e-6,5.02127869563091e-6,-4.877189275181801e-6,5.057471331919695e-7,-1.249745721387093e-5,-1.398128942866895e-5,-9.973279438218928e-6,-1.1151845126657498e-5,-9.166590647563409e-6,-1.3788597883069887e-5,-1.5089693706374466e-5,-1.5494503584750026e-5,-1.2841704730330515e-5,-1.0370574280019966e-5,-1.1864540531236226e-5,-2.6778385205756626e-6,-5.453046855522406e-6,-1.4278663965298862e-5,-9.345930674122601e-6,-1.2828556978442461e-5,-1.4122526895895513e-5,-1.294062648681919e-5,-1.4689334065214727e-5,-1.905436617368566e-5,-2.3998471459744593e-5,-1.8361115115768808e-5,-1.27851580091881e-5,-1.1850015273452088e-5,-2.1474665946465946e-5,-1.6721443494103832e-5,-4.9247565755498484e-6,-9.118029482733705e-6,-4.086496450662004e-6,-4.338019379053441e-6,9.941489990557763e-6,2.0252241744062514e-5,1.8142765744253556e-5,1.8276158289602812e-5,1.614201631906456e-5,6.783942384105383e-6,-1.2298478224847355e-5,-2.534835012370347e-5,-2.178286516463109e-5,-1.461985927193585e-5,-9.315240808793861e-6,-1.5663929606902368e-6,-7.870442164161418e-6,-6.189323435805507e-6,1.5917652301570457e-6,-5.65164019417871e-6,-6.38626880979006e-6,-6.061702211161382e-6,-1.3597885775033859e-5,-1.1549850616951527e-5,-1.3267140137204175e-5,-1.7323627907567744e-5,-2.0566017296994216e-5,-1.0585287857000183e-5,3.0285444364455513e-6,7.914754966398706e-6,3.2796172823993376e-6,8.702806064694785e-6,4.795312423271561e-6,-8.916066033885356e-6,-1.2998749100671989e-5,-1.704597464967135e-5,-9.581747175052349e-6,-7.856282427189268e-6,-1.1724128740207415e-5,-9.461360248704279e-6,-1.5375000272568488e-5,-1.363615309116959e-5,-1.4482450745876853e-5,-2.0304642078489712e-5,-2.3087440057015077e-5,-1.9039606644750315e-5,-7.810886649013892e-6,-1.3288086730163743e-5,1.593771210796093e-6,-3.287052327627221e-6,-3.7625822580880614e-6,-1.054846550585553e-5,-1.5703429166246583e-5,-3.631035166599868e-5,-4.3800858391885364e-5,-4.946638369836215e-5,-4.2524607960930576e-5,-3.1362172181317736e-5,-2.8743461390109488e-5,-1.4646792931399507e-5,-1.024594365531434e-5,-1.589716255935832e-5,-5.649975164288839e-6,-7.432639207569922e-6,-5.529222221641118e-6,-1.0196424702070314e-5,-1.0619639999372654e-6,8.640011044494638e-6,6.106784916275712e-6,8.070719614534333e-7,-1.1101199418866794e-6,-7.017984621160049e-6,-8.609982929633696e-6,-6.771394337539199e-6,-5.1487317127415665e-6,-6.490202103731631e-6,-5.200447640071388e-6,-1.7231963557089604e-5,-2.923452941076662e-5,-2.241917694717405e-5,-3.070583609140886e-5,-3.137704750280071e-5,-2.516308185470661e-5,-2.801880059161052e-5,-1.877218807274259e-5,7.487164274155078e-7,2.8672358499397616e-6
0.0006361087511242553,0.000381520933602755,0.00025242715828469774,0.00018236232585985528,0.0001195652983202869,8.400759955808578e-5,6.394764201290692e-5,6.187658790225802e-5,4.83076549196775e-5,2.932771308942551e-5,1.670001995367819e-5,1.4424366660155465e-5,1.896889521526597e-5,1.2579304228052863e-5,1.0034223645751682e-5,5.580760574783717e-6,-7.58126653253184e-7,5.375985158787014e-6,9.575104585876439e-6,1.2418240006340443e-5,2.4107087110460702e-5,2.9753095316041153e-5,2.5633332589307833e-5,2.1444410202372124e-5,7.220303503187472e-6,8.839025164945997e-6,1.529216596430869e-5,1.49625971769908e-5,1.6428026296370544e-5,1.0935508981694034e-5,8.488630761370442e-7,-1.2909155917194677e-5,-2.9472457862951653e-5,-3.584706128446965e-5,-2.4039473990435732e-5,-2.0485249840010105e-5,-1.4324777509385802e-5,-1.2535958508390535e-5,-1.4366821525378613e-5,-1.387461408684525e-5,-1.8473906430346347e-5,-1.3765414795401787e-5,-3.722605335774569e-6,3.8192876646889175e-6,1.1605057619467696e-6,6.504653310410233e-6,1.0685250243449694e-5,7.592134636507883e-6,6.85850546283863e-6,3.842474412900686e-6,-3.554259378288917e-7,-1.1941178360473142e-6,-6.609280430917841e-6,-1.5622204248779565e-5,-1.5274627054990685e-5,-7.220710688050644e-6,-5.59164172431127e-6,2.709643196720885e-6,2.7589335773728695e-6,2.5326845705756657e-6,3.375194225886129e-6,-4.162608918995058e-6,-5.692504706962706e-6,2.1210234337069183e-6,8.751488242056546e-6,5.631025766797739e-6,1.326559066339752e-5,1.0443635592862536e-5,1.3514574735271462e-6,8.596261889465759e-7,1.2556047856250377e-6,5.658663823537039e-7,2.1911513921789647e-6,-3.311407731517089e-6,1.031679674825517e-9,-2.422086053449669e-6,-8.495928188778727e-6,-2.536077819624606e-7,2.225756123549066e-6,7.50207902060596e-7,-3.4519121112934227e-6,-2.5925353008836395e-6,-8.915800511322205e-6,-1.3630347500950417e-5,-7.842299835473887e-6,1.9450751444181207e-6,3.865843602593909e-6,1.1060233826954583e-6,-5.650046461973445e-6,-9.77358305404512e-6,-1.811161413322066e-5,-2.1845938637778175e-5,-1.1503040540407524e-5,-2.877047911482541e-6,-8.787941097554465e-6,-1.5683821849554884e-5,-2.2696454674127762e-5,-1.662294034337181e-5,-6.098895317403532e-6,-8.680382770371e-6,-1.9120671943228204e-6,-6.9859725957881975e-6,-2.7287954063433762e-6,3.410374629769444e-7,8.065085846400719e-7,-1.2380825191448296e-5,-2.4259507988618888e-5,-3.2175313973507406e-5,-2.319801840661521e-5,-2.4824002623928725e-5,-1.9989339415845996e-5,-2.4573938537402936e-5,-1.97086610844661e-5,-1.3599131395536697e-5,-9.665290230659646e-6,-6.563208440653432e-6,-2.2371807154950628e-6,-7.659594841124739e-6,-1.5355324125774775e-5,-1.5104625028547442e-5,-3.6506988691736376e-6,2.5066134961182256e-7,-4.2778174474115735e-6,-2.5458303362911555e-6,-5.089969120212303e-6,-1.1034372623043037e-5,-8.443962131416608e-6,-5.689780631824361e-6,-5.8410247113298465e-6,4.73202235179635e-6,2.964744087276935e-6,1.419449337656985e-6,-3.839469140637204e-6,-4.019962016834371e-6,-8.731649307312439e-6,-8.790330971716985e-6,-8.646105468729668e-6,-1.209266571085099e-5,-6.0968230142416836e-6,2.659541289391262e-6,6.614033249538395e-7,3.4393921343801934e-6,1.1835916548777292e-5,1.274506571021864e-5,1.4868630369448186e-5,9.790276133726222e-6,9.299717461477324e-6,1.5017894078200881e-5,1.6886488166326207e-5,1.018501865349356e-5,3.1115332774410938e-6,4.322419704846546e-6,6.021197275562206e-6,6.3133270789963966e-6,3.882736017421186e-6,7.439739649527161e-6,-5.45452136126371e-7,-1.0696243110461247e-5,-2.818968157875741e-5,-3.176352563743957e-5,-2.5448635165193452e-5,-2.414122017413458e-5,-1.776072719419356e-5,-1.1096654121563669e-5,-3.1173319079427053e-6,4.190268228571211e-6,-1.4968111251835963e-6,1.6796908760950089e-6,4.579487601203161e-6,6.41711760402854e-6,1.5745802475970747e-5,1.6430474284161363e-5,2.349464574257424e-5,2.4612247217862224e-5,7.286401883330662e-6,3.907156129897686e-6,-2.7662729635228005e-6,1.1660188668413356e-5,1.1040334493412213e-6,-8.604167520748213e-6,-1.1043285514457028e-5,-2.1326567013632555e-5,-2.43769251867364e-5,-3.056813457020898e-5,-3.951984763037477e-5,-2.795773814737522e-5,-2.891063725421967e-5,-2.757974434643922e-5,-2.436535383649228e-5,-7.118826065520529e-6,1.0384746930263682e-6,3.150819088324449e-6,9.23268322597843e-6,7.122528205894258e-6,2.401259200695751e-7,3.935968926541835e-6,-6.9472401587064775e-6,-2.2398663901211695e-6,6.865398824603937e-6,1.4218833543793338e-5,9.730615586150105e-6,6.402103479062555e-6,2.0867403511679783e-6,4.427615137774672e-6,1.6086079677451687e-6,-1.7067812868981798e-6,-4.810956104795731e-6,-8.727380935754847e-6,-9.208785947475793e-6,-2.094073201265115e-5,-2.3332041740380662e-5,-1.5200240791105464e-5,-1.1750421045689082e-5,-3.6344860381985615e-6,3.256095787026763e-6,1.8424717902787482e-8,-3.100471894827387e-6,-1.2946365488861111e-5,-8.899842279793494e-6,-1.0557973574942094e-5,-5.083929387108024e-6,-1.7415542319974906e-5,-1.4131784725199786e-5,-1.6571175081682904e-5,-2.525780271040575e-5,-1.528174017573545e-5,-1.0816897731163382e-5,-5.699651324071249e-6,9.788129810913472e-6,7.665063074605016e-6,-3.7110101968170114e-6,-5.932517680181399e-7,-1.9101614034368105e-6,2.5402478499994e-7,2.5677609321642274e-6,-3.2576040996018356e-6,-7.085350626597032e-6,-7.789775799573032e-6,-1.96592784025498e-5,-7.6884138150328e-6,-1.1378672273964001e-5,-6.174402184754808e-6,-1.6313972094020488e-5,-2.7722512703449577e-5,-4.1594662825405864e-5,-4.9687172387205714e-5,-3.844698370698474e-5,-4.025807054431278e-5,-3.571595659465271e-5,-1.6106794572210346e-5,-7.750915876859539e-6,-1.1808875136455137e-5,-1.237315096898526e-5,-9.41258528861798e-6,-2.3571189072823887e-5,-1.53148362940756e-5,-7.681963357382087e-6,1.6559333495683314e-6,2.049129848436525e-6,5.27853226897278e-6,1.1033902404712368e-5,1.8337536813139046e-5,2.26574578320895e-5,3.025225903643267e-5,2.8290743645105833e-5,3.146641033604238e-5,2.7223126767055383e-5,1.8334828126293327e-5,5.250939945088211e-6,1.168384892315701e-6,5.620877049002195e-6,1.8470753247702023e-5,2.18718750580482e-5,2.5645522657416403e-5,1.809968468551854e-5,2.58655547134633e-5,1.9212883616500436e-5,2.181719939448287e-5,2.757952074915065e-5,3.25656961823121e-5,3.3419347919839626e-5,2.525667121399722e-5,2.8620614455481762e-5,2.2871115853186953e-5,2.0644631092484594e-5,2.0550732530328037e-5,1.0690524623817556e-5,1.4141152824208236e-5,7.1918713926754835e-6,1.0087686506112494e-5,1.98017932028503e-5,2.240295363278661e-5,2.8422016302730718e-5,2.679329873613253e-5,2.7748687759084807e-5,2.306922135927055e-5,1.8609425827298743e-5,1.6230818527752084e-5,2.0327331991927043e-5,7.248274907817094e-6,2.698486758635751e-6,5.233694279357437e-6,-4.673219253347556e-6,4.01006301688818e-6,-4.905983479372315e-6,-1.0724135686363952e-5,-8.693167850144165e-6,-2.6818039236397075e-7,-1.4604482594416183e-7,-2.719498042072706e-6,-1.0824603817004578e-5,-1.9902433443164377e-5,-2.1663556024614547e-5,-2.584776103434484e-5,-2.8564598389314014e-5,-2.4511313364932235e-5,-2.337902058351158e-5,-2.3630746483459403e-5,-1.4554025298420302e-5,-1.0660486368056855e-5,-5.780757373649242e-6,-1.0130784804816325e-5,-6.240667315189158e-6,-3.25287982537942e-6,-6.75533018450874e-7,-6.2009874051583125e-6,5.563740857296765e-7,6.71042384769432e-6,-4.80275420478789e-7,1.0739525202566101e-7,1.5196770073863409e-5,1.6621311111365506e-5,8.422472906327127e-6,6.731210458247314e-7,-8.069492106422993e-7,2.1256147497110563e-6,-5.758742662765159e-7,1.5738175130257793e-5,1.75924643719133e-5,1.791471925467511e-5,6.6437038553000484e-6,1.2223909345528583e-5,1.4218987633334177e-5,8.317510179746572e-6,8.850900736175285e-6,2.7459557563040802e-6,2.529991093858935e-6,-4.031626905514532e-7,-8.03043775341367e-6,-3.12705055405805e-6,1.2650046124856503e-6,-1.6643869389383174e-6,-3.928365935034228e-6,-8.652766313433082e-6,-4.649082970449422e-7,-3.369659643040939e-7,7.856370078587655e-6,9.84139239054031e-6,8.708336342343901e-6,6.529207693628532e-6,5.426089679712334e-6,6.433138617251267e-6,1.468563221512099e-6,-3.114637514267892e-6,-4.156166092216092e-6,-3.6041650243459265e-6,-1.2781510768308431e-5,-1.4676784340308983e-5,-1.4473661716022046e-5,-1.4392360932861334e-5,-8.066117241277317e-6,-7.4153538849083355e-6,-7.334212928405549e-6,-8.040476769988544e-6,-1.849060733362198e-5,-1.49822365390341e-5,-1.3114165992184374e-5,-8.22962819363016e-6,-1.1537438856659757e-7,8.314543590898374e-6,7.504267564098248e-6,1.1753187160567602e-6,-4.964059099658717e-6,-5.340391247168982e-6,-7.172991623487541e-6,-9.285107119426651e-6,-1.559058478145414e-5,-1.451447877914852e-5,-8.477949450626271e-6,2.459326656547403e-6,8.521995692115086e-7,-1.3378028484292527e-6,2.2954500213779823e-6,2.846129124278602e-6,-6.20496021213696e-6,-8.517279804422321e-6,-9.433612448332303e-6,-1.1723146376228048e-5,-1.3392036925872524e-5,-1.6204663786610404e-5,-1.3161697922178166e-5,-9.308207273710505e-6,-1.2405464696091883e-5,-1.7801285986211435e-5,-8.600413933237981e-6,-5.416429586807867e-6,9.120357415392549e-7,-4.811355277896979e-6,-1.180429435365449e-5,-1.483319596487849e-5,-1.7334092246165903e-5,-1.1689343842535991e-5,-1.2460013116481079e-5,-1.575730414965172e-5,-1.4436138718669063e-5,-1.8699489406776103e-5,-1.921170916665487e-5,-1.590690653608267e-5,-2.0631363413593146e-5,-1.7737362935151726e-5,-8.855771524838333e-6,7.398839698525114e-7,-3.784996278753064e-6,1.8517211212015757e-6,2.287990086514602e-6,-1.0514467701065527e-5,-2.749704431413831e-6,3.5039653192060513e-6,1.0678547402756163e-5,1.0711657167714445e-5,1.2344682585811515e-5,7.980001847885605e-6,7.52663958249418e-6,1.3364973059657187e-5,1.5202204559776578e-5,1.4404388558261261e-5,3.5068982424768334e-6,-1.3534378622045559e-5,-2.1669308756269272e-5,-2.6746642355072716e-5,-2.5555848662761832e-5,-1.8289175123450003e-5,-1.2017130506734685e-5,-1.403333986395418e-5,-1.2584621302557381e-5,-1.4490414302698241e-5,-8.167739553140687e-6,4.606223362715192e-6,6.499778106845335e-6,2.2969013157404493e-6,8.839288329364934e-6,6.901653203018525e-6,3.2810667924371237e-6,2.9852295187984323e-6,2.983108660474641e-6,1.9701411608516745e-6,7.410988305718348e-6,-3.6068659950611665e-6,3.7387712081889496e-6,6.591426328752379e-6,5.565680825292293e-6,7.0977540655277e-6,1.2068116069819463e-5,1.2203192378394348e-5,1.1227783771055435e-5,3.505884113354274e-6,-2.154554696376285e-6,1.9909044102517534e-6,2.9668186811005886e-6,-2.0072494326547457e-6,6.354768649275124e-6,-3.956517140213587e-6,-1.5860996824278405e-5,-5.4946957195382195e-6,-7.5686840173103325e-6,-5.606184368459425e-7,4.928533581709669e-7,5.881518209354872e-6,9.450906745956839e-6,-1.8596295770872393e-6,1.0362728942426087e-5,8.81613316575804e-6,1.0454182323255925e-6,6.248323856743165e-6,3.268163072807056e-6,2.0173268899591545e-6,-3.910531529495657e-6,-4.415666428904336e-6,7.108907344377776e-7,-3.84757320655161e-6,-4.686340229484918e-6,-7.778274561043301e-6,-1.0131699314154277e-5,-4.520464389480907e-6,1.263378652752301e-6,-6.431579876761768e-7,-7.219598862255083e-6,-1.2604137094205927e-5,-1.0014115770811748e-5,-1.3232493991219712e-5,-4.335558102510993e-6,4.358986296095136e-6,3.933755291402998e-6,5.46148535603462e-6,3.2358425550645116e-6,1.50852671043121e-6,1.254235778165984e-6,1.1511575012621626e-5,1.0260850097765175e-5,4.95424861287073e-6,2.8952343950717265e-6,-2.0884137886653793e-6,-1.3288169458204425e-6,-4.096314023522672e-6,-2.463600912409255e-6,-4.9743302743812295e-6,-9.322070859471597e-6,-1.412688232517145e-5,-1.7023354921521737e-5,-8.661246609023245e-6,-1.096784941013563e-5,-8.196208426257154e-6,-5.572756418578697e-6,-1.0113651816017003e-5,-1.633636813859491e-5,-2.0934276990025165e-5,-2.1577540612548163e-5,-1.3627484801236928e-5,-9.460306324014053e-6,-3.042950604037935e-6,5.899631773201703e-6,4.970039407788337e-6,9.591263824990117e-6,1.865223758172173e-5,1.0325919571559589e-5,6.851259818833672e-6,7.437232456019167e-6,6.1761523367992494e-6,-8.183304430654265e-6,-1.769623750155879e-5,-1.0665410124144715e-5,-1.0853669029047224e-5,-4.713010969244104e-6,-8.705750516163477e-7,8.586663181068474e-6,2.221091781001482e-5,2.3511586132648916e-5,1.8815740831143622e-5,1.4909557448289015e-5,9.368428305620678e-6,1.4773125273842327e-5,3.7657556923065973e-6,-8.176420742920204e-6,9.684498254555528e-6,2.3175088625286804e-5,2.3240340202328474e-5,2.703212427549132e-5,2.681015584830199e-5,2.4912863938452866e-5,2.2289810993682264e-5,1.7052528256368202e-5,2.0540829510972962e-5,2.2837858791727695e-5,5.975231460541093e-6,1.1274549509930891e-5,1.3112660050184056e-5,8.356859249840566e-6,3.9804259900290885e-6,8.84537590620437e-6,1.959622671167405e-5,1.2439111245868227e-5,9.422202965593399e-6,1.1176924989219711e-5,3.252505039681408e-6,-7.1206211384450085e-6,-1.1391449708613039e-6,1.1604003395802068e-5,4.833454312532608e-6,4.947790095330603e-7,5.037443830152103e-6,8.465054679659813e-6,1.040776228574826e-5,2.5395148818948307e-6,-3.168369013456391e-6,-1.402181593434023e-6,-3.0121418157370553e-7,-6.026935878238883e-6,-2.6191656002165546e-6,-1.1958023231722626e-5,-1.2982546539325692e-5,-1.345583833825957e-5,-1.931035298273877e-5,-2.5401604525985605e-5,-2.0982321021525748e-5,-2.215516032823557e-5,-2.6034389011827957e-5,-2.037735212450551e-5,-1.4971376329746955e-5,-1.089103475681908e-5,-4.3431442794247576e-6,-2.6206391679733754e-6,4.305505938889913e-6,5.69064478038106e-6,-1.3793574984452143e-6,-3.6597154221894975e-6,-1.376478739705868e-5,-1.1306988019764407e-5,-8.840315509915264e-6,-1.6413478622331567e-5,-2.2892688464785507e-5,-2.546560115856368e-5,-2.0016897328166388e-5,-2.015612497457714e-5,-1.4681454676698956e-5,-1.1690051295990731e-5,-1.5139196461820821e-5,-1.2878942668693233e-5,-1.331978296915034e-5,-1.1047083721672742e-5,9.609651245987474e-7,2.479936002253671e-6,8.858732779592641e-6,2.1766100574770112e-5,1.6124928288010777e-5,1.2284069915431712e-5,8.938028260574189e-6,5.1140790688023526e-6,2.445806321984132e-6,3.4545111058584125e-6,-5.820375109123554e-7,-6.183795584530112e-6,-1.0549694747784325e-5,-5.96482325361756e-6,-1.8957817242365806e-6,-1.048475972542037e-5,-4.526671271363888e-6,-9.970322684870834e-6,-1.0577371242849342e-5,-9.421002110085408e-6,-4.843182199224044e-6,-7.311630365062298e-6,-1.0841415916195676e-5,-6.158637875209946e-6,-2.5195433581736296e-6,2.227713695195232e-6,1.779807853003853e-6,8.74883388027605e-7,-4.785203210536502e-6,2.4230567329955313e-6,1.7271381116503807e-6,-2.704897918567288e-6,-1.2190056978223166e-6,-1.3814411366055144e-5,-1.6667558535559998e-5,-1.3318837142554117e-5,-5.6662943848107344e-6,-6.249427348536906e-6,4.7338596275882e-6,4.636760899344302e-6,5.480582706678631e-6,1.9340108229641083e-6,-2.17413036907472e-6,-1.1814444596376829e-6,-4.822312092722103e-6,-1.1934359406681753e-5,-1.4682570615292841e-5,-8.076769716746792e-6,-8.712869886388933e-6,-4.646900522144293e-6,-8.154328326905475e-6,-1.3254859623479565e-5,-2.281173145534038e-5,-2.0184179100682807e-5,-1.1773303655204845e-5,-5.705160640366773e-6,-2.5645578412305457e-6,-1.3505987795980881e-5,-2.0358759115004418e-5,-2.2011915747971176e-5,-3.0371693720161723e-5,-2.8243290027765635e-5,-1.619439034805253e-5,-1.083715572383683e-5,-4.424641648256666e-6,1.3811091003928967e-5,1.715992563451388e-5,1.3468063838301421e-5,5.255369762124684e-6,-2.9176624963584825e-6,2.931078495603821e-6,-1.0141654786176361e-5,-2.7107573510214023e-5,-1.431993543732409e-5,-8.237505000617879e-6,-1.4507649361143534e-5,-9.575460242553452e-6,-4.0645253253844505e-6,-1.531442969432239e-6,-5.36119068996877e-6,-6.947218305700007e-6,-7.524538286794182e-6,-6.7451830177398874e-6,-7.68673781052096e-6,-1.788980251252427e-5,-2.764714949331842e-5,-2.3988106556050155e-5,-1.9787468167560528e-5,-2.0997931075911414e-5,-2.004687041823435e-5,-1.202093186693803e-5,-7.387394548831467e-6,-6.060918506547995e-6,1.916886569215604e-6,1.0585341995261765e-5,1.3692353828900141e-5,7.703065352853245e-6,5.0719910842878465e-6,7.804642445035354e-6,-4.2404339257067955e-7,6.892976137519359e-6,7.023919388892948e-6,1.5137361567885183e-5,2.241341585553638e-5,3.134361908808885e-5,3.3404504513660714e-5,3.0348626438399727e-5,2.802716181239784e-5,6.5455434611293625e-6,-5.206903327915954e-6,-8.046458881587866e-6,-1.1796911250717447e-5,-1.0787430009290989e-5,-1.3322861628857105e-5,-5.836881032077453e-6,-2.2688001782166145e-6,-2.9654390605708166e-6,9.179756207447977e-7,-4.042273063854623e-6,-3.4732711772930207e-6,-3.94930659616645e-6,-2.7341843206456e-6,5.894377478352182e-6,6.3671676476786376e-6,3.520285806053448e-6,6.342680292663563e-6,2.9517744779212617e-6,8.58270769436591e-6,1.8206200535243662e-5,1.8460602690227924e-5,2.3942595218343298e-5,1.6605147114600752e-5,8.721150195084507e-6,2.0996742493987717e-5,2.640827271671703e-5,3.140716834764832e-5,2.0409349339627468e-5,1.727425816822814e-5,1.736741103414514e-5,4.525746987923171e-6,1.525222720905476e-6,1.2230063089512218e-6,8.369101787034988e-6,1.251642760234107e-5,1.1051843655458434e-5,8.351789073795814e-6,7.0210453680991186e-6,-1.8074766130197897e-6,-3.031236470977836e-6,6.328844343816756e-7,-7.677020209384211e-6,-2.9998505083669015e-6,-5.086224014942879e-6,-1.1425820348644353e-5,-8.762500845891221e-6,-2.6592707391269744e-6,-1.328416687637422e-5,-2.629022567206713e-5,-2.564771439461132e-5,-2.8868168554736766e-5,-3.416510053331799e-5,-2.8709692751038492e-5,-3.982675161255255e-5,-3.915460206846869e-5,-4.14812150682451e-5,-3.520174484096656e-5,-2.2682330972965374e-5,-6.918457634243735e-6,-7.629939527686003e-6,-8.361914642406073e-6,-1.0248581316524757e-5,-7.894949437679285e-6,-9.026231599832194e-6,-2.0923467261413064e-6,1.024914525180834e-5,1.5549956748043478e-5,7.3783736062367336e-6,1.0198271010528038e-5,6.084739513112748e-6,4.915511403339749e-6,1.2496481800600062e-5,1.481030025254703e-5,2.273700618814472e-5,1.4096213433173543e-5,1.4077188740144569e-5,8.20970538712884e-6,1.6310749889538812e-5,1.0504422302916875e-6,-1.017328635208222e-5,-1.5553801746467584e-5,-2.460930262486993e-5,-1.6247542499375648e-5,-5.7417825687349215e-6,-3.972140388616699e-6,-1.868201664294443e-6,1.0725586441856475e-5,1.5392008385983928e-5,6.651667102936952e-6,5.283093044900199e-6,4.6733899168973156e-7,5.808051435764761e-6,-4.9565294541636275e-6,-3.822782642052831e-6,7.391110678634706e-6,-2.1483959680687535e-6,-9.531150481738702e-6,-7.96715133359501e-6,3.4447760423291517e-6,1.2845715892526449e-5,1.1242720508483253e-5,6.10780017253387e-6,-1.404949820199344e-6,-1.5039145844471807e-5,-2.16693913723614e-5,-1.8342118609916053e-5,-1.3875094348478381e-5,-7.499443470744651e-6,-1.3489520083567425e-5,-2.863112712715383e-6,-3.765649946307643e-6,2.1974796377838382e-6,2.2767633491786417e-6,-2.685382914425234e-6,-4.361996439752167e-6,-5.366637959916809e-6,-5.923387474437076e-6,-7.237835313160872e-6,-3.1001851656244533e-6,2.1218946922331553e-6,1.2044793355413742e-5,1.6655055985758312e-5,2.7119526444968902e-5,1.7899591621706292e-5,2.50701845173182e-5,1.9443796853403374e-5,1.3370511495646064e-5,6.376399549655667e-6,9.41337076431983e-6,9.302068623947785e-6,-5.114123062981765e-6,-9.649274300563197e-6,-7.981142371626932e-6,-8.144838737597304e-6,-9.518256684175496e-6,-2.814273334870569e-6,5.040903349669855e-6,1.838805664250732e-5,1.662530862899338e-5,1.972737484059727e-5,1.908172630591504e-5,2.452395979248387e-5,1.2993630427069473e-5,-1.138076114016932e-6,1.4984502756993577e-6,7.2543272067524845e-6,3.008525844364547e-6,-8.318739624277855e-6,-1.0886521187522614e-5,-2.635674047125111e-6,-1.9433711846653422e-6,6.062512193650358e-6,-3.5870978545054872e-6,-1.4982472110203683e-5,-2.0285679583182862e-5,-2.0189983726198403e-5,-2.2653965974729166e-5,-2.208490755317462e-5,-1.774127348610371e-5,-8.652198749408783e-6,-2.518189355319641e-7,1.828772541459207e-6,6.01103913827333e-6,6.556474270025045e-6,8.000030901442186e-7,1.4909079757144475e-6,5.153423729965339e-6,6.1759386182036425e-6,1.4676825467526659e-5,1.9602371697550966e-5,5.941687390932287e-6,-4.696954508032264e-6,-1.0063466714670205e-5,-1.364070033565448e-5,-1.7948376940193873e-5,-1.2564691419569902e-5,-1.6757009513635545e-5,-2.292329570016833e-5,-1.8585257339431173e-5,-1.4894409202356355e-5,-1.2759161122701882e-5,-1.3621706123507209e-5,-1.2750873360960884e-5,-8.730024820598894e-6,-1.0831690843268575e-6,-1.986706116070155e-6,9.765060387883923e-6,2.2718759859155704e-5,1.988703517426658e-5,2.6094097525338125e-5,1.78681183730628e-5,1.578836885337555e-5,1.5633430422938476e-5,9.497555830338698e-6,1.345844258134382e-5,1.394533669964548e-5,1.8904747345015334e-5,2.2794640917754902e-5,2.1332903877566867e-5,2.2944712291270175e-5,1.8162677942033437e-5,1.1251168582124314e-5,8.815862956263557e-6,1.3293774723537077e-5,1.1897487106181747e-5,6.817476576173688e-6,1.0206976172639357e-5,1.6485505401544236e-5,1.8324223030961178e-5,2.5059828080583875e-5,3.3594694983409726e-5,2.8159263516033253e-5,9.2703540771005e-6,8.679065608729425e-6,1.181336217985876e-5,8.684368410545909e-6,-1.172169446486748e-6,1.3037408886995935e-6,8.617138399033034e-6,7.675904916759773e-6,3.6602988918369637e-6,8.967324586343134e-6,1.3408898080363627e-5,2.6205746703655665e-6,-8.398688909679848e-6,-1.0805884326739741e-5,-1.019326880316315e-5,-1.80846472182667e-5,-1.8822400402851412e-5,-8.867044365064472e-6,-5.640529157623034e-6,-1.6135319190765846e-5,-1.1646170854561188e-5,-7.376173150540558e-6,-1.3116122746531434e-5,-7.804249744810905e-6,1.2043593823483517e-6,5.4290720689135286e-6,8.097032235811777e-6,1.1376534312032785e-5,1.0785123816779154e-5,2.8337861643220835e-6,3.993289299530862e-7,2.717820714989907e-6,1.4303018262525451e-6,-8.546813295306927e-6,-1.2352570221821575e-5,-7.871400019812718e-6,-1.3348119345222144e-6,2.762007702289379e-6,1.1681825273649682e-6,-1.0363549110428323e-5,-1.66204303475549e-5,-8.279038537003971e-6,2.3223936737785175e-6,3.905254322631546e-6,2.898978030947066e-6,2.158065877385299e-6,-2.1770686394354335e-6,-1.922261044486131e-6,2.9482667494650624e-6,5.5258299396048094e-6,5.880439800796784e-6,6.450974553398271e-6,1.5849213564227308e-5,1.538159179550205e-5,8.99453272367766e-7,-4.431181139888526e-6,6.582008527309099e-6,2.7674525737939528e-6,5.3337211988718725e-6,1.1531103411769811e-5,1.194551108183637e-5
0.0007034659920578866,0.00046170763154309956,0.00033097003557074235,0.00025095101441164556,0.00019738288870803798,0.0001462631617534999,0.00010859410305299954,8.53473075198932e-5,6.167843652172007e-5,3.994511036131605e-5,2.276281604254809e-5,4.830436284832983e-6,6.991336662970324e-6,5.625533046863227e-6,-1.6611573566141406e-6,-8.918269646571995e-6,-6.018975627794489e-6,-1.2846483231304746e-6,-2.7979307680629855e-6,-1.1417949952303005e-5,-9.393333800916007e-6,-1.2138422311807813e-5,-6.786329603493169e-6,-4.855258655292001e-6,-8.50575570259682e-6,-2.7410404703524357e-6,-7.379435840774656e-6,-5.357183392113902e-6,9.867767632154362e-7,3.4394759601823145e-7,8.081105143440035e-6,1.3684613737206603e-5,2.2051897284124717e-5,1.7257757894520513e-5,1.805904709147023e-5,1.2709847455286365e-5,1.0771672371543935e-5,1.924442287889765e-5,1.4342012349151017e-5,1.4332895403846111e-5,1.822830237687141e-5,2.5184286905961067e-5,2.6519927821909795e-5,2.0383698004652393e-5,1.9596498430381204e-5,1.7450526970284375e-5,1.470779152014635e-5,9.677542724487358e-6,2.744290070004236e-6,2.837262882555552e-6,5.719202443136543e-8,-5.388230042584844e-7,-8.131041973531456e-6,-3.2547303954871267e-6,-1.3994143850326085e-6,-1.3824874892939576e-6,-7.618058905819668e-6,-2.3496681518368414e-6,-5.112595057235169e-6,-1.0281068215834449e-5,-7.50336038605243e-6,-1.195242790843412e-5,-1.0067755732006423e-5,-6.5011566316282134e-6,-1.0574835696280922e-5,-5.446576748700417e-6,-1.5047247567890592e-6,6.198758829702519e-6,-5.016767903764878e-6,2.718060206700299e-6,1.6253854848828882e-5,2.3478245847083723e-5,2.5210632743788165e-5,2.2765443434302613e-5,2.2607938897377406e-5,2.4737098672525307e-5,2.590773935758083e-5,2.1490538438522348e-5,2.461470519508433e-5,1.939196543849732e-5,2.2407565954182784e-5,9.145422109533694e-6,1.076325816393189e-6,2.205294773935829e-6,6.8599888711330955e-6,5.006939397513756e-6,4.511749250659735e-6,-1.9410577850926087e-6,-2.271997348707306e-6,-3.7895071573165666e-6,7.624265269535586e-7,5.182798708485263e-7,6.880813861446199e-6,9.191126805015165e-6,3.131916036669995e-6,2.948505359040839e-6,1.6210868456497872e-6,2.522117724402003e-6,6.030460583355702e-7,-5.569596021143879e-6,-1.05895025803043e-5,-1.4107852959712188e-5,-1.743595179856385e-5,-1.807355652237691e-5,-1.778961609472436e-5,-1.5588902428892146e-5,-1.5114104571941704e-5,-7.766997049770262e-6,-3.835466575940971e-6,1.1287947974892447e-6,1.142141741372849e-5,8.489252986779969e-6,4.84771374102882e-6,6.076876017088738e-6,8.78120584061771e-6,1.3796486925064656e-5,1.1597044386093214e-5,1.0923898193777013e-5,6.436299904572717e-6,1.9077893935928584e-6,2.679869309145205e-6,-4.629259773714608e-6,-1.3838793410075492e-5,-1.6019922555496915e-5,-1.512860167862373e-5,-1.6007618523661987e-5,-1.686658382454472e-5,-1.4210197335486521e-5,-7.913175478883311e-6,-7.544938561303294e-6,-1.0732613468892112e-5,-1.171299577992778e-5,-2.1695217380705943e-5,-2.1256585690221868e-5,-1.939163243483648e-5,-2.039032233966586e-5,-1.158375700993534e-5,4.951378481394133e-6,8.611974502743899e-6,5.5241508008085715e-6,1.1628726284787571e-5,1.1965690094867169e-5,-1.0268011260143237e-6,7.619443354830255e-6,6.653384021304911e-6,-2.5430238897447277e-6,5.789003164567926e-6,1.8648622680168492e-6,7.819773406781632e-6,1.2525309887972111e-5,1.1005788255417874e-5,7.878238409132173e-6,1.5825147074455582e-6,-3.4164625037297285e-6,-6.67841222958091e-6,-1.021482019396074e-5,-1.1301163139576496e-5,-1.9546537169227328e-5,-1.665926787638986e-5,-1.8965410292614522e-5,-1.0836775574063801e-5,-6.582413303572339e-7,5.529332405588589e-6,-3.5163281027675704e-6,-1.0141557781460481e-5,-5.988276707104205e-7,2.6650190629067062e-6,4.63899926458629e-6,1.4736747998491579e-5,1.928035380807716e-5,2.109590717678261e-5,1.4473894610758273e-5,1.553969609215571e-5,1.3472903963654752e-5,6.136418590512976e-6,-5.917613757932791e-7,-9.012898108966324e-6,-5.795475826418131e-6,-1.1447626996248927e-5,-2.480978268738603e-5,-2.611231713359219e-5,-2.7735269317065575e-5,-2.0898947284906534e-5,-6.7931117869070965e-6,1.156402820325099e-6,8.234825081495652e-6,1.2951023315742337e-5,6.145166309966732e-6,6.922782913215378e-6,3.255327850949042e-6,2.5053238948641325e-6,2.877757063954017e-6,4.391059138657811e-6,1.3356602381181153e-5,1.891885613221273e-5,2.715880612234561e-5,3.693435563874725e-5,3.853367915061714e-5,4.86248155820217e-5,4.587372462460866e-5,4.816537519067523e-5,4.028993659529977e-5,3.816588117612562e-5,4.155828991718683e-5,3.584671026611437e-5,3.243386039720232e-5,3.4409115172041665e-5,3.4280274335156754e-5,2.424407306895791e-5,1.966226227829632e-5,1.7828069392272523e-5,1.6732095903045716e-5,1.4149567424607646e-5,3.94511182627246e-6,-3.1767698747500024e-6,-1.0098626554957274e-5,4.900473168611435e-6,1.059906386927462e-8,1.7006052021268856e-6,-1.2162719627671896e-6,2.3947533373751872e-8,1.1318076663429073e-6,-6.357252376947566e-6,-1.0151245815731356e-5,-1.1257782592063882e-5,-9.174262978547668e-6,-7.611396675001196e-6,-3.1984261856618776e-6,-9.592375580300244e-6,-7.975060904546272e-6,-2.2916666142006712e-6,-4.0273005877174175e-6,2.4131350062139228e-6,-2.2677727152044385e-6,2.3282651897902115e-6,9.905653552898084e-6,1.4203882627245872e-5,9.634169461757026e-6,2.062232038533681e-5,1.6362420922033394e-5,1.558613156471977e-5,2.303869069880838e-6,-6.912933280315304e-7,-1.2886148263753659e-6,1.1855920321163396e-6,4.689225955295848e-6,5.575802732650667e-6,-2.6993398977415455e-6,4.053847939371454e-6,1.443241337650776e-5,1.8742338345185705e-5,2.427905588882745e-5,2.2753168067540744e-5,1.3713008165842244e-5,1.9474563975406923e-5,1.3493146088125916e-5,1.5763669688610743e-5,2.2564111629951657e-5,2.4760752402650637e-5,1.6279175378356282e-5,2.477292968850294e-5,2.402760260683809e-5,2.1989960481215398e-5,2.426260561810251e-5,2.397930151554836e-5,1.0651310286715972e-5,7.579269758476125e-7,-2.261351388117632e-6,-9.461299088788161e-6,-1.6191600208476448e-5,-1.4848908210689432e-5,-1.7472133023450553e-5,-2.0071506483669134e-5,-2.2710381576965772e-5,-5.79790704122426e-6,-3.879364500252243e-6,6.048248947522261e-6,1.1896290086511377e-5,5.891003190423499e-6,-3.2441995974055093e-6,-5.339291351847675e-6,-5.8003892770945775e-6,-8.645971016356127e-6,8.401084770225169e-7,8.515484646411586e-6,9.902051565922847e-6,6.214730828266326e-6,4.313755920985675e-6,6.479100196422868e-6,9.507421183788947e-6,9.226567416495757e-6,6.075015146093944e-6,3.885196806870587e-6,3.2193956529430017e-6,4.8745465129397575e-6,-8.172878337596624e-8,1.3567237865625783e-6,1.445852040809269e-6,-5.754825519471541e-7,8.183768269338396e-7,-4.933048263424171e-6,-2.9656246111788993e-6,-1.460905612092986e-6,-3.287167793300312e-6,2.7180686961980137e-6,1.7271298305379023e-5,2.964482104430272e-5,3.7456327745820936e-5,3.831604179513351e-5,3.978765017992958e-5,4.8261704974414576e-5,5.7047941272366634e-5,5.1399163269651475e-5,4.3564397763079755e-5,3.492458757704703e-5,2.7008952528927756e-5,2.908345119368359e-5,1.498448401687353e-5,1.0034431682663932e-6,-1.0645752783364207e-5,-1.7466931408368775e-5,-2.0666585144261642e-5,-2.15317284914614e-5,-1.567402262713809e-5,-3.355976066512884e-6,-7.043023400266022e-6,-9.071098776222824e-6,1.1572802321530919e-6,2.210560981248942e-7,4.382880653612789e-9,-6.2326394735008825e-6,-5.587047147275823e-6,-1.5630360242236758e-5,-1.826032907924556e-5,-8.704981177348938e-6,-2.759083692113197e-6,-2.9126600875082433e-6,-8.699545525674634e-6,-2.1882245545370042e-5,-2.450426481551207e-5,-2.7687555263143286e-5,-1.8657582425403697e-5,-1.3638955189789625e-5,-1.0569602679767527e-5,-6.3425842420666465e-6,-7.210878162710482e-6,-7.04430667764724e-6,-8.358159370531911e-8,-1.0975408363836706e-5,-2.2238855369547368e-5,-2.3061356314005466e-5,-2.984669943155916e-5,-3.4127386689422636e-5,-2.658688269675436e-5,-2.9155820666826604e-5,-3.1569032820967185e-5,-3.712106063819938e-5,-3.406391798965857e-5,-3.5045813032273613e-5,-2.7558911993551085e-5,-2.3470022949249198e-5,-1.0968525886609988e-5,-4.6023222500174065e-6,-8.963686080108585e-6,-1.0611006348909209e-5,2.7161315540151357e-7,3.458423430805691e-6,-5.972635008079596e-6,-2.537824651298484e-6,-8.628780217327913e-7,-7.260707647867378e-6,-8.50250361451148e-6,-1.3635594394176068e-5,-1.2587466190586104e-5,-9.064174723761418e-6,-1.1549181142304516e-5,-1.119695106836313e-5,-1.1138324561049217e-5,-9.550637034661907e-6,-1.1405483415785187e-5,-1.9606546859649186e-5,-1.980426347226681e-5,-1.7194846688148875e-5,-1.3377442013292474e-5,-2.0737062151614674e-5,-3.522060744138924e-5,-4.09514367685539e-5,-3.9641588217550144e-5,-3.468093992259494e-5,-3.924546114059502e-5,-3.3593991605942e-5,-1.952822140482731e-5,-1.5233177938222651e-5,-2.447153885892631e-5,-1.9523169962596215e-5,-6.2067752005164955e-6,-5.7355534794744165e-6,-1.7338808314031993e-5,-1.5745063500444712e-5,-9.435810300195945e-6,-3.269727941356839e-6,1.4017333828169085e-6,6.24027997380595e-6,-1.2733702628171783e-6,1.2270285978051682e-5,1.0145691557556455e-5,1.3751856860407375e-5,1.4129773617118874e-5,1.7587642291837747e-5,1.253413149006723e-5,1.8585371802079273e-5,6.977950762558111e-6,5.723512511096586e-6,1.7884343434050038e-7,8.624150559323055e-7,-1.1526663434547405e-5,-1.023349207747303e-5,-1.0348449913144607e-5,-4.252364115165414e-6,-5.938778720825667e-6,-1.700281100506774e-6,4.650050513486655e-6,1.4739330000506727e-5,1.9010539526749072e-5,2.4093896700923605e-5,2.8448389799134877e-5,2.7174062925916642e-5,2.9128780462339524e-5,2.389468394542567e-5,1.809852851160386e-5,1.2375948525217308e-5,1.517071001692857e-5,1.821781294087249e-5,8.541509242882873e-6,6.045927970706664e-7,-2.0443275785901827e-5,-2.5318392264776668e-5,-2.2128217173553787e-5,-2.452288469873855e-5,-2.8211376087914922e-5,-3.150970646295265e-5,-1.791967377984861e-5,-1.6377649561476854e-5,-1.0373029003040265e-5,-4.745263854234783e-6,7.031646811787929e-6,1.520690956801096e-5,1.50594454019135e-5,1.4869635300212317e-5,1.3028594718916608e-5,1.6470247882526395e-5,1.0150670659491981e-5,8.181548571053774e-6,1.077724697921788e-5,1.4971965147467285e-5,5.55015717835244e-6,6.280048409253391e-6,5.435051355524339e-6,1.0351107959458857e-5,9.778812082900078e-6,2.150136432160153e-6,7.307236991316421e-6,7.277278081371531e-6,3.2699044953504884e-6,-1.26198083660577e-5,-1.729780625454702e-5,-1.757376245322191e-5,-1.40502947289555e-5,-1.6210722748775513e-5,-2.1225449395131067e-5,-1.459255185507267e-5,-5.472955704181493e-6,-1.3249321476903611e-5,-8.994566843371011e-6,-6.3809038015447945e-6,-1.4859527688551808e-5,-1.4789998358836177e-5,-1.7772715890880178e-5,-1.2578720726462612e-5,-4.718440203635915e-6,5.9993479911524045e-6,4.117503651488792e-6,5.623185589709134e-6,8.486381877001705e-6,1.782811388446772e-5,1.2381610072512357e-5,1.1029676428355752e-5,9.469185089900241e-6,2.112229321389481e-6,-9.905288699268844e-6,-9.31939963563916e-6,-6.130192043297054e-6,-4.96602055771517e-6,-7.142830687069353e-6,-3.0299529187364235e-6,-8.725565971361523e-6,-2.9638449570612454e-6,-3.953258510085909e-6,-1.1247009591223202e-5,-8.250883571815937e-7,4.093549818896761e-6,9.631559294899773e-6,2.5530913807420926e-6,1.7101123265824226e-6,5.072727165417378e-6,8.586214000476232e-7,-3.4390206191426e-6,-6.708273576409087e-6,3.477195821307626e-6,4.706047183564444e-6,1.0490306982297829e-5,1.0512847520417616e-5,8.541905359159214e-6,-1.0778595886631357e-8,-5.467898693152711e-6,-9.624097609810478e-6,-6.9841102142352225e-6,-1.1907408279094108e-5,-2.4737795114768982e-5,-3.1184165974904175e-5,-2.5896891110447182e-5,-2.345016793052689e-5,-2.2134359940334935e-5,-2.348923779818687e-5,-2.1201095943084433e-5,-2.8821704339658545e-5,-2.970082782281488e-5,-2.7825524525271326e-5,-1.2826471177569186e-5,-4.5686082635640475e-6,-2.6110860585267824e-6,3.0306691621123426e-6,-9.550427330277508e-7,5.472567517347908e-6,1.4295628759259227e-5,5.476464684806063e-6,1.5337677994855917e-6,7.021381174750305e-7,7.654962779997548e-6,1.8445280329675892e-6,-1.5254519175933597e-6,1.3206977946609115e-5,1.006826591819594e-5,8.120612308989053e-6,1.0973080300895056e-5,1.4083267342144432e-5,2.316860767349911e-5,1.6876408627026024e-5,1.6442118976781602e-5,1.2719599106770205e-5,1.5302514664208735e-5,2.102521894151848e-5,2.1541166008202335e-5,2.3899782359255284e-5,2.6550067958325448e-5,1.276065959969743e-5,3.4579435985747923e-6,-1.0530007138096852e-6,-4.320828689194717e-6,4.307442979292366e-7,1.845751106029456e-6,7.920595250893705e-6,1.2505092861663227e-5,1.782322452143302e-5,2.3222175038204453e-5,1.6236212329341658e-5,1.833950613057093e-5,1.323312108973701e-5,1.2750320359462574e-5,5.936404756944772e-6,7.896203115991119e-6,1.2854793607451638e-5,8.729682976394646e-6,1.1694628678216606e-6,8.548549862832907e-6,8.331083784869314e-6,1.1924536988951884e-5,1.1520577770820277e-5,2.5048716530941286e-6,1.4441526025899073e-6,-3.700037650053045e-7,-2.2445969840932796e-7,-1.3858530706500852e-5,-2.6204783232130776e-5,-3.544652519184736e-5,-3.1838758268837133e-5,-2.8973101834055967e-5,-2.1855012495391996e-5,-3.002344261888947e-5,-3.033327830610535e-5,-4.038650306137363e-5,-3.15834672348063e-5,-2.95909605813039e-5,-3.091014535162585e-5,-2.7199537631377296e-5,-2.1019261167523083e-5,-1.2299781450182855e-5,-3.769697619264961e-6,1.1189718161104799e-5,2.1313967263608016e-5,1.3443788886647015e-5,2.2072859738245112e-5,2.330912498509261e-5,1.8623347621737495e-5,2.1601915370441076e-5,1.799009889400776e-5,5.110209242918218e-6,5.529484128963066e-6,1.2503455533822478e-5,1.4543289794165198e-5,3.716816780124368e-6,4.764113634076082e-6,-4.907205064937377e-6,-1.2891362776950084e-5,-1.321556243147795e-5,-2.479335780455125e-5,-2.772669959660589e-5,-2.8593920684634656e-5,-2.9096570721404978e-5,-2.948742123893408e-5,-3.064257054012448e-5,-1.3675063349642357e-5,-1.2109879761269594e-5,-1.038134715850572e-5,-5.288181455023621e-6,-9.86991783507755e-6,-1.3882631931685137e-5,-1.660280075874787e-5,-1.5807747526594535e-5,-1.4208219273335895e-5,-1.657738263152808e-5,-1.2751493836987811e-5,-1.4194533208447232e-5,-1.1369382229373084e-5,-1.3824811166458998e-5,-2.1704326155700562e-5,-2.118432370841552e-5,-1.4309149365734883e-5,-1.4546441850501455e-5,-1.168121342774574e-5,-8.390403452785789e-6,-1.0288437285625308e-5,-1.0652064654800442e-5,-1.3458432711265233e-5,-1.4242982088910236e-5,-1.8956032489942583e-5,-3.056619302992886e-5,-3.7254447878333866e-5,-3.859035393898045e-5,-2.9799405218977084e-5,-2.5894263213699636e-5,-1.8281566330071353e-5,-1.9509839642304505e-5,-1.2561480350287784e-5,-3.894076129512604e-6,-4.4652954801562386e-6,1.882316009811209e-6,4.338354542143798e-6,1.6906233675437785e-6,4.328972185110017e-6,5.3792546917456486e-6,-2.660583082059125e-6,-5.904702407916228e-6,-1.1560584433245925e-5,-1.0077095437561363e-5,-1.5073635011029892e-5,-1.5061225878015223e-5,-1.7964083177964014e-5,-2.0410017219481354e-5,-1.3479042819526798e-5,-7.871667157450054e-7,8.434991514440231e-6,1.8384494661092668e-5,1.3472909833308551e-5,9.942147579413763e-7,-1.0351935935320237e-5,-2.8213000454564136e-6,2.1145394665744265e-6,1.3412411703335657e-5,2.155698510411926e-5,1.9797533451298507e-6,-1.6711379341809008e-6,-1.029257489245835e-5,-1.1121426241334756e-5,-9.784852258214884e-6,-4.79738902860696e-6,-1.4035414408277839e-5,-1.226575922439991e-5,-1.1767754520574694e-5,-1.687915936312633e-5,-1.577893448968539e-5,-1.2442266575385014e-5,-1.1878146077663195e-5,-1.6326699135546554e-5,-6.5774047460255355e-6,8.914033534836199e-7,5.3017526995597315e-6,1.3345208922359292e-5,1.7817366153364643e-5,1.3095204627946238e-5,1.599132588023386e-5,1.8959900347116675e-5,1.6230865079591883e-5,9.375747736025394e-6,6.5286890041744e-6,5.507714209574459e-6,2.3878115639218483e-6,6.906968787760286e-6,1.1883202158389385e-5,8.172391880196286e-6,-2.94723356810604e-6,1.3555196999160763e-6,-3.819205453757317e-7,-1.0719239026211167e-6,-1.6256564847579897e-6,1.5957551339689445e-6,1.803737323898469e-6,-3.493175855560325e-6,-1.355314024131152e-5,-8.345866434743417e-6,-7.140624398003829e-6,-1.3343140803077606e-5,-1.3875486820772693e-5,-9.283968754579454e-6,-1.7921695460873877e-5,-2.5362257572958034e-5,-2.2838203810016648e-5,-1.5875514220388878e-5,-1.2183263213205929e-5,-5.340919968247936e-6,-7.379898599485082e-6,-1.0944601666194379e-5,-1.0778890015204032e-5,1.6899300358489728e-6,1.403909952625865e-5,1.345486749931358e-5,1.9409349638218128e-5,3.011582165188292e-5,2.6546833653980777e-5,2.3898781576891007e-5,1.298588676195511e-5,7.043377368362411e-6,1.6089888267045867e-6,-8.652072690571896e-6,-1.9165175200403525e-5,-1.6169610382380975e-5,-1.1958390491646454e-5,2.6898658850486524e-6,5.500371858498013e-6,1.0788249722109725e-5,5.675333291202687e-6,6.799112990280512e-6,1.3612463801308809e-5,1.8312768617439975e-5,1.38882691582564e-5,7.601688416552557e-6,-2.840933149659207e-6,-1.7517577076054883e-6,-4.108646876480864e-6,-3.587532273241365e-6,4.0492015727667663e-7,1.0888553786547718e-5,1.7265304776701762e-5,1.6665691959027885e-5,2.2992621501531205e-5,2.5001477672104992e-5,2.4056942478122887e-5,2.728124832786229e-5,2.3101040746047007e-5,2.0362649848782465e-5,1.9684190975412584e-5,1.0481016329530525e-5,4.682934791444844e-6,1.3800378657815492e-6,3.1039071078014894e-6,6.050593255690871e-6,-3.2283441427921023e-7,-8.669668035714336e-6,-1.9276355540825977e-5,-2.1130192185409655e-5,-2.518935366732386e-5,-3.0060217804320285e-5,-4.290651141624248e-5,-4.193567969343692e-5,-3.8943277594562994e-5,-3.891451284112066e-5,-3.795909145965825e-5,-5.186457374855815e-5,-4.890129888551052e-5,-4.696372076402072e-5,-3.612733169632968e-5,-3.190317177594975e-5,-2.442551461265122e-5,-1.4983490688169315e-5,-4.629417247620986e-6,8.711576142000585e-7,-8.163730256571689e-6,-1.4087251943168637e-6,3.577220195284667e-6,-7.640863563540915e-6,-1.5504166168189037e-5,-2.721057079143466e-5,-2.5595587010950124e-5,-2.8600561970306736e-5,-2.3848578495750658e-5,-1.201824586630962e-5,-1.0145273687950782e-6,9.82754288460517e-6,1.2318257387009016e-5,1.9834720548654688e-5,2.9960811840303792e-5,1.8013609235918094e-5,1.251972515626728e-5,1.1283806910094515e-5,8.315633573464693e-6,3.1168459490674756e-6,-2.0885584706386875e-6,2.273658259184742e-7,5.257439418468633e-7,-3.034854286126602e-6,1.037781098780967e-6,-3.9594736652195697e-7,8.675480331703004e-6,1.3459410530788723e-5,1.0879124827529834e-5,8.389172539267386e-6,1.0408265506421323e-5,1.4909087233585614e-5,7.539072573914595e-6,-4.126602542162183e-6,-9.20174193843089e-6,-7.2359167450427105e-6,-6.829352924936876e-6,-1.3536719228443274e-5,-2.3752178118576314e-5,-2.2232015198181916e-5,-1.608624083707716e-5,-5.726091474446475e-6,-5.1507208930387805e-6,8.170460945819762e-6,1.3847126618894287e-5,1.2304736736683383e-5,-6.709375550084659e-6,-1.3828821517183596e-5,-2.860239927223802e-5,-3.397979072060123e-5,-3.985061690790775e-5,-4.492969189777249e-5,-2.8002320836926505e-5,-2.3909427530734106e-5,-1.2791312998516101e-5,-1.1285698503600588e-5,-1.8499849823695197e-5,-4.105126653230971e-6,-8.962551775641132e-6,-2.8886204752811256e-6,-1.887964632349728e-6,4.826647817178987e-6,6.309144675299435e-6,-4.574074061802523e-6,-1.857343130457587e-5,-1.8432196035061897e-5,-1.6447789433412412e-5,-6.386855397181031e-6,-2.64483118947895e-6,-1.0241355545706347e-6,-1.2210836907385209e-5,-2.317478599294692e-5,-2.3488597294478647e-5,-1.9184711366793706e-5,-6.944027217002191e-6,7.811676652682885e-7,4.908211084751841e-6,-9.464389262101435e-7,-7.945438825489958e-6,5.940538847296616e-6,2.106689315092488e-7,-3.541455413718067e-6,-7.542701987526342e-6,-2.255240552043199e-5,-2.071123671896111e-5,-1.744746989676381e-5,-6.1849810663077734e-6,-4.091498896286167e-6,-8.862149711698464e-7,9.151262613997549e-6,3.951571552898915e-6,1.023143608435228e-5,1.996462117826476e-5,1.878345877157992e-5,1.991770907476925e-5,2.222954038339641e-5,2.292498703263839e-5,2.461194052171822e-5,1.6733843444252484e-5,2.079156131079641e-5,1.1756729106270715e-5,-3.0746211818311416e-6,-1.2263057545783657e-5,-1.4670885368456003e-5,-1.4594723864097662e-5,-1.6652980247178447e-5,-5.582058977065358e-6,4.187027044792216e-7,-9.614901932612511e-7,-6.290750392691402e-6,-1.4842376524686771e-5,-1.7813384766953996e-5,-1.7479753003068238e-5,-1.8841457328437826e-5,-1.5246932677766649e-5,-1.669130922287846e-5,-1.4191913309298481e-5,-1.4377675676951425e-5,-1.3436365346363647e-5,1.1336888701495768e-6,8.079732355013211e-10,-1.5815284500511628e-6,-3.7724040788200963e-6,-5.564422236553504e-6,-8.730837470820674e-6,-2.716089048354317e-6,-4.320684825174427e-6,-6.155285686066169e-6,-8.756336132045653e-6,-1.3877069601299636e-5,-2.41677589803984e-5,-3.4880368325378286e-5,-3.179532480824682e-5,-3.4766272805279166e-5,-2.872525794881863e-5,-3.932574106123208e-5,-2.4811246087728097e-5,-1.5952751852559265e-5,-4.655832221035928e-6,3.990360922881928e-6,1.8595552927912434e-5,3.0318729939050728e-5,2.779072412311081e-5,1.9830978780400664e-5,1.258762168911509e-5,1.624387068713249e-5,1.208233513324638e-5,9.323525109707055e-6,-3.922167912661962e-6,-1.9052432600058092e-6,-6.872230626781208e-6,2.572838287467783e-7,4.50284942308349e-6,4.318187031744416e-6,-2.4239106693772048e-6,-1.2769386671225637e-5,-2.111510384033877e-5,-1.1123687418301667e-5,-8.885198982977628e-6,-7.678175513878111e-6,-1.4303111513005491e-5,-2.529216135579441e-5,-1.633165581956556e-5,-1.7612777834020602e-5,-1.3317717029152658e-5,-8.444447930838223e-6,-3.474628581823805e-6,5.738133507278591e-6,6.359203187193125e-6,1.635321431464876e-5,2.0805829018734667e-5,2.727920254152843e-5,2.498461586348048e-5,2.1180024535557007e-5,2.821035631823393e-5,2.0260685010838813e-5,2.4249797765402855e-5,2.3560087373831255e-5,1.86911140555722e-5,2.007682983074922e-5,4.622637208555835e-6,-2.463337229284093e-7,-6.218760510429857e-6,1.6708377800746397e-6,-7.703027850220205e-6,-1.0560228665629076e-5,-5.154283649585651e-6,-5.618450498355675e-6,-9.150642446901219e-6,-1.337204698082013e-5,-6.84740166780331e-6,-6.4769482490556244e-6,-1.1612441981220369e-5,-2.31290071683567e-5,-1.5634325541288614e-5,1.7705474008157573e-6,-2.5362198536142593e-6,-6.557562284052228e-6,-1.838541335350408e-5,-1.3022538291211e-5,-2.531997828160726e-5,-2.483432439550859e-5,-3.110378028097155e-5,-2.6803259058960543e-5,-2.1867279218053873e-5
0.0007873521867285849,0.0005598335411126029,0.00042975498697813645,0.00033784964489520054,0.00027474785982309347,0.00021899293022173042,0.0001761037701451257,0.00014430876157645923,0.00011100193648472645,8.783610910092352e-5,6.948624351863877e-5,6.532061612699478e-5,6.496744339747499e-5,6.139442088932364e-5,4.7598237045438793e-5,3.815829683727385e-5,3.241024988825664e-5,2.4187375607237418e-5,2.287692360996584e-5,2.20996608922923e-5,1.2534947647825583e-5,8.777360283946014e-6,1.1513714738579683e-5,9.173884224170403e-6,7.694008153401544e-6,-4.2489472339615525e-6,-7.977159838147175e-6,-1.2153763865871018e-5,-2.0158818759032672e-5,-1.7355769500112314e-5,-1.0355103043395682e-5,4.203216907906851e-6,3.4361153760862257e-6,1.5090911337082333e-5,2.090836071144278e-5,1.9375649500297634e-5,2.5410503524857354e-5,3.583091672886194e-5,3.438234595623521e-5,3.6691370644324895e-5,3.844505630728292e-5,3.893733458774268e-5,2.7656894495649054e-5,2.5396720824661647e-5,2.175339135021287e-5,1.7041744666849236e-5,2.2632507124703e-5,2.1360855077379927e-5,1.4390159278506965e-5,2.3497285229816655e-6,-1.6467651386288933e-5,-2.1447590855351712e-5,-2.926016124759498e-5,-3.676870100028291e-5,-4.588019101231263e-5,-5.623373460896194e-5,-5.703830183957028e-5,-5.606330527917357e-5,-4.599937301871835e-5,-3.487867471832994e-5,-2.78354997821489e-5,-3.0357955195393167e-5,-2.8122356900751838e-5,-3.196567174131838e-5,-3.5501079429723755e-5,-4.388519137054874e-5,-5.103538696540394e-5,-4.72823191655129e-5,-4.0499728935008226e-5,-4.293041225598006e-5,-4.2711202887857595e-5,-3.726004858622264e-5,-2.303661654359686e-5,-1.9399345245090368e-5,-1.6486300600375284e-5,-8.30821631547406e-6,-1.1029952182208208e-5,-8.451707075789596e-6,-1.0521872217934662e-5,-1.5620681410392422e-5,-1.2786568812649054e-5,-1.993209745157228e-5,-2.6395618718189865e-5,-2.3124663180619535e-5,-2.2440797406997544e-5,-2.1107500190642367e-5,-5.21131931887212e-6,-4.411015660617806e-6,-6.064028103879709e-6,-1.0004515964071049e-5,-1.4581382699286806e-5,-1.1485266222884523e-5,-1.9651508864678776e-5,-2.6466223328907173e-5,-2.8420477849172204e-5,-3.2956079532288484e-5,-3.834220672801656e-5,-3.21344312350796e-5,-3.2327122226383844e-5,-3.945332668785934e-5,-3.753891617357145e-5,-4.028670876246139e-5,-4.5476601410905475e-5,-4.499665016892247e-5,-3.7270733275766523e-5,-2.8295952297533953e-5,-2.5304625874141796e-5,-1.110162718440119e-5,-5.922058797480313e-6,-6.701420266292949e-8,5.846509095909059e-6,-1.8899183259560308e-6,1.609464596655914e-6,3.2313956536848324e-6,7.063681263080866e-6,2.598520317633503e-6,1.9018137247457068e-8,1.043700862513324e-5,1.8419695311488803e-5,2.7207114468843406e-5,3.6281573722436835e-5,3.000564848644508e-5,3.145961448793874e-5,3.024486381758891e-5,3.094979230886392e-5,3.48622071352444e-5,3.7102857411672306e-5,3.5806949862509356e-5,3.5531042925048914e-5,2.7449320055246978e-5,2.643091600178052e-5,3.778840043219242e-5,4.524744861037766e-5,3.3852191476878224e-5,3.360100265736376e-5,2.926440497529102e-5,2.748086855312969e-5,2.483344749566099e-5,7.009117946336463e-6,-1.5743881919171286e-5,-2.5089955582529354e-5,-2.7144898629123733e-5,-2.6055715856012475e-5,-2.9648943474041546e-5,-2.751343459952824e-5,-2.8868119900934364e-5,-2.4437276716852503e-5,-2.4988680238920488e-5,-3.1344247443047155e-5,-3.293136910677392e-5,-2.064964812295217e-5,-2.1278480131596067e-5,-2.129668393823015e-5,-1.2126767002349825e-5,-9.680830964213638e-6,-1.21332886710631e-5,-9.39161050978426e-6,1.3096607485448013e-6,3.5923810940488983e-6,3.9211596795346334e-6,6.011092119365245e-6,1.0296497304552796e-5,3.892308648982394e-6,3.579270560850339e-6,-2.0224391437440144e-6,6.4456371281807405e-6,1.684870548252096e-5,2.8706568707070683e-5,3.3411087680285025e-5,4.179859121621209e-5,4.037940778658533e-5,3.209452110029135e-5,2.491780788766525e-5,2.0914150013406516e-5,5.421628129853229e-6,-7.852202860512569e-7,-1.2179115498918889e-5,-1.2005192962894191e-5,-9.52992592383455e-6,-6.4638630457881774e-6,-9.72352683627564e-6,-1.0224021682313482e-5,-1.7230184328336817e-5,-1.5189046593639867e-5,-1.818561615091588e-5,-2.7463028523328628e-5,-2.693361549407294e-5,-3.119818410590352e-5,-2.719820003355457e-5,-2.029910697499031e-5,-1.538697075161548e-5,-1.6304211970466e-5,-1.7714093761138515e-5,-2.243637710201018e-5,-1.5250756368161383e-5,-1.827909424328138e-5,-2.039971304004954e-5,-2.3480752773827226e-5,-1.78610141037708e-5,-2.696764691281871e-5,-2.0365395810774895e-5,-1.5451158077736907e-5,-1.4249283221706601e-5,-1.2361272880198839e-5,-1.0800795639927088e-5,1.5544145147276164e-6,5.671083126145628e-6,1.1161974005401863e-5,1.0696995723799658e-5,9.381188451933641e-6,3.406362732045333e-6,-5.752531894121489e-6,-2.4768851211293712e-6,-3.722487786957741e-6,3.2762920388109015e-6,1.5008010828056812e-7,-3.3684561578741195e-6,5.763062565040497e-6,1.9161792462633843e-6,4.001238696680993e-7,-1.099714457076013e-6,2.573189067078504e-6,1.6568424107162217e-6,2.1941866034450107e-6,7.757620240643068e-6,2.629866231951598e-6,6.898062739847923e-7,-1.2467392304976173e-5,-1.3898428823826403e-5,-1.1832970326552102e-5,-1.183932510473875e-5,-8.954506369889871e-6,-1.8822037229380498e-5,-1.686052703779556e-5,-1.9749720249731225e-5,-1.550119204279417e-5,-3.926871068412223e-6,1.4019060602825305e-5,1.2361877888798402e-5,9.436432199493495e-6,6.204090422063673e-7,1.791967659915734e-6,7.212382809846344e-6,1.1748405816821104e-5,1.3772063475134408e-5,1.3715140619478225e-5,8.031715127010862e-6,6.6976027326643375e-6,1.7985859736008354e-7,-5.78451438564196e-6,-6.886288837685394e-6,-9.979571862537056e-6,-1.842938696877793e-5,-2.0570524399754507e-5,-1.805472491329477e-5,-2.4284745487488343e-5,-2.37124060541883e-5,-2.6663530909306656e-5,-3.0921650144603644e-5,-2.796630138478476e-5,-2.991944791724349e-5,-2.5408430481494172e-5,-2.3517329299281564e-5,-1.399751105581394e-5,-7.596315599977376e-6,1.239238539151722e-6,8.193396112590195e-6,3.0308939403367965e-6,9.715235164266351e-7,3.0525003041008315e-6,7.065352738418925e-6,3.6580029992499403e-6,1.2328846710763495e-5,1.5991801992357093e-5,2.3981509664301468e-5,2.011411761801581e-5,1.6414772359298336e-5,1.6830021212582783e-5,1.6924704768223177e-5,1.1086353557582923e-5,1.5090123312890902e-5,1.3192644558146774e-5,4.7022963249476355e-6,-2.5454083145073826e-6,-1.3018281497293885e-5,-1.7981847348874822e-5,-2.0174187226510747e-5,-1.3662664221125678e-5,-4.393756372427902e-6,1.0864914695082424e-5,1.0342573294953221e-5,7.015364280998288e-6,1.2644712765459631e-5,9.329991764285503e-6,1.0762453050062656e-6,-3.276839830596686e-7,1.5672338645379106e-7,-1.0599602643447975e-5,-1.0818181141602385e-5,-1.1758362561254263e-5,-1.1752625586286702e-5,-1.453638172643019e-5,-2.9649918952931837e-5,-3.7705974159385034e-5,-4.4628286864866836e-5,-3.87895988462632e-5,-3.961060978044292e-5,-3.346393514031164e-5,-3.286208906620181e-5,-2.9860345994917154e-5,-2.9150036488606513e-5,-2.7146227259923158e-5,-2.2955247243926887e-5,-1.5412734296800167e-5,-6.14988465260886e-6,-1.9471791610716487e-6,-7.145604998657479e-6,-4.5397705348837275e-6,-9.264492235474425e-6,-1.3522102579099325e-5,-7.457768182191559e-6,-5.527110931684232e-6,2.1600088388700944e-6,1.0222775139431743e-5,1.5334550183308555e-5,1.7035914548905833e-5,2.6950214520675642e-5,2.28741444930947e-5,2.025131569793069e-5,1.9348445399361082e-5,1.640207201860574e-5,4.596331655289553e-6,2.0833595757948856e-7,1.0846436785651805e-5,7.76467987887183e-6,2.9133929166556535e-6,-2.3507091615756913e-6,-4.514765273949202e-6,1.7425932623625216e-6,-3.9312220565343415e-6,-4.985062415371917e-6,-3.494468231818237e-6,-5.156716123649433e-6,-1.3898969181191161e-5,-2.317851066764267e-5,-2.7726883385162355e-5,-2.8584025642281646e-5,-2.9857973009719815e-5,-3.243267634651247e-5,-3.1761431309550246e-5,-3.014647627015006e-5,-2.0581509000972645e-5,-1.2628943117526458e-5,-1.2929739594286228e-5,-1.1977963599691973e-5,-1.4046927417514049e-5,-1.1437842918643419e-5,-8.206930207693092e-6,6.077457216425965e-7,3.507033504068131e-6,3.674138519760078e-6,6.803726764334488e-6,5.828666352342576e-6,1.4889211831680836e-7,3.4194727519912217e-6,-3.1121571364909725e-7,-2.920844560652237e-6,5.290341885773666e-6,5.532182496075952e-6,9.129579332938738e-6,1.509428785403783e-5,2.109922651600487e-5,1.579122016795625e-5,2.7038633498399718e-5,3.224991975156124e-5,3.005897490215695e-5,2.364536401230659e-5,1.9106828104856663e-5,2.009591593756308e-5,2.2501672197465754e-5,1.8435267513721375e-5,2.3698615725777946e-5,2.845997076377006e-5,3.8460294102219304e-5,4.0973145374385716e-5,4.3024440755298185e-5,4.0076240460539264e-5,3.79060186496722e-5,2.8084324519612325e-5,2.4722533550410743e-5,1.985098999334852e-5,1.621833384834943e-5,1.2116858950502607e-5,7.000119028220085e-6,1.0557230477160205e-5,1.408035058733675e-5,2.3994083542994297e-5,2.6698587808259984e-5,3.115956355474931e-5,3.218909245955114e-5,3.274857037692946e-5,3.654253864729358e-5,3.185384249615678e-5,3.0442975649510334e-5,3.428538347893886e-5,3.8457195633618505e-5,3.364767172333717e-5,3.9987467825416876e-5,3.601953728914195e-5,3.688127587495813e-5,3.8150370907554e-5,1.807642647893581e-5,6.750658216409666e-6,-4.257372989070851e-6,-8.264440625001998e-6,-5.419073001259248e-6,-9.253856622415853e-6,-1.4634423012019694e-5,-1.8136259325126267e-5,-2.356604615836188e-5,-2.5145605443254786e-5,-2.6896932635427953e-5,-1.9705456174036498e-5,-1.0910938117705677e-5,-1.0901662522701898e-5,1.3454492941767048e-6,5.856163773687539e-6,8.776274590042419e-6,2.389005612933528e-6,2.86609802718646e-6,-9.289905872143831e-6,-1.268379214748782e-6,-1.5918661449951934e-6,6.682260418505931e-7,-1.0984497251380789e-6,-7.228788953912178e-6,-8.648484825549822e-6,-9.740107446336266e-6,-1.2660385899189183e-5,-1.9342254217295915e-5,-2.539966401819865e-5,-2.7962476637819126e-5,-1.8609042510409886e-5,-1.1260444125194375e-5,-8.935501189992925e-7,8.438008580740605e-6,8.027988975596178e-6,1.152490320552236e-5,4.5451794280840295e-6,-4.147358348214185e-6,-1.2528002096673713e-5,-1.9017773144017836e-5,-2.7820780757387095e-5,-3.360153765303655e-5,-4.036391327758172e-5,-4.729180482825815e-5,-4.8382356362807284e-5,-4.559022792732876e-5,-3.9969670811844857e-5,-3.53724069595715e-5,-2.952487806536503e-5,-2.8069229317235247e-5,-3.1866574177938576e-5,-3.520096830636855e-5,-2.8318538058033098e-5,-3.0128137186934346e-5,-1.875140166386798e-5,-1.1872264725746343e-5,-1.1427081749328472e-5,-1.0056082007277713e-5,-5.718772538495997e-6,4.283610046218463e-7,-9.283112374532102e-7,-3.200557775112304e-6,-1.0177884332818409e-5,-1.3170097521217888e-5,-2.4031797194074867e-5,-3.26800209403257e-5,-2.7410564711809294e-5,-2.5567269149650065e-5,-2.948383511837168e-5,-3.7063067512906826e-5,-3.614839046644699e-5,-2.5917238252618534e-5,-2.4408895083846757e-5,-1.444401672692609e-5,-1.3128926128724686e-5,-1.9670759416221032e-5,-3.501110783125725e-5,-4.443138678489785e-5,-3.2404583517268904e-5,-2.3170923429721608e-5,-1.7744437775718462e-5,-1.7250992695005552e-7,8.809634543129529e-6,1.1400968853259045e-5,1.7213304325932194e-5,1.4611808785707325e-5,1.0031522126790392e-5,4.338093117504195e-6,-4.849292473050763e-6,-1.043440729020029e-5,-1.0779443860596201e-5,-1.2155168197904834e-5,-9.828590121346804e-6,-4.321557751632886e-6,3.2575710086742795e-6,3.5845297808830524e-7,1.060099997487068e-5,2.0742507545591342e-5,2.4160830759276193e-5,2.7449967637173043e-5,2.789364190618232e-5,2.1804369582805735e-5,1.2125271175583389e-5,1.5789197376559074e-5,1.581224082007605e-5,1.3620524167336158e-5,4.789844031207799e-6,2.0289809730551565e-6,4.828588013342891e-6,6.92423866080188e-7,-7.993617335777773e-6,-1.3268467281292435e-5,-1.3740239497084984e-5,-1.8230156478209804e-5,-2.661805024676731e-5,-1.7427946441639827e-5,-2.2889648252757352e-5,-2.8351111107989657e-5,-2.917953842878509e-5,-1.6953607129304315e-5,-1.0826891807375388e-5,-7.848719492880132e-6,-1.0329046508487666e-5,-4.180682444130855e-6,-4.144470764813799e-6,-6.484419342033991e-6,-4.634902512912494e-6,1.5080548379849934e-6,2.372956999751583e-6,2.4044971803462327e-6,1.2445543457514175e-6,4.2396270374529184e-6,2.19691371015013e-6,1.8887166908748243e-6,-4.572049739035946e-7,-7.989565602967647e-6,-1.4339078945993893e-5,-2.009517435416185e-5,-1.9676725567126806e-5,-1.4665057988989415e-5,-3.6370551323869354e-6,-7.721818710511152e-6,-7.997611553057082e-7,-5.1992961031713695e-6,-1.549359852398818e-5,-5.746855363584025e-6,3.457523507464013e-6,8.625914925836385e-6,1.0655804771819757e-5,6.592465956600814e-6,9.850838928527764e-6,1.1232170937226086e-5,2.395932161584084e-5,3.0622708555487266e-5,3.456900480881463e-5,2.0774541162265212e-5,1.1075755867032918e-5,2.22159709594343e-6,-5.237438537874728e-6,-9.029629935795603e-6,-1.6132370856378973e-5,-1.8130279310103652e-5,-2.2677739234164337e-5,-2.9913198548118393e-5,-2.8580019240580192e-5,-2.1073849492522376e-5,-2.1472871374327786e-5,-1.3929497678008657e-5,-3.869974472812434e-6,-2.2897119778265077e-6,8.565018968004657e-6,1.3855311080194121e-5,1.4717056886038679e-5,2.7151802737689507e-5,2.7472067796090428e-5,2.2415576717373196e-5,2.6649511391217792e-5,3.792048720129219e-5,4.5054415510877034e-5,4.368409080590594e-5,3.602641769939465e-5,3.2833397213174125e-5,2.5653046932744576e-5,2.8480702130418807e-5,2.179023127383994e-5,1.9356045695071393e-5,3.0175930578903403e-5,3.286730319805932e-5,3.301543924225148e-5,3.329739198549107e-5,3.3790747757118194e-5,4.320783285853489e-5,4.865344017410162e-5,3.926924439167815e-5,3.940680571497762e-5,3.612039203105711e-5,2.604751812294475e-5,1.398183472621749e-5,1.244097817659623e-5,1.017290953954247e-5,4.355971617144803e-6,1.1118208769649965e-5,1.0933772970218833e-5,1.6624525075355026e-6,-3.443225530752724e-6,-3.918219074455461e-6,-3.186679669551069e-6,-1.6857624593395584e-5,-1.8415738813726654e-5,-9.420211312616481e-6,-1.5597656638112898e-6,3.2506074802492465e-6,1.0472392223117487e-5,1.0562473689340768e-5,8.868215197961934e-6,9.218728338066008e-6,1.0074303630082414e-6,3.3696950222061785e-6,-2.5709178411313486e-6,-9.337819910074473e-6,-2.1415551724227656e-5,-2.9796180495736552e-5,-3.775706190949792e-5,-4.4328697640574406e-5,-4.3213208812453495e-5,-4.371562389012973e-5,-3.144254495394469e-5,-3.234969847025658e-5,-1.9130580733677677e-5,-1.6909539005919383e-5,-1.0160020583141041e-5,-2.485847462503602e-6,-7.750297494550467e-6,-7.698790056158126e-6,-1.0527664352744168e-5,-1.4796726959577827e-5,-1.4991141831302536e-5,-1.6973018548117413e-5,-1.0518001235876014e-5,-1.9009976026402746e-6,8.086557664558124e-6,1.640687005340638e-6,-2.329942875498953e-6,-1.7314974049257271e-6,-3.353382386797573e-6,-8.083409002084686e-6,-2.1469009586827087e-5,-2.3860523781554342e-5,-1.6932312467734348e-5,-1.2896386316074245e-5,-1.3899765394235713e-6,2.512311115484121e-6,-2.7915808536399944e-6,-1.6368820979774062e-5,-2.7851662684670215e-5,-2.9291970479689115e-5,-2.9649315710964818e-5,-3.171326129647879e-5,-4.62182486703255e-5,-5.2498579797643474e-5,-5.459438385193782e-5,-5.7308921621487135e-5,-4.677662935088777e-5,-4.3075883053742417e-5,-3.5238590672690125e-5,-3.338217634036794e-5,-3.075351741029054e-5,-3.0272535770837358e-5,-2.982869972171621e-5,-1.5943487066134027e-5,-1.210212916879605e-6,5.918419409455362e-6,6.2518199176112615e-6,9.261991590476001e-6,1.1262795282827142e-5,9.38248643605038e-6,7.039602690374381e-6,-6.883056468825399e-7,1.3155509938670995e-5,1.3858621986170036e-5,1.0925826114453893e-5,-4.047767294561006e-6,-1.3173572123973889e-5,-2.2659348696851884e-5,-2.859395036346946e-5,-2.333748970414118e-5,-1.672895907911433e-5,-1.358793557517162e-5,-8.502026605826086e-6,-9.350733681070104e-6,-1.756245232951191e-5,-1.0652312157081024e-5,-1.2740164918580459e-5,-5.650918186403806e-6,-1.683410112514165e-5,-1.8434061471914286e-5,-1.6654546418491146e-5,-1.416410016426074e-5,-9.788559566685597e-6,-1.5576968222509856e-5,-2.697759430370401e-5,-4.072800134758713e-5,-4.551682385048494e-5,-4.435784734151409e-5,-3.369098128923486e-5,-2.05487315398466e-5,-1.7602510115137595e-5,-2.4646517533884523e-5,-2.1512762545581542e-5,-9.69746792825597e-6,-1.0075626523498557e-5,6.537582641292698e-6,8.733093239926208e-6,3.997288949657599e-6,6.3615960292888654e-6,1.5153860032082545e-5,1.1323023746247786e-6,1.8400600349132765e-6,-8.513914327436876e-8,-3.476203361145136e-6,1.6215632808263584e-6,-3.7341284921967865e-6,-1.0375705548264593e-5,-1.4317402046343719e-5,-1.2060825961774707e-5,-1.34666494126299e-5,-8.243910424049555e-6,5.493363690928904e-6,1.0866272736311782e-5,1.57637576718125e-5,6.710648306899624e-6,4.8066524761690035e-6,-2.9823105552753984e-6,-1.3809079944452296e-5,-2.085834670540777e-5,-2.0168175869097294e-5,-2.0342773561418225e-5,-1.0625375100101188e-5,-3.823238720549286e-6,-1.363618792989173e-5,-8.523295815143358e-6,-1.0374529470846997e-5,-9.416629018505252e-6,-8.341146289045377e-6,-8.495379998309372e-6,-1.1230504370994022e-5,-6.2520561211901566e-6,-4.349827063043385e-6,1.5987553019406843e-5,2.249437108472102e-5,2.3357857564085773e-5,2.8069700225422616e-5,3.491162489790897e-5,3.587407433506149e-5,4.223598966882681e-5,4.430577966830633e-5,3.964316156894148e-5,4.095480249316863e-5,3.645047188000058e-5,3.5123779552386214e-5,3.0874134594273806e-5,2.1827459188583058e-5,2.3116204631518568e-5,2.2656832513432552e-5,1.812717858684889e-5,1.7792596298409316e-5,2.4638998144654095e-5,2.3864391352289453e-5,2.7223715210087152e-5,2.908240967458288e-5,2.374019809735839e-5,3.9589860548751083e-5,3.5852275128676076e-5,4.0506847425814676e-5,4.047726498643352e-5,3.4704697485558586e-5,3.260178906264012e-5,2.5923917901799774e-5,2.5179776330727416e-5,2.2511555829542405e-5,1.9492739231510073e-5,7.389230453383825e-6,-4.522902862659269e-6,-1.610794128840484e-9,8.381509973820973e-6,1.1826150190295628e-5,1.3604885548929012e-5,1.7650721889997438e-5,1.3619689336851406e-5,9.153735603970373e-6,2.0058022777738184e-6,2.2877578783453428e-6,5.924972663327041e-6,-1.1847889979302381e-6,-9.874360670404743e-6,-7.355915025284966e-6,-4.2466035974199254e-6,-2.6087176690696174e-6,3.6288624518492407e-6,1.0222618287690731e-5,9.9852728938365e-6,2.2766325135383314e-6,3.292763294099573e-6,5.9785384284861085e-6,8.254189228836645e-6,1.0276630011633546e-5,1.3023065081946714e-5,1.286830043311616e-5,1.777354723160377e-5,1.783796982917429e-5,1.1987175310435172e-5,9.317701426721463e-6,3.122628885709147e-6,-1.6303131901045953e-6,-4.671230873486751e-6,-3.29459022964737e-6,8.334085505924281e-7,9.318645389473064e-7,-3.204329844890378e-6,-1.1324945477404016e-5,-7.365253311953773e-6,-1.0434338192333827e-5,-4.790122637518866e-6,7.462947753688197e-7,6.482961887267315e-6,3.039203379282085e-6,-6.7317422349700145e-6,-1.389140231372226e-5,-1.792008842693633e-5,-9.468425740452007e-6,-1.2631807953505e-5,-1.1367365526641518e-5,-1.7103525499035066e-5,-3.566769368683231e-5,-3.3742970265685955e-5,-2.7719705814341994e-5,-3.107315413204728e-5,-2.9355342808372146e-5,-2.505111094409315e-5,-1.6199126076667574e-5,-1.6896180703794712e-6,1.0433868511945193e-5,1.995665702255976e-5,2.1925611634182193e-5,9.424671089586555e-6,6.320466693268386e-6,3.7172515204838615e-6,-1.7525949239338698e-6,-6.8090417820327875e-6,-1.4700253516869263e-5,-2.2998846292319042e-5,-2.512959037203165e-5,-2.9364893285020974e-5,-3.162033172540565e-5,-4.152110890934027e-5,-4.0314101921214016e-5,-3.828337923170797e-5,-3.0583856551202675e-5,-2.1914055986229616e-5,-1.2186637292723352e-5,-8.808009145374067e-6,-6.924373941689263e-6,-8.077912924124633e-6,-8.74555786824008e-6,-1.006654922398051e-5,-1.798087589728824e-5,-2.1553519669993058e-5,-1.9076345537457806e-5,-3.272791081182935e-5,-3.539007983962162e-5,-3.8282300803578556e-5,-3.2360130368925726e-5,-2.558445697935723e-5,-2.2500827931474638e-5,-8.034647810053343e-6,3.2344666766934294e-6,9.710344500423717e-6,1.4969530111672269e-6,7.304993398546124e-6,1.2103116622348491e-5,9.198828001599004e-6,2.177676741967876e-6,1.3296836738929066e-7,9.267272552456471e-6,1.071393098557935e-5,1.900830168231845e-5,2.0567757792457546e-5,1.4391367830796578e-5,2.071641889988034e-5,2.91244333904985e-5,3.588985682292873e-5,4.491212844367444e-5,4.390027092645476e-5,4.1856394580987994e-5,3.6716394657693094e-5,1.6513109370653487e-5,6.917822355444568e-7,-1.1115056435928325e-6,1.4991228346034242e-6,-5.881292118158657e-7,-2.3088710620508227e-6,-9.482282292600916e-6,-1.7470090219744124e-5,-1.951594484619549e-5,-1.2365097409520694e-5,-8.948547576734349e-6,-5.805154243416198e-6,7.349576812987369e-7,-1.9273501048099556e-6,9.37312688495523e-6,1.3172118237039368e-5,2.122223757561224e-5,2.51572521699254e-5,2.6906085574156447e-5,1.791617429365635e-5,1.4008799767066931e-5,8.540365407413372e-6,8.093201376931888e-7,-8.032080987643131e-6,-6.127850064407175e-6,2.40367814714441e-6,-3.028891956361849e-7,-3.665964876593586e-6,-1.7085821338566432e-8,8.975252503686872e-6,1.6089548522376745e-5,1.8907056619367584e-5,2.6461129307079953e-5,1.6306477408014206e-5,1.3283790355905568e-5,8.781896214631351e-6,1.0656952810985265e-5,7.782168419687613e-6,-5.279841530915589e-6,-8.638074561689753e-6,-9.533715084426797e-6,-4.9567086209289485e-6,4.593466358457614e-6,1.7047363639626797e-5,1.776900438738237e-5,7.452633265146566e-6,-3.6185175851868173e-6,-8.237659837987308e-7,2.4629067804164367e-6,1.1447400703591648e-5,7.884649910808048e-6,-3.846466214665942e-7,-5.3651072305723595e-6,-1.1477220302880172e-5,-7.275386180866835e-6,-1.5095066961488678e-6,-1.3353061825429199e-6,-2.8278377060998174e-6,-1.623872576176707e-5,-2.4739026981856404e-5,-3.556674924944693e-5,-3.897289648031825e-5,-2.624171924898644e-5,-1.4208613682888134e-5,-8.507084905635667e-6,1.266355958847883e-6,1.3599142412430384e-5,1.497439528433418e-5,1.7135175215922122e-5,2.3612192639728347e-5,1.757745102999951e-5,1.7412777686196092e-5,1.825581347291788e-5,2.7223880319939537e-5,3.619361054254268e-5,2.2414563520365986e-5,2.327617815149492e-5,3.0662712122308894e-5,3.5129116535125986e-5,4.024109118351039e-5,3.3394105354697947e-5,2.907378252351713e-5,2.865844404216619e-5,2.8776618187248584e-5,2.9088673029318827e-5,1.637690554305239e-5,1.1883635827450518e-5,1.951906113972408e-6,-8.642203185530578e-7,-9.570617314505081e-6,-1.2884643670054728e-5,-1.6355214899508655e-5,-2.184392051308978e-5,-3.137617231985626e-5
0.0008807591423324279,0.0006670747383308002,0.0005434638906413553,0.00044866010291274514,0.00037980771875270125,0.0003150826625992467,0.00026798974797824596,0.00023013317672015827,0.00019061621320289073,0.0001552525898792399,0.00012953469046246812,0.0001057582322917754,9.341213880696488e-5,8.231951260581597e-5,7.49399986202582e-5,6.719033015705001e-5,6.279821121745792e-5,5.4429845251749564e-5,5.290526069013204e-5,4.988005797568118e-5,4.367109570279496e-5,4.824574553933601e-5,4.667794017394716e-5,3.8237043231519425e-5,2.0423103951305782e-5,4.868249153499319e-6,1.0557949326746981e-5,1.54441504130181e-5,8.791207209759263e-6,3.1710194051092226e-6,5.569451496491512e-6,6.790520690354774e-6,8.31117514958648e-6,1.3194542550180495e-5,1.4164205749345728e-5,1.0169608018920773e-5,7.1216319879178566e-6,7.3160777928221785e-6,1.4826816285040013e-5,1.4452008235191188e-5,1.809699673064745e-5,1.8563143049305208e-5,1.8561074672930593e-5,1.1446129212172082e-5,3.858416946776507e-6,1.763635413940639e-6,-4.797941661371514e-6,-1.1033124703988273e-5,-1.30978903109938e-5,-1.5465389910948145e-5,-1.9123859496841195e-5,-2.509767267099682e-5,-3.2750511963921144e-5,-3.480668495644164e-5,-3.6844211574604795e-5,-4.1102177733888466e-5,-4.835480095867678e-5,-4.9861581197868074e-5,-4.712261587890028e-5,-3.63595173416767e-5,-2.017485499086358e-5,-7.976792775542375e-6,-2.6746108337641415e-6,-1.0801590200693377e-6,-3.914071798262287e-6,-6.81773197727442e-6,-2.327141237265395e-6,2.7340040533131135e-6,4.533222761232998e-6,1.4604161313178196e-5,8.942840991043413e-6,1.7147304004074614e-6,-5.287515202080894e-7,-1.7346206805469892e-6,-4.227687384380052e-6,-1.0864209332492354e-5,-4.8864472176798795e-6,-5.4514190352725664e-6,-5.564651581940984e-6,-1.0749395707456062e-5,-1.5027321001943332e-5,-1.623956371144704e-5,-2.2399791275035813e-5,-2.332262889839617e-5,-2.2457762016515208e-5,-2.6359047933262553e-5,-2.2550002124712447e-5,-2.150022815990161e-5,-1.899526484094832e-5,-1.6475761909955778e-5,-1.4296165537995522e-5,-1.856029108915435e-5,-2.084090059434405e-5,-2.0161041586857736e-5,-2.5959022373746678e-5,-2.4295153159169138e-5,-2.6678439165206324e-5,-1.7651410584659775e-5,-4.85758236280181e-6,1.7507765273074983e-6,-7.914041399391684e-6,-7.111592817091409e-6,-1.1087499607118301e-5,-4.764410033256487e-6,-3.109613437132908e-6,3.5209396144236558e-6,1.1729248331817635e-5,8.419955250564481e-6,8.323593101972796e-6,7.222902791700066e-6,3.035695406593177e-7,6.489797604978165e-7,-3.6350506947191295e-6,-1.8834631859306042e-6,-5.808459033753663e-6,-1.3539561841368367e-5,-2.2252586947458044e-5,-3.044929663748017e-5,-3.496568804834331e-5,-3.040160273247376e-5,-3.083805710088914e-5,-2.804019662729442e-5,-3.2328377919404504e-5,-3.0728251435411745e-5,-2.253849578061795e-5,-1.4165610016847165e-5,-3.1743372656446266e-6,6.940958666287315e-6,1.6533075108835522e-5,2.6645577152967182e-5,2.854297785537129e-5,2.0209584410998665e-5,1.8208943975060777e-5,5.058683438485995e-6,2.2650033976131174e-6,5.289765698564956e-6,1.286509580789138e-5,1.8866437368074827e-5,2.2941454887518433e-5,1.9124754874342212e-5,1.857051887848208e-5,1.2784992042476475e-5,9.018205659892727e-6,1.4929432070631202e-5,1.816701752930859e-5,1.957154668876056e-5,2.1915260977000514e-5,2.4950572398456385e-5,2.2253282647271353e-5,2.9087510871994012e-5,2.668198610100595e-5,2.1525338336497526e-5,1.2447044614489765e-5,5.083423335965768e-6,-5.996880011066229e-6,-1.7583107933534625e-5,-3.580038668155147e-5,-4.002181642741398e-5,-3.983245944076951e-5,-3.4852352718415853e-5,-3.7319262755226105e-5,-3.2608029369728184e-5,-2.9491874065125697e-5,-3.2292763884832046e-5,-2.9836288897715355e-5,-2.0920783762578756e-5,-2.2568502356358112e-5,-2.4393436711169003e-5,-3.15428720317501e-5,-3.386546900231418e-5,-2.520051876348116e-5,-1.821536908636809e-5,-8.392055974818974e-6,-7.044671915401918e-6,-7.876899245793123e-6,-9.933927205027456e-6,-1.989832177024236e-5,-3.0894120623537295e-5,-3.117937065121105e-5,-2.5219925518434566e-5,-2.335876004217178e-5,-1.4911984867574999e-5,-4.3705005078823036e-6,-4.046457155063584e-6,-1.0532308456522536e-5,2.586451737295663e-6,8.108290509914889e-6,1.2879684897190894e-5,8.42062524639977e-6,8.615331034459596e-6,4.890298650507495e-6,7.764529800736018e-6,-2.246685666515214e-6,-4.842565834458368e-6,-1.1363259851482092e-5,-1.3686354329766636e-5,-1.5187569901854648e-5,-2.279933046456207e-5,-2.2243963209651776e-5,-2.1522049600443542e-5,-1.5319131626552912e-5,-8.762111110567631e-6,1.7190940915105727e-6,1.2547034602177313e-5,1.7489441384694956e-5,2.4818005770831592e-5,2.624368772850471e-5,3.741403704062844e-5,4.6486584945406296e-5,4.129277872832895e-5,3.578997722085241e-5,4.0175067724596046e-5,4.636483874131146e-5,4.011285578220108e-5,3.699711650618841e-5,2.0395755238019598e-5,9.622306635660408e-6,1.8638069692205492e-6,-1.7454468578168014e-6,-1.4500792097497452e-6,-1.0499281064084293e-5,-1.9222219391080156e-5,-2.0212250476067613e-5,-2.470696961349028e-5,-3.1174243760689595e-5,-3.114677859968351e-5,-3.770977308981843e-5,-3.399665023878795e-5,-3.089747725322649e-5,-3.093460945501057e-5,-2.8893573967183815e-5,-2.8208913536454703e-5,-2.2996431238409566e-5,-1.869798304574055e-5,-1.3849191817936212e-5,-4.990927227053871e-6,-8.906907590556143e-6,-1.228247885168263e-5,-1.3819215159737611e-5,-1.674141971310226e-5,-1.4540217002411198e-5,-6.278320861771518e-6,5.853195283430952e-7,4.156485507737284e-6,6.671306487324663e-7,-9.784840973452185e-6,-2.0911101689944236e-5,-2.6614565774419905e-5,-2.3386877096755135e-5,-1.943277214843632e-5,-1.423398711121644e-5,-6.573570773887337e-6,-7.561554488884762e-6,-1.1958173583526364e-5,-7.822712128621079e-6,2.727887289341335e-6,7.013485461860305e-6,1.1551029253797967e-5,1.0475621258865323e-5,7.534720597931686e-6,9.246503540438374e-6,-1.7942177609831865e-6,-6.076397918834896e-6,-3.7612552679716602e-6,-5.739351151522118e-6,-1.798723042691346e-5,-2.6338900074355608e-5,-3.32994306207212e-5,-3.0147038711029314e-5,-2.0943228755282504e-5,-1.3470060630004211e-5,-1.2313261176103823e-5,-1.7411225414897533e-5,-1.8098133307480504e-5,-3.0903932967839525e-5,-3.5753767577626786e-5,-4.1614183049997874e-5,-4.7594718223492356e-5,-4.4274813085021665e-5,-3.764211545729241e-5,-2.8757176664080147e-5,-2.044259086852481e-5,-1.9269863544868047e-5,-1.92586816335301e-5,-2.479773211613424e-5,-2.4903915164641414e-5,-2.3133520758996164e-5,-2.700491108538259e-5,-2.8496276123873484e-5,-3.3898742870248504e-5,-3.4039627661554964e-5,-4.261690578440956e-5,-4.566680805974978e-5,-5.190179375622819e-5,-5.438283484599718e-5,-6.179936163285773e-5,-5.562895328744704e-5,-5.5422384284444454e-5,-5.707698275284254e-5,-5.8313560515004754e-5,-5.547690428891666e-5,-4.6927745985233363e-5,-3.792654680246121e-5,-2.8654910251073298e-5,-1.9013961310075683e-5,-1.9043836965965535e-5,-1.0932963089598853e-5,-7.985717020228428e-6,-1.3649939475577661e-5,-9.637423105412806e-6,2.2470346294996037e-6,1.7708157666537534e-5,1.5800445864249287e-5,9.53263591377216e-6,9.736971126478368e-7,-1.0586333924400833e-5,-1.3143527526047961e-5,-1.4812144122713894e-5,-1.0960739550028723e-5,-7.595060676533653e-6,-1.0780707767989895e-5,-1.7459271820144213e-5,-2.1441811370198635e-5,-1.0600724660387224e-5,-1.4569889760722212e-5,-2.3555153018699895e-5,-3.514719540424897e-5,-4.0729714617702784e-5,-4.540895020094134e-5,-5.194270998979834e-5,-5.8392941642174465e-5,-5.6846485050235035e-5,-5.6236377827796524e-5,-5.4390853031868435e-5,-3.9066116907549744e-5,-3.57927600191114e-5,-2.97767014517515e-5,-6.314884215082544e-6,2.347433600556788e-6,-3.461415073086142e-6,-3.864707950870356e-6,1.675776598769183e-6,-1.613917666926607e-6,1.1482661799169395e-6,5.633976756994122e-6,6.839180625796743e-6,-1.0040180735983005e-6,4.90575081250207e-6,1.4171338951889112e-5,2.955013908842356e-5,2.6612020740526076e-5,2.2849232900556e-5,2.870029370147172e-5,2.1967250043426948e-5,2.1927763490962566e-5,2.5063693556854184e-5,2.58295451782738e-5,2.4348501154352783e-5,2.873414666605446e-5,2.43608228155388e-5,1.74603077077805e-5,1.5180562061381102e-5,1.108186847738725e-5,4.71764163107288e-6,-5.134879642486443e-6,-1.4348515248444748e-5,-1.4690491183832428e-5,-1.1425676124999282e-5,-3.602327594420623e-6,1.1275330212139553e-5,2.569887299802069e-5,3.496853267390437e-5,3.7379098832166113e-5,2.811838416345018e-5,1.413499201785753e-5,-8.634146601974293e-6,-1.2692779243720955e-5,-1.3383112329549686e-5,-1.7482632382329702e-5,-1.3711681270748126e-5,-1.595464158115024e-5,-1.609126198948825e-5,-1.707940616787883e-5,-1.8788809930846048e-5,-8.729875090068643e-6,-5.997735379314968e-6,-4.438105489076408e-6,-8.333807758550426e-6,-1.3551001901438186e-5,-1.3150541391729932e-5,-1.2258957168346693e-5,-1.3621885934692809e-5,-2.0312282058349958e-5,-2.3800329634427345e-5,-1.4081385962630767e-5,-2.0195056835393866e-5,-2.3987816171148365e-5,-1.4155541307910568e-5,-1.339762534649163e-5,-1.9350518000152103e-5,-1.6207012881367454e-5,-1.9268810100630535e-5,-2.670933019280941e-5,-3.2463714543226045e-5,-3.909078258960949e-5,-4.0397059983741816e-5,-4.1805522803015726e-5,-4.173195966663765e-5,-3.769395120251977e-5,-3.311832592251342e-5,-2.068350935757834e-5,-2.0714653754095132e-5,-2.480700655973232e-5,-3.089300672051316e-5,-3.297490778283608e-5,-2.3997982852357177e-5,-1.4200561837140498e-5,-1.5029440258972275e-5,-1.4981007681991791e-5,-8.957918959984635e-6,-1.67734994237446e-5,-1.9006241672508148e-5,-2.5224955198326812e-5,-2.671726782292332e-5,-2.3839861694400932e-5,-2.0937190753945994e-5,-2.2461808173178503e-5,-2.2950368634030726e-5,-2.0407509574861904e-5,-1.718714099015297e-5,-1.1640368423791694e-5,-1.127899129254535e-5,-5.3663712168459595e-6,1.6827904361447847e-6,4.235715119377121e-6,-3.2893044386940188e-6,-4.933298003494954e-6,-9.167073432301583e-6,-1.2565970991142008e-5,-8.580426634615368e-6,3.96446775549214e-7,1.4953162544107534e-6,6.221852873461797e-6,-1.2241656908870668e-6,-2.0663556130867646e-6,2.8020491610338825e-6,1.0167461683427323e-5,2.820598337524266e-5,4.794132705957177e-5,4.241525832726722e-5,3.892052324586645e-5,4.626409166855203e-5,4.900578090532219e-5,3.870383442355185e-5,2.8430815221536016e-5,2.7419317777644317e-5,2.7727960557935076e-5,2.5155478830233316e-5,2.9098698748266826e-5,3.522653474400166e-5,4.0530997497767626e-5,4.435164509147077e-5,3.9094995081916506e-5,3.68279769251272e-5,3.161286884653757e-5,2.3201948677156885e-5,2.6624128378919513e-5,2.1985117966932003e-5,2.565946691644733e-5,3.2307985559685784e-5,3.3259515583019456e-5,3.828652766534334e-5,3.835405434803013e-5,2.9890576093809938e-5,2.775814305564545e-5,2.101481899236294e-5,8.800354669370232e-6,3.5825573276240796e-6,4.3799032486284765e-6,-4.7030419624980277e-7,-1.4857589623196e-5,-1.3678631029202936e-5,-1.691814221862927e-5,-2.0118097203140193e-5,-2.477537974698438e-5,-2.5789633045624062e-5,-2.7072692843979252e-5,-2.27294482727049e-5,-1.683582760399779e-5,-1.8448164416803875e-5,-2.594320097581836e-5,-3.41015695627401e-5,-3.454467060321955e-5,-2.8929748260954706e-5,-3.437311051579863e-5,-3.203930887865041e-5,-2.3387572589545888e-5,-1.7625041624813485e-5,-1.2212107875652122e-5,1.0440840958648048e-7,1.525719140213938e-5,1.684001941610888e-5,1.445882476867492e-5,1.2115935471942514e-5,7.198273757125862e-6,5.376994609186637e-7,-2.4507642963037794e-6,-4.4760875773185364e-6,-9.36232481147264e-7,4.1081483625268735e-6,2.3870241962092094e-6,-1.6038299132490963e-6,-1.2893837517995291e-6,2.869452214183609e-6,4.355175868447169e-6,1.0285807869424722e-5,1.3228814799241335e-5,1.0067762123264332e-5,5.341873311707551e-6,4.204017723764091e-6,5.5760341296513185e-6,9.671798489109962e-6,1.3616152733317113e-5,1.051483840177035e-5,1.1682886372676497e-5,9.976199710889386e-6,9.06562747072471e-6,2.324641545377188e-6,1.4091525827901404e-6,5.655981558047079e-7,-1.8567046674968725e-7,4.2905464706063384e-6,-4.14287503453623e-6,-1.8380874685117802e-6,-1.4659240433251316e-6,-3.3995727218437457e-6,-4.059636737211635e-6,-1.1600581343232163e-5,-5.340462583299446e-6,-1.5518027147220255e-5,-1.4284128910066352e-5,-2.1169727364376185e-5,-2.329895860890613e-5,-2.306745301720508e-5,-2.6458391717147956e-5,-3.180290726396423e-5,-4.104222235671563e-5,-4.337305907237758e-5,-3.500490214508998e-5,-3.4180238030330053e-5,-3.931968192064514e-5,-2.3466823400364827e-5,-1.649291881649057e-5,-6.637599190902869e-6,-3.5541862517819745e-6,7.102159238915778e-6,7.3877982927764725e-6,1.3495975791237954e-5,9.349996275311555e-6,1.4814018363096709e-5,2.1489473585400913e-5,3.553296479738679e-5,4.0806732839208326e-5,4.5457760675003904e-5,4.855596167644597e-5,4.737060756829488e-5,3.8951548876299155e-5,4.3947697442182374e-5,3.801657285481974e-5,4.2491639817182623e-5,4.013506671260274e-5,3.429893484615739e-5,3.637023322468625e-5,2.7873158435943583e-5,1.9686339853688273e-5,1.9792907103576233e-5,2.4608278636853898e-5,2.8225404144781228e-5,2.328009445189723e-5,1.8744813284649928e-5,1.7639494475448385e-5,2.0443257202766633e-5,3.106052791086922e-5,3.1702920532332823e-5,3.4807867911733165e-5,3.96953279991176e-5,2.963942519978864e-5,2.3379138187905337e-5,2.1259051955571065e-5,2.6938116245891187e-5,2.9302557106850325e-5,3.4704703377832905e-5,3.228394015476451e-5,3.589743049155103e-5,3.7463473200421166e-5,4.342618151918926e-5,4.353458287168714e-5,4.404932651218829e-5,5.1649723649602e-5,5.00321924693636e-5,4.821104459537745e-5,4.9261645433800964e-5,4.15293060784055e-5,3.5761430679784735e-5,3.8438447607370514e-5,4.613519797786074e-5,4.86151593290682e-5,3.84633146922806e-5,3.0324400448284937e-5,2.5728744022838997e-5,1.731266683337398e-5,1.7923127788990623e-5,2.2914019363527737e-5,2.9761358225133386e-5,2.3765702000582685e-5,1.8457968339121727e-5,1.0978047587781247e-5,1.2169621627977874e-6,-4.277996647535379e-6,-5.458569721331148e-6,-6.063219376887948e-6,-7.406671703359925e-6,-4.124840434545297e-6,-1.2360028877286668e-6,5.848296732641232e-6,-5.119597293627855e-7,4.889971345714365e-6,1.3844650081484283e-5,1.9959140677575942e-5,2.014796938366702e-5,2.0737361893673586e-5,2.225967143191974e-5,2.740598449993041e-5,2.9497997774035434e-5,2.3842531797688676e-5,1.4136970872159568e-5,6.592347291682785e-6,6.76101651510444e-6,7.927113888128873e-6,3.0593677270166974e-6,3.663908778983405e-6,1.2284168090373327e-5,1.4014043497533946e-5,1.4897095314853559e-5,2.465392380190644e-6,-6.510486454315401e-6,-3.0720281726987e-6,1.8839908234892794e-6,7.829435529839636e-6,4.410966300295469e-6,7.929220067226764e-6,7.441899358730783e-6,8.112466006666513e-6,1.2399037101855535e-6,1.4541146478523116e-5,2.0044008681011435e-5,1.2125388063641763e-5,-4.692593287318984e-6,-1.0651135781432623e-5,-3.888305476960337e-6,4.374132010187784e-6,1.550484946095904e-5,1.598214452591487e-5,6.305973985836821e-6,-1.5433424654433147e-6,-4.154354789162061e-6,-5.750920873706193e-6,-2.7181707895118373e-6,-1.89974798870659e-6,-4.447317682745948e-6,1.750406945162134e-7,1.0125724757505246e-6,1.681569391750273e-6,1.7432144825677417e-6,1.3124206667866524e-5,1.4866313037097323e-5,1.4555565194036049e-5,1.0008118799002892e-5,1.3938947589636316e-5,8.819366576950757e-6,6.528141168968836e-6,3.3220951195450844e-6,1.6079373151612156e-6,9.817964926632795e-6,1.4591403309737128e-6,-1.2694014232146561e-5,-1.7412499644636383e-5,-1.316521951444319e-5,-7.1494778639889454e-6,-3.160152651731614e-6,-6.0722954635186675e-6,-1.1822861559349696e-5,-1.5641577768382665e-5,-1.273008526333157e-5,-1.2669448157750055e-5,-1.2095383090711623e-5,-1.0974093464957677e-5,-1.3771633909262734e-5,-1.6922532637801894e-5,-1.8497681830038107e-5,-1.2702429435130381e-5,-3.464322353931331e-6,-1.8305479232642277e-6,-1.4023934899225138e-7,4.776398488658807e-6,3.5848339117084036e-6,-7.30378816643543e-8,3.1141380293400458e-6,1.1558627012411188e-5,1.57853901339372e-5,2.4492544559198175e-5,2.9665924556046104e-5,2.7897967082936732e-5,3.1959414363721093e-5,3.337789804144198e-5,2.3672065374937864e-5,2.0861774842776962e-5,1.1275934420697942e-5,1.1841174149930246e-5,1.2061106790452507e-5,1.9336862433950714e-5,3.181523508890544e-5,3.905377432172616e-5,3.676304254329096e-5,3.003696149607968e-5,2.389414877182994e-5,1.7906911172828785e-5,7.969387049163484e-6,-2.1847950199824626e-6,-7.399410836870018e-6,-1.8198757015441778e-5,-2.8283786955172255e-5,-3.89551524332716e-5,-5.606777632694003e-5,-5.411099559512508e-5,-5.232571695994362e-5,-5.34315966792061e-5,-6.118119807924254e-5,-4.834437426467648e-5,-4.3245946756086354e-5,-3.900717417953667e-5,-4.049622472870789e-5,-3.885819931333986e-5,-3.987964534652479e-5,-4.2014231565240915e-5,-4.881488902973123e-5,-5.916357328036547e-5,-6.901631699365854e-5,-6.290871291060456e-5,-6.846029273723684e-5,-7.414728024672491e-5,-7.425343864454467e-5,-6.89155505685506e-5,-6.295764115724737e-5,-5.527153317163589e-5,-5.460077329369888e-5,-4.0548537171809243e-5,-3.7424019124199965e-5,-2.3951412268610663e-5,-1.417498627053964e-5,-6.0823709685955354e-6,-6.775048910133223e-6,-7.2534630008670785e-6,-2.058813826214048e-6,3.820267421534555e-6,-9.980074736236379e-7,-9.478182729594085e-6,-3.968812259936674e-6,4.147099433344519e-6,-4.036005400453048e-6,-6.90400569612574e-6,-8.086263683238089e-7,-8.152017792544669e-6,-7.608586786378971e-6,-1.2664035379853443e-5,-1.1242285841382275e-5,-1.2943164324276247e-5,-7.485217560397104e-6,-7.302121545677333e-6,-6.585534159574044e-6,-1.3802520067410069e-5,-1.6728112708978296e-5,-1.8940671921748857e-5,-1.2338900879668525e-5,-1.1933050996751422e-5,-5.382319540946527e-6,4.252610758998416e-6,6.126658897054645e-6,6.038092892717843e-6,1.291313455669001e-5,9.822430721401276e-6,1.420595254333433e-5,1.2352838981454125e-5,5.055344813316188e-6,1.2095035305532139e-5,1.3498031393685703e-5,-2.1059229626821344e-6,-9.834015094225609e-6,-2.026099404051002e-5,-1.791135226557078e-5,-1.8310700439239266e-5,-2.467623748157697e-5,-2.515983928177915e-5,-2.838002890787805e-5,-2.973313673587561e-5,-2.946249676923139e-5,-1.9125933070194192e-5,-1.780923198814749e-5,-1.3577119560820436e-5,-1.1506925816911703e-5,-1.2453334047434014e-5,-1.4007951461897559e-5,-1.3214228810061023e-5,-3.4979705421913497e-6,-4.615488606477117e-6,-3.86089276234662e-6,-1.5785997771351013e-6,-5.103675560802707e-6,-6.571176095167063e-6,-9.742267721845897e-6,-1.0114214371437854e-5,-7.581335430936696e-6,-5.249442949156651e-6,-3.1541606053564327e-6,-9.947670909121935e-6,-1.866433650550518e-5,-1.996804161740823e-5,-2.8239476705218538e-5,-2.93676735809863e-5,-3.257705167514377e-5,-3.001653618373038e-5,-3.4835471374725556e-5,-3.0234387591360122e-5,-2.2472621354164197e-5,-2.2759807295596143e-5,-2.1363867590262008e-5,-1.9348463349639312e-5,-1.285131688742845e-5,-1.5233692799336772e-5,-1.637842015959799e-5,-7.253554289173508e-6,-5.732801320123401e-6,-9.106644407946704e-8,3.429239038429888e-6,-3.8079348779130323e-6,2.4569073563783147e-6,1.5174732368406857e-6,-4.8086828351791e-6,-9.281060016666056e-6,-3.369209590270317e-6,-1.470382385389185e-5,-2.0993626899112463e-5,-2.4959658062455293e-5,-3.0338134713995936e-5,-3.771195814050128e-5,-3.82991638865152e-5,-4.528876833728363e-5,-4.4950717516642904e-5,-4.6055891194243895e-5,-3.9020984863169895e-5,-3.79015209912606e-5,-2.5086295466052493e-5,-1.9400851795123938e-5,-1.206942103950294e-5,-1.0360422570715682e-5,-1.1551561697400094e-5,1.8218665291477394e-6,5.755867829281693e-6,4.275944295319553e-6,2.103474261662167e-6,-3.7294587186003274e-6,-6.96285867002372e-6,-1.0045413718720176e-5,-9.047295651602606e-6,-1.2650915501211828e-5,-8.132453455835517e-6,-1.2209477215511973e-5,-2.4527855279165234e-5,-2.6385722734884058e-5,-2.509984197512582e-5,-3.428579499583015e-5,-3.979608921145408e-5,-3.37237815815728e-5,-2.6106945884342006e-5,-1.8528400232047312e-5,-8.698163638773815e-6,3.348461458978651e-6,6.563308691120663e-6,2.0642541172332722e-6,5.209813610131283e-6,7.692609014926224e-6,-4.861946048077432e-6,-2.8061129340481685e-6,-9.002839994126327e-6,-7.523823169726784e-6,-1.0784921892782138e-5,-2.9488528742747713e-6,-6.099055802616459e-6,-9.067551234210262e-6,-7.198425189555742e-6,-2.0319823326755726e-7,-4.608172420513832e-6,7.668841028658437e-6,1.0427510237708254e-5,1.4726235513432198e-5,2.06034467763742e-5,2.3717279374874732e-5,1.40909457795554e-5,5.32856273312433e-6,1.4229244277865695e-5,1.6689294653779632e-5,1.8529992703402812e-5,2.968895574411241e-5,3.0575216028528736e-5,2.6191837791156183e-5,1.9636564373406946e-5,1.771449068318407e-5,3.491012778776075e-6,-1.5634022939800797e-6,-4.83699056663515e-6,-1.292867462485978e-5,-1.4116340901604512e-5,-2.0708366118733118e-5,-2.0088417247014857e-5,-2.0708980635444256e-5,-1.4835071243514776e-5,-2.2630345301106436e-5,-2.2104179584103194e-5,-1.6620408774880078e-5,-2.2227108293365737e-6,6.3980064768642885e-6,1.130667788527322e-6,-1.3380955869249492e-6,-2.2734020721502404e-6,-6.882960586744275e-6,-7.8883206146629e-7,-6.458307689535347e-6,-1.4289993207978708e-5,-2.0508534349865978e-5,-2.5983618291746518e-5,-2.5207555490945666e-5,-2.216883251667134e-5,-1.4072127702450833e-5,-2.1255570487792432e-7,2.268201583516226e-6,4.4352426397318707e-7,-4.414755977889036e-6,-3.1470545093407304e-6,-6.360659528937225e-6,-5.515823982930352e-6,-5.5705640553296655e-6,-6.06183759133797e-6,-4.2465138282814315e-6,-6.35052112973453e-6,-1.3719878482835736e-5,-1.635199236236328e-5,-1.3295964399516165e-5,-1.6566862476138753e-5,-2.2967331119234047e-5,-2.1727437354945012e-5,-2.8384601494383402e-5,-2.8513162046129847e-5,-2.6246974475511852e-5,-3.437296771867937e-5,-3.426824390413415e-5,-3.510926902732623e-5,-3.396707493751011e-5,-2.7775659694303187e-5,-2.8801786314202705e-5,-2.3255555319313855e-5,-1.52041030422496e-5,-9.674286392967554e-6,-5.544614109100966e-6,-5.695120598099789e-6,1.7104731870478802e-6,1.4066917286039037e-5,1.4583269112457454e-5,1.9738095127558967e-5,2.0314112487079376e-5,1.4738706839617296e-5,3.1617130226314984e-6,2.565823672974838e-6,3.7869767149142454e-6,-2.2587582545866375e-6,-3.7641040935636454e-6,-1.2842279903767425e-6,-8.74096013223343e-6,-1.8945300209572502e-5,-2.9957184014348445e-5,-3.4421825985099756e-5,-2.5612612927849952e-5,-2.626573671862744e-5,-2.3904183305336273e-5,-2.7356206825537257e-5,-3.06527316265866e-5,-2.8466749726176417e-5,-3.445252571242188e-5,-3.815277637209454e-5,-4.2093335864414356e-5,-3.7519845317106126e-5,-4.323450572220894e-5
0.001088872222166989,0.000885180554332712,0.0007564808749698724,0.000652839074604215,0.0005675426396942469,0.0004894293792465516,0.0004245067993302132,0.00037481008523132503,0.0003285270373576682,0.000284048335963575,0.00024223211036883424,0.00020891064746305434,0.0001767246817306717,0.00016742534629927833,0.00014254346938446006,0.00011612173314402339,0.00010308746182900489,9.393312439191145e-5,8.759336081817017e-5,7.990709410850211e-5,7.539718878426605e-5,7.887797824070406e-5,7.411448829014026e-5,6.781851308301145e-5,6.303546051542966e-5,5.771845885408136e-5,5.557704894303828e-5,4.883384829236271e-5,4.973724849393131e-5,4.9723585054125e-5,5.0101118508274395e-5,4.20235272814048e-5,2.3693349129583186e-5,2.5091904292234716e-5,1.6824119548647762e-5,5.123946954339078e-6,-8.634266878984726e-6,-1.592165622836466e-5,-2.9009125888870884e-5,-3.492973106898669e-5,-4.446408057913177e-5,-5.243522521634465e-5,-5.7156034863337037e-5,-6.318593262532924e-5,-5.3676322226145654e-5,-5.3662082742246095e-5,-5.098433378236839e-5,-4.290861431355466e-5,-4.3214480218775535e-5,-4.1384803710138734e-5,-3.634588734857231e-5,-3.832439714052375e-5,-3.6817517423225044e-5,-2.470447508351489e-5,-1.7129349242673164e-5,-1.4762076670562442e-5,-9.850560010344746e-6,-2.562265680653852e-6,2.898402898087244e-6,5.5708084016193534e-6,5.111335611847242e-6,8.425783810710843e-6,9.460357125451992e-6,1.0530432963984937e-5,7.186267314980538e-6,2.2873332386666083e-6,3.1490094690411776e-7,-3.089726630918214e-7,-2.760832760458076e-6,-2.0160218695554294e-6,-7.9068151146901e-6,-8.033832147595703e-6,-1.1602142530461792e-5,-1.747008287927452e-5,-2.9691404198670534e-5,-3.0692817641722635e-5,-4.337031146172685e-5,-3.9408952386208166e-5,-4.15234442908752e-5,-4.95414509038124e-5,-5.365514838463307e-5,-4.911356949501e-5,-4.07933130808026e-5,-3.6089726286276786e-5,-2.72210668549203e-5,-2.0799511231380405e-5,-2.0746194970318645e-5,-2.3978609507446755e-5,-2.3988876487875542e-5,-1.9258279771836995e-5,-1.5554076904899363e-5,-9.689737265316826e-6,-1.3255030177002843e-5,-1.9696500644874033e-5,-2.321616106266422e-5,-2.9663773925160747e-5,-3.9798362312866335e-5,-4.8584301725139435e-5,-5.400109360999656e-5,-6.0311156381099116e-5,-6.313518210706657e-5,-5.88980473659675e-5,-5.346315986845344e-5,-4.742128287072243e-5,-5.5679094536886884e-5,-5.6217040254993384e-5,-6.1014202783226296e-5,-6.354701819408398e-5,-6.546023865809954e-5,-6.110123273523516e-5,-6.2554664046563e-5,-7.264441621403282e-5,-7.178393741785161e-5,-6.532019671395352e-5,-5.907652625578365e-5,-4.706414433482874e-5,-3.874284863049985e-5,-3.4723629975853425e-5,-2.9858925870071845e-5,-1.3693263372003974e-5,-1.0515884000233886e-5,-8.69679518325758e-6,9.173478261700319e-7,5.314489015091994e-6,1.3816671408281378e-5,1.3005281914055568e-5,1.4707853584539492e-5,1.308041981129682e-6,-5.403050683649337e-6,-2.0852764701482197e-5,-2.9197287951242e-5,-3.255806564806446e-5,-3.315627525713328e-5,-4.171802590118747e-5,-4.5844561130836055e-5,-5.230826168326368e-5,-6.199443217959226e-5,-7.035283341277023e-5,-7.274146795536154e-5,-6.697773579498426e-5,-6.0919423539805615e-5,-5.177043141157897e-5,-4.4346950524927714e-5,-4.0986960256578724e-5,-3.4343126595385074e-5,-3.657212734116458e-5,-3.989292910176133e-5,-4.522058745947698e-5,-5.477566957400631e-5,-5.810284072428833e-5,-6.482977106709094e-5,-7.136249996926693e-5,-6.678921901126134e-5,-5.573652353636035e-5,-4.61474599043346e-5,-4.069957691276588e-5,-3.5013434227804326e-5,-3.471255358099165e-5,-4.730513869206897e-5,-4.1788528896300596e-5,-3.850801937491189e-5,-3.307057894687718e-5,-3.198539984779676e-5,-3.078914113000554e-5,-3.804552660837369e-5,-3.6221537122937617e-5,-3.535328153061491e-5,-3.754603744568594e-5,-4.291294735950889e-5,-4.432592824892607e-5,-4.822701790141909e-5,-5.844849317141543e-5,-6.447843935880258e-5,-7.08057736135634e-5,-7.612244316940235e-5,-7.843818185986703e-5,-7.419061589774787e-5,-7.602069274345236e-5,-6.951532441359835e-5,-5.466009693884744e-5,-5.228708212265224e-5,-4.849766414516599e-5,-4.066579220428186e-5,-3.112093508117858e-5,-9.899943886887995e-6,3.072794835880121e-6,1.526883651720536e-5,2.0764332751068473e-5,1.6974493520779192e-5,1.5157710767284232e-5,1.637932551040023e-5,1.7468759032164012e-5,1.657313149851215e-5,2.1395319650555778e-5,2.3773460872781203e-5,2.669981581657751e-5,3.417271758387586e-5,2.1442742186722564e-5,2.3754709397545213e-5,2.172207700968792e-5,2.0562890037491967e-5,2.8531672951565426e-5,3.066045190401651e-5,3.4858032658048883e-5,3.88051820453954e-5,4.5557652831122864e-5,4.855198539530469e-5,5.743397713325472e-5,6.160561016993405e-5,6.961839482360907e-5,7.050229764095902e-5,7.708369478407743e-5,8.420997603037252e-5,8.685017549598784e-5,8.399369995447129e-5,6.920886229253592e-5,5.5016221462261496e-5,5.1356576415199996e-5,4.616265388861721e-5,4.120825234655721e-5,3.170279169973762e-5,2.5172596468723912e-5,1.8824985545600985e-5,1.44494815345872e-5,6.912170437502092e-6,8.274685510924429e-6,1.3337766388646895e-5,1.3842921826771131e-5,8.946035628630292e-6,7.344755917427043e-6,-4.410554860053856e-6,-1.058094969691576e-5,-1.848261037258984e-5,-2.095553843540814e-5,-2.3262797401463902e-5,-3.039566698540127e-5,-3.906365192387091e-5,-4.283597033775206e-5,-4.2192285198116254e-5,-4.380295990688735e-5,-4.2981479240101095e-5,-4.669452977806191e-5,-4.3488782125466186e-5,-3.42413655904444e-5,-1.9018917051571298e-5,-5.3378873044608925e-6,4.098725109030239e-6,1.4725565526331653e-5,1.2927055868493618e-5,9.296541185028857e-6,5.319720361190731e-6,2.7671458054133535e-6,8.908933038608025e-6,1.7671768954273148e-5,2.0117589688068348e-5,2.1055041018026585e-5,3.239288653871412e-5,3.97661231599957e-5,4.006853624368125e-5,3.750570303835536e-5,2.9963050919976285e-5,2.061026462516993e-5,9.283585373978276e-6,-3.0796407541282954e-6,1.8547450866357087e-6,8.660528877186915e-6,1.6306685088074726e-5,2.1407079080829247e-5,2.943249211667042e-5,3.405817073931354e-5,4.317855143593233e-5,5.357521909406731e-5,6.0574957069506776e-5,7.017122289450428e-5,7.29983014859542e-5,7.362864788090257e-5,7.019904637976321e-5,6.552503647313539e-5,6.577829097584232e-5,5.781786933449487e-5,6.622095860086595e-5,7.238717509574042e-5,7.572716505751258e-5,7.744890740280735e-5,7.861195923023676e-5,8.063734303764448e-5,8.139602639520882e-5,7.797482906027027e-5,8.32652756903664e-5,8.80702080162846e-5,8.568495331329908e-5,7.835025465370766e-5,7.787387819220834e-5,7.550619974797168e-5,7.881708072113442e-5,7.557479195601569e-5,7.224408101886125e-5,6.363419271691151e-5,5.8570772211278804e-5,4.1677696312070585e-5,3.2373610079836005e-5,3.207960047781542e-5,3.775876432796666e-5,3.421445769688951e-5,3.4395080504216295e-5,3.401550199219699e-5,3.5577158536953884e-5,2.9138206726588567e-5,2.521794143788705e-5,1.6602082723683963e-5,1.7054812274538643e-5,1.4945125415139327e-5,8.519225396737505e-6,7.934429812329085e-6,1.669820693573878e-6,3.186686014982247e-6,-4.255309431947809e-6,-9.534984107086629e-6,1.2530160917867815e-6,6.389248262918101e-6,8.449615132456451e-6,8.910891625032358e-6,1.3509343254893814e-5,1.4607764665808111e-5,8.764425144803396e-6,3.6419576325175825e-6,-3.681077339408966e-6,-3.4342074484681106e-7,7.112219642819579e-6,1.4450200319427111e-5,1.481258772639588e-5,1.6565815187992428e-5,1.640094283333339e-5,1.0528145768193492e-5,4.419861913847369e-6,4.001749164071424e-6,2.8098684217570087e-6,1.6112030719367843e-6,3.0636440856625525e-6,1.2567971505270348e-5,1.7140750374204953e-5,1.8269509358193747e-5,1.775559716114887e-5,1.722193546337979e-5,4.617790397546706e-6,2.215149870253465e-6,9.456308673723423e-6,7.836922642438486e-6,1.5649156020002868e-5,2.2970210136011038e-5,3.015739675396785e-5,3.3044271309668177e-5,3.955275870105318e-5,3.854476779473283e-5,3.459583334756498e-5,3.6297077030161514e-5,2.875539167179162e-5,2.4539382321548406e-5,2.0035938069082777e-5,1.3075221256177863e-5,1.1758100762415584e-5,5.266039125800821e-6,-2.260396687156759e-6,-1.1628578522722855e-5,-1.8744747218903945e-5,-2.8928712626529752e-5,-4.316947017639049e-5,-4.944769754146085e-5,-6.2163934926364e-5,-6.73124664624589e-5,-8.408498393094105e-5,-9.198849113044691e-5,-9.189060846513323e-5,-9.017341496165668e-5,-8.005880818076437e-5,-6.858009835624756e-5,-6.465190331788734e-5,-6.132267229439129e-5,-6.602638758427076e-5,-6.665918586030779e-5,-6.262960269354713e-5,-6.997517386824755e-5,-6.575767592364368e-5,-6.379503553881197e-5,-6.807341503434787e-5,-8.298041679795851e-5,-8.473316097685467e-5,-8.143482379406303e-5,-8.422960126439282e-5,-8.500371644635444e-5,-8.211778190442266e-5,-7.798892785089118e-5,-7.538635942123766e-5,-6.732102143164158e-5,-6.524675091608844e-5,-6.0079300711546455e-5,-3.7432584801333013e-5,-1.2162426712886847e-5,-1.6266703822278802e-6,5.865720917695364e-6,7.4267415025868265e-6,1.0476761456684737e-5,1.1336799910091245e-5,1.2829398443489394e-5,1.0958213017195572e-5,6.336074501256753e-6,2.7330137474377084e-6,3.009494048917431e-7,7.593187173048032e-7,-6.060254336032441e-7,2.779175664132875e-6,4.039575228126012e-6,5.2820655930050685e-6,1.171064365834045e-5,2.0315554235627463e-5,2.1225810982514966e-5,2.2835393582674292e-5,2.9759101768981094e-5,3.113034469324386e-5,3.597262973775143e-5,3.5611047441019885e-5,4.642628879907798e-5,4.6515633963733504e-5,3.769128559700544e-5,3.028772276726099e-5,2.6446144576081298e-5,1.7828079297567e-5,1.4943419503009201e-5,1.0615304036480756e-5,7.384776188238995e-6,1.068581362938966e-5,1.4262465626944165e-5,1.3361090689985618e-5,8.789915536758871e-6,1.3881593139731208e-6,-1.6561885443226608e-6,-1.174535498726342e-6,-3.149854093573792e-6,-6.027894275541854e-9,-4.24101450084001e-6,-1.603473945423636e-6,-2.6540592403930153e-6,-9.789684947578692e-6,-1.583415624540617e-5,-3.103183580419696e-5,-3.407950900362602e-5,-3.653373776121226e-5,-3.682912917984628e-5,-3.260990869198287e-5,-3.5939931993733534e-5,-5.134720893769269e-5,-5.530447668091867e-5,-6.000257484671175e-5,-6.70121688425838e-5,-7.264267962670642e-5,-6.622480679344472e-5,-6.484266875764347e-5,-7.007212026192405e-5,-7.324336094276477e-5,-7.205735636112547e-5,-6.395721168230413e-5,-5.3712123240179357e-5,-5.271442351739156e-5,-5.217586948099673e-5,-4.070567043264401e-5,-2.3924832873176537e-5,-1.2696382400400343e-5,-3.8115204817686154e-6,-8.395681161336384e-7,5.786946998772477e-6,9.413135420940149e-6,1.1457961846446476e-5,5.576421614826125e-6,1.9319918564954994e-6,1.1010601401912114e-5,7.0619642542083934e-6,1.761951031046696e-7,-1.1269637347069115e-5,-1.61924272286355e-5,-9.335636067974492e-6,-1.2665442354607329e-5,-1.5935244550960993e-5,-5.488047572718949e-6,-1.409292284397332e-7,1.1269076898128512e-5,1.450611094368218e-5,1.4972804438511072e-5,6.281650864177552e-6,-4.3781268567483943e-7,-6.902427071174683e-6,-4.630763829974219e-6,3.8655177198434625e-7,1.1096751269275241e-5,1.6220693603195868e-5,2.4935231424414514e-5,2.795169742103279e-5,3.026561219999819e-5,3.31663736432318e-5,3.5118551649547255e-5,3.913202435910041e-5,3.2006729736287034e-5,2.259888823943483e-5,1.957968311191883e-5,1.9102563923314405e-5,1.4868946974055506e-5,9.598590477197608e-6,6.596717937626197e-6,-2.238117898644396e-6,-9.973935344661295e-6,-1.0086277226699096e-5,-1.4170961607097934e-5,-1.9846416614408383e-5,-2.049772339328226e-5,-1.7661776904662936e-5,-1.6860872657884496e-5,-1.8048642416046443e-5,-1.1875948105740563e-5,-9.260792666725707e-6,-6.229384074970673e-6,4.313862763248125e-6,1.4946535700125151e-5,2.601728452343131e-5,2.916502262066968e-5,3.6964546222768616e-5,3.428973988260153e-5,2.9414553383902975e-5,2.5975117310917993e-5,1.8483176606838683e-5,6.965830283079872e-6,-1.7929007282715098e-6,-7.347507906225795e-6,-4.369619108919772e-6,4.674300118315897e-6,4.398950719959649e-6,4.192575444386333e-6,-4.7016675279738946e-7,7.498322780490915e-6,6.171081718803581e-6,7.347126446573229e-6,1.1106332837970731e-5,2.1828257704876117e-5,2.095782848997705e-5,3.245550109427825e-5,4.744468945051898e-5,5.385900898318545e-5,6.161625606142833e-5,6.825454437765885e-5,6.146461209004611e-5,5.2080516585432745e-5,4.50160219299884e-5,4.998103362675724e-5,5.791175341552072e-5,6.140135064180273e-5,6.484397527926993e-5,7.183131164660704e-5,6.225521972508371e-5,6.102970098501931e-5,5.644124659229694e-5,5.744589658153623e-5,5.014767197225841e-5,4.117626747691373e-5,3.035342615038327e-5,3.4531758842513856e-5,3.8503215161782116e-5,3.937268132037056e-5,4.1229162092867016e-5,4.4372792409403144e-5,4.39648340055051e-5,4.369858395664198e-5,2.8228057132628487e-5,1.784744038806849e-5,9.321738068709349e-6,1.682169642710047e-6,-7.864199112060052e-6,-1.3670232231142419e-5,-3.953183279081983e-6,-1.750858418373256e-8,-3.2374294770100477e-6,-1.2996147009827296e-5,-2.2801083913290254e-5,-2.2548455255066282e-5,-3.2477753542046565e-5,-3.867112990383958e-5,-4.183628086924044e-5,-3.972865377638372e-5,-4.643221101494449e-5,-4.208119530910333e-5,-3.437935887168323e-5,-2.3010717401813497e-5,-1.3331295791847343e-5,-1.7151867409962677e-5,-1.0051172358453552e-5,-9.298776645318865e-6,-4.270846629224931e-6,-3.0715254945514024e-6,4.298218462467877e-6,1.039608877076163e-5,-3.592703780616686e-6,-1.4182155170393455e-5,-2.4975089086852225e-5,-2.7730669518039022e-5,-2.9835192964196184e-5,-2.8777281738871537e-5,-2.9205418063112563e-5,-2.4955771855406993e-5,-1.6734406058257595e-5,-6.6800479840956825e-6,2.600414950857759e-6,1.6865775541878305e-5,2.954772097601569e-5,3.118842069036604e-5,2.8724934517623948e-5,2.844059739501991e-5,3.742558617768144e-5,3.526889164587175e-5,4.0883551211013887e-5,3.965579847513593e-5,5.165967466426008e-5,5.2388215535708354e-5,4.734911125703652e-5,4.36957244311892e-5,4.093429361097013e-5,3.8307733768293337e-5,4.2368267354977334e-5,3.839994674199536e-5,3.782257592140729e-5,3.604678652705608e-5,2.6583819710630214e-5,1.8942545081001246e-5,1.940710691573935e-5,1.9784443724488097e-5,1.825123879555708e-5,1.6223250661123165e-5,1.1720841064821194e-5,3.532180261225934e-7,4.3504487241847464e-8,3.722464870577662e-6,-1.3237100260040252e-5,-2.7346544507111646e-5,-2.9425490329496956e-5,-4.167084174156115e-5,-3.695764066971361e-5,-3.9341606687665954e-5,-4.0070209217965666e-5,-4.6151074313445255e-5,-4.375049163931795e-5,-3.949579965390095e-5,-3.7064667509829274e-5,-4.076991804192452e-5,-3.2910336564044004e-5,-2.1216086008763938e-5,-1.0505479189172414e-5,-1.6217275476122258e-6,1.0488062946911887e-5,2.5649879560138774e-5,3.6653165850449825e-5,3.909588133514105e-5,3.5703745625803843e-5,3.5085358736129744e-5,3.837660944574268e-5,2.579992491089233e-5,2.2601312577159698e-5,1.7167734891769648e-5,1.5801255639804244e-5,1.635086660634523e-5,1.5813788909184923e-5,1.7906855121799987e-5,1.9506416564108924e-5,2.3361971354297085e-5,1.9325222777772072e-5,2.728624869227437e-5,2.737282221640066e-5,2.759716611740228e-5,3.30100125441818e-5,3.386278914302417e-5,3.552189258338887e-5,4.142216803343974e-5,5.324535814788614e-5,6.395519732888924e-5,6.342734061750993e-5,6.349200869657526e-5,5.077937492834892e-5,4.528598690808553e-5,3.630024204553582e-5,2.661786601087505e-5,2.0728007873492733e-5,2.1814537064026628e-5,1.4277678145670689e-5,1.479492513258958e-5,8.642306307054133e-6,5.745721360960916e-6,3.9686145662180755e-6,-7.329484220944536e-6,-1.349891641283175e-5,-2.43575364515596e-5,-2.64289864357862e-5,-3.711694659051509e-5,-4.3426189157696336e-5,-3.9158704074618296e-5,-3.693251672129904e-5,-3.684378437415322e-5,-4.935873008105578e-5,-6.362277342180548e-5,-7.229736567996141e-5,-7.338197587712518e-5,-7.18772646127034e-5,-6.966073400437197e-5,-6.850073109219691e-5,-5.61743109530881e-5,-5.257906521696285e-5,-4.881431570088658e-5,-4.16951038859444e-5,-3.9648579906837066e-5,-3.6469244687076095e-5,-4.0055077314679055e-5,-3.583163011822036e-5,-3.7424754899726876e-5,-3.7965757454089204e-5,-3.9441187936026486e-5,-4.080779366228097e-5,-4.1760210781728795e-5,-3.6719053344105194e-5,-3.2743292038444244e-5,-2.78472085390225e-5,-2.8740952255057192e-5,-3.2898209752998305e-5,-3.6378180314742165e-5,-4.58198243689156e-5,-5.262225452586462e-5,-5.503287992003863e-5,-4.460230674736631e-5,-5.774967955607963e-5,-5.912469435233281e-5,-6.621309709821406e-5,-7.540053111747189e-5,-8.078792135114571e-5,-8.024115002650183e-5,-7.265652869908388e-5,-6.815194812309352e-5,-4.779235719616043e-5,-4.3284053660425625e-5,-3.709216124158715e-5,-3.117365132434226e-5,-1.657581161389238e-5,-7.107635163686986e-6,-1.1080749323492482e-5,-7.479966711490917e-6,-1.558183554330789e-5,-1.7131825926062245e-5,-1.5427614414974125e-5,-1.532776341847657e-5,-1.280015917443801e-5,-7.113710293705184e-6,-1.0525490002188667e-5,-7.071947399963723e-6,-1.43801529850188e-5,-2.115984208116161e-5,-3.412769630766094e-5,-3.448710154055028e-5,-2.6554219025845814e-5,-1.9969853998287246e-5,-1.228459227336468e-5,-8.680190495411683e-6,-4.508872185891155e-6,-1.8045682630177875e-6,2.5007372812595064e-6,-7.510968701719082e-7,-1.7522888851234276e-7,5.322336324184576e-7,-1.7029586505665318e-7,6.112533703926624e-6,5.404068356989763e-6,1.1765689170059941e-6,1.2168515250773936e-6,3.3105979620400025e-6,5.559848935150681e-6,1.2558688374884154e-5,2.752657373068009e-5,3.170350827765414e-5,4.013776795059309e-5,4.237996331464356e-5,3.4479983829859295e-5,2.4378092369294162e-5,1.4322876653311483e-5,3.360537671814661e-6,-3.938348833122922e-6,-1.5881532745164178e-6,-1.6078126720942308e-6,-4.145737307369409e-6,-2.1745609794289188e-6,-1.2513403702782926e-5,-2.1815567217773903e-5,-2.8114953585690394e-5,-3.4952489878876817e-5,-3.265244794790018e-5,-3.9005856977897754e-5,-4.658118814020491e-5,-5.050299468562163e-5,-5.1770436044987824e-5,-5.469180471006244e-5,-5.2486322524748945e-5,-3.9509559146834455e-5,-3.438260300880541e-5,-3.6836968616663004e-5,-4.01694215784373e-5,-3.9738827998911586e-5,-4.4376461247205716e-5,-3.7380805622659395e-5,-3.30184373393767e-5,-3.4221847082567186e-5,-3.74801625745353e-5,-4.091595274584121e-5,-3.81240959623864e-5,-4.196107944115938e-5,-3.7645722880227136e-5,-3.048977031587118e-5,-2.25583641265319e-5,-1.4270283753172794e-5,-9.829344706894529e-6,-2.1080653732691856e-5,-2.3982093321280237e-5,-3.820984817298034e-5,-3.874856672311444e-5,-3.851702868050491e-5,-3.8072578707179444e-5,-3.4435818653691364e-5,-3.371846973348559e-5,-3.6191911476173996e-5,-3.5078469059543436e-5,-3.453910907291997e-5,-3.080704363805113e-5,-1.9255867357546952e-5,-1.2412481469129232e-5,-5.599647673311696e-6,7.2812108941212746e-6,1.6669037961099663e-5,3.236813707807483e-5,3.8704382404289624e-5,4.619404763018526e-5,5.2927956410494635e-5,6.251692817362107e-5,5.921181059360086e-5,6.260788714994138e-5,6.032371149129799e-5,6.445576778458811e-5,5.9717305729449404e-5,6.449644515817437e-5,7.154608812967548e-5,8.07693841166162e-5,9.249325381494982e-5,8.40245727662281e-5,8.033161125507386e-5,8.406286583176786e-5,8.364463098987588e-5,7.845703778359794e-5,8.061651193764388e-5,8.221746379318328e-5,8.394913111170433e-5,7.787901619092488e-5,7.098739944058086e-5,7.437669140684228e-5,8.40871697860718e-5,9.194118146461253e-5,9.007413546479894e-5,0.00010244259324468789,0.00010909203395894501,0.0001137924803486908,0.00011240226783787392,0.00011140089451556435,0.00010817052435007522,0.00011043974573911754,0.00010571933703332526,0.00010485006552942138,9.661208958736939e-5,9.099171197232576e-5,8.157713218257296e-5,7.041122915660436e-5,5.6934138578439564e-5,4.9146211655478124e-5,4.4504818169346705e-5,3.962965606810673e-5,2.9766520029785505e-5,2.692901504718246e-5,2.0844244897632686e-5,1.4542666650308037e-5,1.8268106961322295e-5,2.105432583665027e-5,1.0545667271858905e-5,-2.3807646587583067e-6,-1.2274288877809196e-5,-1.895514205394993e-5,-2.392271164205689e-5,-3.243518802284257e-5,-3.138882606397812e-5,-3.9506310904067144e-5,-4.4285645761520375e-5,-4.2407679624688655e-5,-4.3312628310640835e-5,-5.19844372216411e-5,-5.734478411938567e-5,-6.0616105407339314e-5,-6.567228847889902e-5,-6.667518266297438e-5,-6.91080023446873e-5,-7.375549783341901e-5,-6.997835798364926e-5,-7.132483370193326e-5,-6.85980707941816e-5,-7.387826649622293e-5,-6.853632377723967e-5,-6.873055839356541e-5,-6.915232295594774e-5,-8.294957732934452e-5,-8.793385868845965e-5,-9.465222266014088e-5,-9.771207136826862e-5,-0.00010513612222763867,-0.00010145636208699882,-0.00010607379784496293,-0.00010152268529422442,-0.00010229863268544947,-0.0001032245045339181,-9.872564202456581e-5,-9.500161618462765e-5,-9.177157976575538e-5,-8.95861040951742e-5,-9.10422912253855e-5,-8.438396628802596e-5,-8.312853898384752e-5,-9.174548332214097e-5,-8.763988149150507e-5,-8.900016892101003e-5,-8.57690750158606e-5,-8.31924312357387e-5,-8.174375670654727e-5,-7.182364422715148e-5,-7.295779283328989e-5,-7.13461782046913e-5,-7.647766752899483e-5,-7.980055313092907e-5,-7.842114493809283e-5,-7.250779710001849e-5,-7.271186912736154e-5,-7.15837728836526e-5,-6.967803035897958e-5,-6.92510735472147e-5,-7.278849207313543e-5,-7.491635861426975e-5,-7.045962383452189e-5,-6.156034020185636e-5,-5.377544210779654e-5,-4.222852860252325e-5,-3.5482520589432765e-5,-2.37957160842625e-5,-9.926395789901993e-6,-3.891456557862132e-6,1.5339024284541545e-6,1.5810447906208172e-5,2.4535503753609737e-5,2.5030825794642305e-5,1.1297883188554499e-5,1.3196685356060924e-5,1.705333272385999e-5,1.576946685212206e-5,3.069996098503699e-5,3.0905274406276906e-5,3.723864431073221e-5,3.6341965460920964e-5,4.412854520315544e-5,3.68520884146937e-5,3.7020656724784106e-5,3.896391953317459e-5,3.705001568177937e-5,2.596914406105398e-5,1.6876420966264105e-5,1.487929308946869e-5,-1.7471829153084171e-6,-4.632447949713975e-6,-1.166219283448966e-5,-1.972540721433297e-5,-2.698835046847484e-5,-1.982387445892754e-5,-1.8302471563079098e-5,-1.9585206902404538e-5,-1.475604908275751e-5,-1.1552427517731828e-5,-6.7145374639745875e-6,-3.456842264163239e-6,2.069195506312835e-6,4.131170810241491e-6,9.184661131629639e-6,1.4115973946089115e-5,1.404517764086583e-5,3.907687570816314e-6,-9.352380342978593e-7,-1.9769230512528804e-5,-1.6777256509108224e-5,-2.1005992255087567e-5,-2.7755975100260093e-5,-3.358098401045064e-5,-4.1949413189155966e-5
0.001122159526273003,0.0009378581945596426,0.0008183079044406279,0.0007248372904632419,0.0006436549540697356,0.000576018076025176,0.0005225317050852754,0.0004668797178449647,0.00042207708709332114,0.0003824382091637096,0.00034094677790272396,0.00030290318238399623,0.0002696559750883366,0.00024402909362589219,0.00022535355586307464,0.000213702341886582,0.0002025946971991214,0.00018713101801578935,0.00017182444988325757,0.0001500402522963999,0.00013737078230154014,0.00012035126290388004,0.00011208903627725769,0.00010432918974341726,9.968316903752058e-5,9.25953676650771e-5,9.864565076251344e-5,0.00010225564603978873,0.00010748984224271062,0.0001040013890896454,0.00010497083292212325,0.0001095438165887891,0.00010735215881238545,0.00011190483126083968,0.00011060640488648421,0.00011283594725141915,0.0001096660694625528,0.00010922335978613121,0.00010726239900776002,0.0001074693368507841,0.00010201493765688163,9.931822526974279e-5,9.108349163332991e-5,9.055459124687568e-5,9.383805238852514e-5,8.647184826855756e-5,8.476400367636922e-5,8.570146221269154e-5,8.478555430750835e-5,8.142155809569393e-5,8.088570973843401e-5,8.172300724832168e-5,7.568128747142107e-5,6.402138893063027e-5,5.4122823366794356e-5,4.553153601973263e-5,3.558016964190621e-5,3.931049705654314e-5,3.4099543794283095e-5,3.422422477842496e-5,3.2030630701396786e-5,3.0023559527569002e-5,2.9290885679073053e-5,2.481366936573013e-5,1.4119270679894627e-5,1.607699655948527e-5,2.1890535546879354e-5,2.5041247285349515e-5,2.970452596912663e-5,2.6308573505101342e-5,2.4952661549318226e-5,2.290115937336669e-5,1.4730635041960078e-5,1.5278227983501806e-5,1.3862510099703713e-5,9.917547088209867e-6,9.477127132297683e-6,1.3752346111024025e-5,1.181399461667322e-5,-4.1285198116877527e-7,-1.3887744729455907e-5,-1.8094499470894037e-5,-2.370110776044386e-5,-2.1221254908749635e-5,-2.7658142537858322e-5,-3.014663378031812e-5,-3.569371686291634e-5,-3.712748116278999e-5,-4.0843060038925215e-5,-3.76140975619591e-5,-3.828155329726524e-5,-3.3402764561703725e-5,-3.4891598825069306e-5,-3.650983038350624e-5,-3.971363290111156e-5,-3.993095428945543e-5,-3.1024387487511905e-5,-2.7092795041098956e-5,-2.65321071664462e-5,-2.805936731206965e-5,-2.921025773949631e-5,-2.5008048413315723e-5,-1.517231187725485e-5,-5.916072923115903e-6,3.1729376054053587e-6,4.441431798102183e-6,9.055491563608964e-6,1.75831137529296e-5,2.459587644800844e-5,2.844822516715205e-5,2.9186685050997206e-5,2.656885041269531e-5,2.60745422942618e-5,3.4388928698142765e-5,3.234164722816819e-5,2.8800980657867677e-5,3.188932860767019e-5,3.2479439711527984e-5,3.879206708682878e-5,3.935413683098758e-5,3.489322204769493e-5,3.500101678821685e-5,3.141231625382329e-5,2.3653430042241653e-5,2.476969793987483e-5,2.3264887953974027e-5,1.9358931045403622e-5,1.3180514301327243e-5,4.152357333737104e-6,-6.650795430759638e-6,-4.522609990893137e-6,-4.5849155805011065e-6,-8.551567050488432e-6,4.329261844054421e-6,1.3981026561737189e-5,2.312650941001563e-5,2.826078403769159e-5,2.3265434513466852e-5,1.4764723350646674e-5,1.1996199583867016e-5,1.3841678425632704e-5,1.2232591646651646e-5,2.012183293709214e-5,1.66460894982835e-5,1.9829172946907215e-5,1.818138551557138e-5,2.372830555647998e-5,2.462592965735068e-5,2.4559851895583413e-5,2.462644897355905e-5,2.5386436092376295e-5,2.8387471196951538e-5,2.0872034369729047e-5,1.0602985712134774e-5,1.8350980804036858e-7,-1.0210033645395722e-5,-2.1654769566525413e-5,-3.0602142886108825e-5,-3.652138093390894e-5,-5.361058655012413e-5,-6.223817251364922e-5,-6.524416681291282e-5,-7.068104268242042e-5,-7.673547506040226e-5,-8.063707327701608e-5,-8.41116732320584e-5,-9.387496431617845e-5,-9.070074645387437e-5,-9.197672211509817e-5,-9.492506885662613e-5,-9.654853304896135e-5,-9.704123952739356e-5,-9.442902510498326e-5,-9.798781408071168e-5,-0.00010070241834447317,-9.467621973342702e-5,-9.452280231941991e-5,-8.84339424216237e-5,-8.048495684108837e-5,-7.28235993294675e-5,-6.0103922135616046e-5,-4.746211115494246e-5,-4.142366869026595e-5,-3.1308927222613745e-5,-2.5744952417151225e-5,-1.78838762947316e-5,-1.2377139021979567e-5,-7.153812374712278e-6,-8.670775479171925e-6,-1.5463909605149148e-5,-2.0740049313431927e-5,-2.320493956021766e-5,-2.2184173180132235e-5,-2.4632246211229946e-5,-3.0048923983664782e-5,-3.4668931150885415e-5,-3.881238740362509e-5,-5.043788717772016e-5,-6.437146956347546e-5,-6.837022912537248e-5,-7.341408834051307e-5,-7.57678583367833e-5,-8.138737645173827e-5,-9.196503137183867e-5,-0.00010612893135557952,-0.000116171760978773,-0.0001278288035392909,-0.00012570972059170547,-0.00012873550128802912,-0.00012939051047110035,-0.00012672053346515243,-0.00012587521784999036,-0.00011545739036268692,-0.0001107350301628075,-0.00011616646860642978,-0.00011570754708864065,-0.00011313146741581333,-0.00010846142380878131,-9.980900344459684e-5,-8.925273434122867e-5,-7.630937271557672e-5,-7.293355730069724e-5,-7.24049904595139e-5,-8.05119282161431e-5,-8.03704547407418e-5,-8.925091274308469e-5,-9.090693893645922e-5,-8.771901613765048e-5,-8.82351532690373e-5,-8.153730929572118e-5,-7.424673601263015e-5,-6.913173065716766e-5,-6.510066213942765e-5,-6.352836796202785e-5,-5.8997675629395466e-5,-6.61034648185492e-5,-7.052750607017224e-5,-7.258760502464746e-5,-7.715621248387863e-5,-8.15307808660253e-5,-7.520639476056846e-5,-6.848783560421603e-5,-5.963452458858892e-5,-4.5610828595841997e-5,-4.110705186203011e-5,-4.0708343757704137e-5,-3.63177222034121e-5,-3.9274571693105017e-5,-4.2714617558734244e-5,-3.8778078859677794e-5,-3.05303805736103e-5,-2.5556915235313207e-5,-2.4489990922901326e-5,-2.008764436306764e-5,-2.364805425612652e-5,-1.25302959032396e-5,-7.72530297384164e-6,3.245051089121974e-6,5.443357240813461e-6,1.0746127540217572e-5,1.9751567650644346e-5,1.762371197384778e-5,7.375005449975912e-6,7.300027352450958e-7,6.618566303769493e-7,2.9935857791019063e-6,-2.064150938590187e-7,-3.103148777082034e-6,-5.8850921137351e-7,-6.793999451405722e-6,-5.934068651974648e-6,-1.21300426090427e-5,-1.830868675167558e-5,-2.0135043821073075e-5,-2.0442141321622585e-5,-2.6157727926007114e-5,-2.8496990843860105e-5,-2.2765518291443996e-5,-2.7268402736291145e-5,-2.1791171762205176e-5,-1.9214953165061547e-5,-1.5847772061334927e-5,-1.4775028085709843e-5,-1.6275002341271195e-5,-1.1831414876324273e-5,-1.1748105556770474e-5,-1.1702083414526965e-5,-1.5379951660104544e-5,-1.0792535903695351e-5,-1.2829261231307025e-5,-1.2666232068268286e-5,-1.3932352994190096e-5,-1.5149996682527033e-5,-1.6222112213094805e-5,-2.3596444559635905e-5,-2.9918433696209175e-5,-3.214992785336006e-5,-3.729806666746878e-5,-4.2823393824261444e-5,-4.180866012600303e-5,-4.011727646959597e-5,-3.7731592915414386e-5,-3.679726220845929e-5,-3.7476455040907446e-5,-2.4731470108658454e-5,-1.129650399973821e-5,-5.089255815819898e-6,-2.794280062328708e-6,-3.3376317880929247e-6,-6.43067695342646e-6,-1.1342920088395365e-5,-1.2359037628765338e-5,-1.3634243096803584e-5,-1.783132990003082e-5,-2.046745475307881e-5,-1.9129557169587858e-5,-2.3145038044104657e-5,-2.5380817251510366e-5,-1.807669876458207e-5,-6.1157938427748575e-6,9.287020759810427e-6,1.4605455668319934e-5,1.4930609446106306e-5,1.7938668910598674e-5,1.863617751898082e-5,2.6470762017707752e-5,3.3752993470509144e-5,3.287672771022113e-5,3.634154236121147e-5,3.7874437073708616e-5,3.8458634928196353e-5,2.987509690518772e-5,2.2674064956647523e-5,2.0045276397277938e-5,2.380450033539563e-5,2.4552405086921473e-5,2.658675563654471e-5,2.2695609999715106e-5,1.7224826065769465e-5,1.5471533099724454e-5,1.216362976787653e-5,7.830216524175317e-6,2.1705728581145712e-7,-4.423860279719521e-6,-7.502777923019159e-6,-1.739351943850314e-5,-1.934970255858178e-5,-2.7154741068426345e-5,-3.229970102121683e-5,-3.97772714707837e-5,-4.3898094188900744e-5,-5.376430530127606e-5,-5.755698404617712e-5,-6.960057194763281e-5,-6.927157720358325e-5,-6.507748360873929e-5,-6.015779412603603e-5,-5.431005527091522e-5,-4.9708730752323906e-5,-4.487984311688298e-5,-4.8493167412163455e-5,-4.148407019751535e-5,-4.038409937760854e-5,-3.723341284313232e-5,-2.5218957243740713e-5,-1.8302868387988032e-5,-2.059595501450704e-5,-1.5921202197717563e-5,-7.871951143813736e-6,-3.960823521468775e-6,3.717776513969929e-6,8.733425514328995e-6,1.4883156900969969e-5,1.88613981590292e-5,2.8444944572578595e-5,3.1301891262782486e-5,2.9576375135626995e-5,3.421945686048151e-5,3.681972812346817e-5,3.807564574561244e-5,4.0039460277655766e-5,4.25920272275158e-5,3.5624159603563326e-5,3.989669499355112e-5,3.768522225029752e-5,3.3809675549951565e-5,2.941688371663222e-5,2.9936216984296243e-5,3.030320024710831e-5,3.3126599256207185e-5,2.8752269562479707e-5,2.5425560983235618e-5,2.746832605147119e-5,2.6754645054500146e-5,2.7836241440457348e-5,3.448975229666549e-5,4.068589480824885e-5,4.8901550072743904e-5,5.1204546821927595e-5,5.238319356648362e-5,4.187075705081671e-5,4.042381274767713e-5,4.221951598528085e-5,5.300621239991432e-5,6.050956520974148e-5,5.927120700572417e-5,5.436432402816088e-5,4.802775588905405e-5,4.546552745723025e-5,4.294204709831797e-5,4.550006370374281e-5,4.841358881292762e-5,5.38974813630344e-5,5.363044793819956e-5,5.234504807560669e-5,5.360292634023541e-5,5.839688504445119e-5,5.8833804270049055e-5,5.49515478207071e-5,4.7049422010409104e-5,4.0164648579223846e-5,3.734973061409242e-5,3.3600696492192096e-5,3.343529997168093e-5,2.409574337290598e-5,1.8649221855651204e-5,1.1371881689550388e-5,1.0835038922926919e-5,1.3253378485362102e-5,8.267468971600342e-6,8.717792169556299e-6,1.572538890883039e-5,1.8935910005443766e-5,1.690792257945065e-5,1.0081667603461964e-5,2.4434846830850294e-6,3.303546656980834e-7,-5.248283505996335e-6,-7.965282767658152e-7,2.4218885349955968e-6,5.39921978790454e-6,-6.699295749115666e-7,1.3709728216170319e-7,7.219533354326169e-7,1.1255774922868369e-6,1.162188917684219e-6,2.1560985342090926e-6,-6.22737352064271e-6,-1.0216062340918516e-5,-1.0535131016242875e-5,-1.6472439203213797e-5,-1.4041994200258171e-5,-9.591245509105643e-6,-5.806893016446602e-6,-1.6693205672925898e-6,1.4667098907613746e-6,5.981558070088943e-6,5.493560815872794e-6,2.999495025052586e-6,2.1219511640199667e-6,4.571395891099812e-6,1.6426093734839963e-6,6.49065506811787e-6,7.823784581962325e-6,5.3768827894820925e-6,-4.477849248414876e-7,-5.833478663108547e-6,-1.237199638068086e-5,-5.907811811922525e-6,4.860497606609942e-6,9.574422603004952e-6,1.732592448271217e-5,1.9546409047401855e-5,2.8085219618125002e-5,3.175774079489464e-5,3.7834008275963205e-5,4.7738671151243436e-5,5.8455344341204884e-5,6.269731516096856e-5,6.254580221127602e-5,6.820508372383749e-5,7.131933798278794e-5,6.937353030508153e-5,6.237077809624777e-5,5.798367520696483e-5,5.521478028573273e-5,4.8966682052299464e-5,5.188761061534115e-5,5.12961106270662e-5,4.489768084185193e-5,4.535459930499395e-5,3.911805636027753e-5,3.308032680182261e-5,2.4905166203986747e-5,2.151508590189273e-5,1.7704292952846045e-5,1.2366924146737575e-5,7.763417681595963e-6,1.180620928116085e-5,1.549412590379256e-5,2.24863513273498e-5,2.1824341112745692e-5,1.062882821000308e-5,1.2689966664295161e-5,9.737819275701256e-6,6.214959201492397e-6,9.921493930278992e-6,2.1163067027352975e-5,3.62615087564477e-5,4.0509758747213206e-5,5.214845427179859e-5,5.9499885044599275e-5,8.013254833815757e-5,9.025171832794266e-5,9.804718220231377e-5,0.00010307111477428954,0.00011985500420649875,0.00013469352748906446,0.00014220999022335418,0.00014811549194970316,0.00014835390968677523,0.0001472245108243696,0.00014299823481124307,0.00013529657757580584,0.0001218488807884659,0.00012286339893087802,0.0001233431303576312,0.00011780216312593021,0.0001093545811287029,9.478383294764454e-5,8.56946808199392e-5,7.0544191832056e-5,6.17399842016393e-5,4.1280437735758934e-5,2.9892701152767266e-5,2.1534351999849842e-5,1.2467709977029811e-5,2.8961514444025934e-6,2.1800675918874372e-6,6.648647281005377e-7,1.9754437434618775e-6,2.557940360265486e-6,1.2311674500358147e-6,-1.3753020724305058e-5,-2.924445549148814e-5,-3.1558777775157835e-5,-3.678600059892615e-5,-3.405980544646545e-5,-3.2806032096245716e-5,-3.4752926659461304e-5,-3.8617056841816965e-5,-4.566993067501499e-5,-4.8037923123635e-5,-5.67254046016984e-5,-5.516284071361159e-5,-5.40928548995251e-5,-5.45673822486004e-5,-5.919995530376005e-5,-5.713834771940326e-5,-6.558717502076152e-5,-6.526269315234593e-5,-6.608509049722373e-5,-6.876364725842992e-5,-7.369401806585105e-5,-6.939649098528025e-5,-6.248574086485007e-5,-5.1269041912254476e-5,-4.567875129330628e-5,-4.9595826704952076e-5,-5.002509681916896e-5,-4.583458636714125e-5,-4.425669906492891e-5,-5.145670539059105e-5,-5.193052420305535e-5,-4.856091840102195e-5,-4.5739660352117535e-5,-4.617510076688055e-5,-5.0039820784936856e-5,-5.371542426611911e-5,-5.5759249837079016e-5,-5.098522992094948e-5,-4.4385420366852394e-5,-4.375473968789589e-5,-4.2711118850705405e-5,-3.6968549884599994e-5,-3.5232699324894554e-5,-2.6274488239958956e-5,-2.930757087391184e-5,-2.944263623435123e-5,-2.4746458298516257e-5,-1.4122971279412111e-5,-8.463526285645064e-6,-5.67331274616627e-6,2.6915646093288225e-6,9.853412498669974e-6,1.60923302886709e-5,2.3114953238605654e-5,2.2660530432869035e-5,2.3901985812343124e-5,2.653062202651682e-5,2.601034603921089e-5,3.1004362900515163e-5,1.980411854750212e-5,1.548081374603915e-5,1.1313828742961458e-5,4.201274849636935e-6,-1.6771675430691038e-6,-3.5463971625901246e-6,-1.0500713277002696e-5,-1.3131544386026743e-5,-2.4517848055038865e-5,-2.9146538884197683e-5,-3.848614763233522e-5,-4.902938881065458e-5,-5.474270138475895e-5,-6.024305891327745e-5,-6.608288168899788e-5,-6.115708982880074e-5,-5.9475796551814575e-5,-5.8113144567524365e-5,-5.9422329940196354e-5,-5.5175052620938266e-5,-5.85129204211117e-5,-5.109490370609713e-5,-4.594042972884439e-5,-4.4560609758085204e-5,-4.511187933366861e-5,-3.799426560830964e-5,-3.625457577905987e-5,-2.8532429833972367e-5,-3.4700065782863345e-5,-3.7317895690206596e-5,-3.9102518420906524e-5,-3.578423985509156e-5,-2.83762129441751e-5,-1.3962079872062299e-5,-1.1370758557360639e-5,-1.2723140422583031e-5,-6.71456780563766e-6,-5.487137156795111e-6,-2.1109924943423304e-6,3.6385124365938156e-7,-5.3702906373495416e-6,-3.2439813388355803e-6,1.4976516858733234e-6,4.890812570417045e-6,9.910870123079425e-7,-4.368427550511216e-6,-8.092557735585936e-6,-1.0469829337389017e-5,-1.6785401457416954e-5,-2.8683684138928857e-5,-4.0886319520561506e-5,-4.06690814231289e-5,-4.08200254627041e-5,-4.236396630664937e-5,-3.911643908481979e-5,-3.0458493652021206e-5,-1.9610875163836925e-5,-1.205239297594479e-5,-1.643035206922799e-5,-8.621229621035029e-6,-1.3205893383000682e-6,1.4345833883244498e-5,2.1437976877817714e-5,3.445716764127952e-5,3.2809105615952355e-5,3.7853315462302756e-5,4.216277960311274e-5,3.963645229970777e-5,3.689434643672275e-5,3.607246571492416e-5,3.727209506762511e-5,4.270212972616487e-5,4.131615628661237e-5,3.6670910623778436e-5,2.3401765209628892e-5,1.3785793047428927e-5,1.3159133596654996e-5,1.0079328943456593e-5,4.266435322112617e-6,9.944438891095673e-7,-9.945666699500036e-6,-1.500334554240403e-5,-2.8117363156547784e-5,-3.5585936325307685e-5,-4.8866499722539095e-5,-5.915816522624329e-5,-6.466677450844666e-5,-6.402581661799793e-5,-6.335909006692652e-5,-6.687456942037593e-5,-7.081670468832867e-5,-7.21332011304386e-5,-6.450659261285296e-5,-6.974145843994422e-5,-7.101519943851118e-5,-7.494283821414984e-5,-7.405941266838489e-5,-7.517509852436259e-5,-7.103632318481439e-5,-7.317348808250425e-5,-7.191772676951192e-5,-7.151172085652238e-5,-6.597737675384607e-5,-6.448870534444557e-5,-6.0158257132217186e-5,-5.341518076693338e-5,-5.78030912161238e-5,-5.335669327134934e-5,-4.6043527517410816e-5,-3.9999398552647205e-5,-4.1722891428639887e-5,-4.316947459097856e-5,-3.8660548833602615e-5,-3.276641299415592e-5,-2.7810880831395533e-5,-2.928599357176812e-5,-2.868523467697143e-5,-3.3071934187851807e-5,-3.785020108939967e-5,-4.872401730896943e-5,-5.8873055541343155e-5,-7.132861189878269e-5,-8.458724874907727e-5,-9.532020406841127e-5,-0.00010191582088403788,-0.00010380529605639152,-0.00010604567822617351,-0.00010861389206539117,-0.00010896803022437893,-0.00010101550017627271,-9.124587691664859e-5,-8.684270712757761e-5,-9.475725861232761e-5,-9.433163324597972e-5,-9.040724519904971e-5,-9.18350039834002e-5,-8.814673253646986e-5,-9.160560718388623e-5,-9.304398424955634e-5,-9.222403253127679e-5,-8.507218238673615e-5,-7.968799498403405e-5,-7.801369196323928e-5,-7.44479118683253e-5,-7.233314170157566e-5,-7.379853249521409e-5,-7.06298801818828e-5,-7.152429623729195e-5,-6.843192935285481e-5,-6.967809367680727e-5,-7.420946879144092e-5,-8.133435178916204e-5,-8.178707836676148e-5,-8.552860011881093e-5,-8.364374422620573e-5,-7.708790316823913e-5,-7.704699581042237e-5,-6.739418138938729e-5,-6.033053944121315e-5,-5.507866085516201e-5,-4.935876885504409e-5,-5.441082147674473e-5,-5.9625586873753905e-5,-5.6999364074144985e-5,-5.6246258324553456e-5,-5.10550508966922e-5,-4.242591865363727e-5,-2.838778873532029e-5,-2.6598488403227873e-5,-1.7320604573959146e-5,-1.1182212822757073e-5,-1.083547173813464e-5,-1.0493273274277667e-5,-2.951101098078775e-6,5.2707764782689745e-6,1.318886849356335e-5,7.937192082003547e-6,-6.124046701930611e-6,-1.784945165804648e-5,-2.4588829356822993e-5,-2.8505095444655596e-5,-3.274058310908096e-5,-3.084873145686878e-5,-3.6747325963415845e-5,-4.034333009628598e-5,-4.168021935845255e-5,-4.703291565713683e-5,-4.9992629798236754e-5,-5.2219555988409855e-5,-4.985753566538189e-5,-4.894639820254623e-5,-3.9987365744924644e-5,-3.621813763332769e-5,-4.032524156948915e-5,-4.269057981625883e-5,-3.6590909066641036e-5,-3.083214766416736e-5,-3.1960148585416824e-5,-2.477850987020842e-5,-1.8726602346918874e-5,-1.9623820868128653e-5,-1.594698549201294e-5,-1.2896616028986887e-5,-1.4358037452828274e-5,-1.975078629019132e-5,-1.760779928632701e-5,-7.932506489615258e-6,-6.193157728892694e-6,-7.530597035798449e-6,-9.734629042333274e-6,-9.298185212485639e-6,-1.1365453104144908e-5,-6.580021487632489e-6,-3.697495520796362e-6,-1.4476491907876784e-6,-6.121279526631942e-6,-1.209255479139715e-5,-8.486594930019631e-6,-4.593449723192348e-6,-1.0645325169423033e-5,-1.2483013475529287e-5,-1.7603824618567712e-5,-2.936233783693937e-5,-3.3678141101730294e-5,-3.559364997405058e-5,-3.460479060975946e-5,-2.287575424090361e-5,-2.671202511893106e-5,-3.0619650969120574e-5,-3.60937980504224e-5,-3.974481982800882e-5,-4.372165440163285e-5,-4.307292078547767e-5,-4.7412644047782146e-5,-4.273173110873687e-5,-3.9527352059697594e-5,-4.3434837739329036e-5,-4.766490350715556e-5,-5.228195166639518e-5,-5.905136399128653e-5,-6.765471614882942e-5,-7.640387216544408e-5,-8.395492658545705e-5,-8.8600439284696e-5,-8.995926747409029e-5,-9.1545273548138e-5,-9.198972396937142e-5,-0.00010208657110225488,-9.585881363023555e-5,-8.837798775514434e-5,-8.474917014687121e-5,-7.882540614540423e-5,-6.975469124753072e-5,-6.06132447259694e-5,-5.539155774954192e-5,-4.9270726930038205e-5,-4.5225858575207195e-5,-4.2166499952789186e-5,-3.753359301381566e-5,-3.17836327276024e-5,-2.0246179665856278e-5,-2.1581743793843535e-5,-2.4744525258323343e-5,-2.3485605093816507e-5,-1.7559975720765315e-5,-1.3487486212929842e-5,-1.8698253861621404e-6,-5.46214441959442e-6,-1.3483581456169198e-5,-1.6916082551147872e-5,-2.2354120941421188e-5,-2.6983723571352675e-5,-3.233259730526277e-5,-3.8352768993827574e-5,-5.038300567246021e-5,-5.3223068873440576e-5,-5.238685388413889e-5,-5.800355492656327e-5,-6.038971950743809e-5,-5.9703688413555965e-5,-6.093425382061527e-5,-6.23441776993494e-5,-5.6110360112170155e-5,-4.894885354994452e-5,-4.625807812352723e-5,-4.7393704048248526e-5,-4.3440779850483145e-5,-4.919035170631054e-5,-5.0085313227024314e-5,-4.559016892877559e-5,-4.9516823141352014e-5,-5.2190897462391675e-5,-5.68226589439501e-5,-5.466059207158221e-5,-5.481049475922966e-5,-5.805509235614614e-5,-6.251918832504182e-5,-5.7861705530818305e-5,-5.1884731264130785e-5,-4.027554736820309e-5,-3.474791887578002e-5,-3.427479426796151e-5,-3.6102529122697054e-5,-3.83579697781492e-5,-3.838228388357718e-5,-3.5951202641714717e-5,-3.643536764140581e-5,-4.3265787761006695e-5,-4.7531162256965645e-5,-3.99268346359078e-5,-3.702012813325061e-5,-3.3958476882259256e-5,-2.8585050861497483e-5,-1.8942093557999905e-5,-1.1001370339482203e-5,-1.891630780457804e-6,-1.3923270014615474e-6,3.6527895524102873e-6,-5.334097346450313e-6,-1.3133902520745682e-5,-1.8458944496881525e-5,-2.5990148570918264e-5,-3.0428081321483165e-5,-3.205179953460421e-5,-3.531340355175597e-5,-3.96285450279597e-5,-2.8895006532574737e-5,-1.7785581778736822e-5,-1.1395996362969798e-5,-7.406130911522982e-6,-9.726237317345925e-6,-8.733504033091251e-6,-3.922396143307066e-6,-3.1838373892772427e-6,-9.43342078435684e-6,-9.58168264821972e-6,-7.560137739403822e-6,-1.2183278342658452e-5,-9.995038753950312e-6,-1.1384115435436275e-5,-1.1680013448565515e-5,-1.0140602891843031e-5,-7.721779405901938e-6,-1.7363969554118017e-6,-3.927283403628143e-6,-2.0062570080446895e-6,-1.0066597124623767e-5,-8.076724890545507e-6,-1.0548612200220907e-5,-1.6027471266148376e-5,-1.9126422912201345e-5,-1.7508197169755873e-5,-2.9411574544106478e-5,-3.470561219443631e-5,-4.171432563242664e-5,-5.2698240372634573e-5,-4.994409916561918e-5,-5.02185056078725e-5,-5.0408993359339124e-5,-4.914971371568078e-5,-5.1332449731681226e-5,-4.77695267005025e-5,-3.953050283724458e-5,-4.459197016878147e-5,-5.5295117172978675e-5,-6.107703425345456e-5,-6.816455848710963e-5,-6.367577235027335e-5,-5.458656601329807e-5,-5.915153463655056e-5,-5.966336775731824e-5,-6.220808243935317e-5,-6.299722126644181e-5,-6.387299968920785e-5,-7.02227712699909e-5,-7.320408911989686e-5,-6.744383273471514e-5,-6.18099350677951e-5,-5.9266739131142235e-5,-5.544015340867172e-5,-6.395632975731479e-5,-7.244093621608903e-5,-7.146197023217422e-5,-7.022705695021381e-5,-6.732213050660971e-5,-6.918116373074817e-5,-5.979115812233844e-5,-6.0659794454289386e-5,-5.412275596658823e-5,-4.391941835550535e-5,-3.896568850153408e-5,-3.381013487126799e-5,-3.3048184529699646e-5,-2.3444971843783455e-5,-1.8815091369196838e-5,-1.3399928539499999e-5,-1.3731799477259056e-5,-1.3327102856692393e-5,-7.845190062568562e-6
0.0013833722148111165,0.001214883904150761,0.001102988961278411,0.0010153074932220158,0.0009340773473012908,0.0008628230632886263,0.0008023988668006518,0.0007358595904180973,0.00067868360311696,0.0006209833762324457,0.0005667496530115087,0.0005145658952397826,0.0004751172164741748,0.00043291740470100367,0.0003939325682786939,0.00035826968192135004,0.000326483255188916,0.0002998231213862786,0.000281973133965212,0.0002660009125004916,0.00025034668775535384,0.00023116609663937138,0.00021421053026237616,0.00020495437918976181,0.00019834709153190372,0.00019150779183100207,0.00018353908498229806,0.0001795889230583928,0.00018118105793764734,0.00017979407441268908,0.0001833168269907382,0.00018015099556597343,0.00018287000637192376,0.00017584807124362898,0.00017615037387843944,0.00017534759904011128,0.0001661548760985561,0.00016281232951898878,0.00016216908539937546,0.0001608762487981755,0.00015898093388796078,0.0001555602333461351,0.00014924457225383168,0.00014493171822670093,0.0001412769024311937,0.00014418216752622566,0.00015070698908154932,0.0001499555318389295,0.0001535013668252963,0.00015730778815351525,0.00016116170339163327,0.00015936340666341598,0.0001569442330123213,0.00015268127726072618,0.0001376088545165487,0.00012767759500894853,0.0001243813871717757,0.00011492699494120784,0.0001041841573394804,0.00010220950926816172,0.00010258621379029621,9.553456876973878e-5,8.653880876322392e-5,7.47052503303786e-5,6.599860002451243e-5,5.625353529278286e-5,5.021279017934781e-5,4.4780909075977176e-5,3.854352571088091e-5,3.7854249741360324e-5,3.583132484372455e-5,2.8079478301497455e-5,2.6160631709613747e-5,2.6001014251456715e-5,3.0976010278342586e-5,3.40612391122787e-5,4.5232284414316056e-5,5.82039933303034e-5,7.187622466144246e-5,8.263537457099528e-5,9.578770575275605e-5,0.00010644231643858867,0.00011374380545402784,0.00012188565412210097,0.00012291701455416931,0.00011956633062621461,0.0001160638322276346,0.00010386436282522484,9.362646627169896e-5,9.051920735104273e-5,8.237138450656637e-5,6.789571426512734e-5,6.378208964256745e-5,5.490837179934536e-5,4.593232969531318e-5,3.840152544059311e-5,3.260335404256222e-5,2.403449093079736e-5,1.791269322121347e-5,1.1850679545819292e-5,9.345941348904571e-7,-1.2299499109180862e-5,-2.2120358931893198e-5,-3.165294781243673e-5,-3.5972408442602264e-5,-4.0031187478900544e-5,-4.500901202600205e-5,-4.7183629180825426e-5,-4.380031399332525e-5,-4.036698829329403e-5,-3.8794253063088715e-5,-3.919269706218649e-5,-3.249627601258694e-5,-2.1113564316361448e-5,-1.678687362579809e-5,-4.665283621127291e-6,4.533365382374255e-6,3.4469569482333346e-6,-2.545671413556556e-6,-9.570124249875513e-6,-1.776779258056494e-5,-2.6648000360020065e-5,-2.9430080301793855e-5,-3.364328305077362e-5,-4.476036353776509e-5,-5.1495925832367674e-5,-5.533736567957154e-5,-6.383102573072229e-5,-7.864123378131734e-5,-8.699747903733013e-5,-9.60258776254184e-5,-0.00010669192765320267,-0.00011241657604954827,-0.00011062466381479396,-0.00011449030461203724,-0.00011176911783024657,-0.0001085627388652879,-0.00010929458636023867,-0.00010365587255713871,-0.0001068009191741621,-0.00011593879445682766,-0.00012546642506728142,-0.00012561568047900388,-0.00013101414247533902,-0.00013855723830481323,-0.00013481354883786414,-0.0001484678498194587,-0.0001535813799664442,-0.00016041935067899831,-0.00016826015011355943,-0.00017326053526837032,-0.0001801588788283857,-0.00018627669486687896,-0.00018318172245888713,-0.00017763078644963322,-0.0001760077308471016,-0.00017258299164140707,-0.0001662708019848749,-0.0001646505797368763,-0.00015731577909406083,-0.00015092734571262444,-0.0001453153634772102,-0.00013240659321581122,-0.00012627439249090754,-0.00012133367229693637,-0.00011528450164066481,-0.0001079530484634706,-0.00010360568268140377,-9.830706714187311e-5,-9.267264817916585e-5,-8.886421793772026e-5,-8.048804507409342e-5,-7.976771424068183e-5,-7.860283129743066e-5,-7.823899180936733e-5,-7.582296656817083e-5,-7.736425325101662e-5,-8.383325275547713e-5,-8.233456952870019e-5,-7.46777108292881e-5,-7.784089523033764e-5,-8.975927200704503e-5,-9.625469219741044e-5,-0.00010667758062758525,-0.00011244327429595353,-0.0001140419842296681,-0.00011540761516069692,-0.00011860052921928373,-0.00011375857221572141,-0.00010894131066694418,-0.00010900417798613706,-0.00010268275311008462,-0.00010416688970431023,-0.00010667171918045539,-0.00010559554775478206,-0.00011174453600271918,-0.00011743741205682966,-0.00011527438902150612,-0.00011264097112210374,-0.0001126482193753132,-0.0001107559123374845,-0.00011431673081101905,-0.00010960504113381332,-0.000105325483694657,-0.00011147539445980186,-0.00010740726864558428,-0.00011131896484562998,-0.00011644152193490128,-0.0001221537848075588,-0.00012385166916360372,-0.0001302934690931631,-0.00013426867930257908,-0.00014342527534155514,-0.00015221324476792717,-0.0001613851918296816,-0.00016014867050391399,-0.00016602617110258173,-0.00017200710267808146,-0.00017583327867269974,-0.00017045892669544484,-0.00016543467425155105,-0.0001527645146007395,-0.00014539124202090462,-0.0001343451649033067,-0.00012249636669188336,-0.00011050092405877672,-0.00010274113976133832,-0.00010003500711057028,-9.423471509848582e-5,-8.815850081750137e-5,-8.199740834509321e-5,-7.420226493116414e-5,-7.205116568250749e-5,-7.61537220701312e-5,-7.650518654630186e-5,-7.1168131048074e-5,-6.779462198782922e-5,-7.401659271135724e-5,-8.387942738180822e-5,-8.313301990234925e-5,-8.6501298981371e-5,-9.171569718339085e-5,-9.690218136846083e-5,-0.00010198446495911383,-0.00010529717037336067,-0.00010394325279949095,-0.00010925684598078784,-0.00011409421947011478,-0.00011347506943708559,-0.00012207401833342436,-0.0001325490401086548,-0.00013585637131840092,-0.0001390313651311969,-0.00013771929935689224,-0.0001369224658534967,-0.00012928929637907912,-0.00012950762417499815,-0.00012851151890935834,-0.0001325406569617064,-0.0001371968012643442,-0.00013001186683555822,-0.00013043036904358834,-0.00013043160586820342,-0.0001303579596875808,-0.00013714857237063496,-0.0001414049835254154,-0.00014816207956751062,-0.0001549268374692456,-0.00015321013187011192,-0.00014805926770239272,-0.00015201380442251297,-0.00015279803026669878,-0.00015076374421948228,-0.00014583175766217673,-0.0001404204058889514,-0.0001315471326889907,-0.00012701241344810642,-0.00012178486313427256,-0.00011213532360473533,-0.00010370040515699533,-8.804007532087312e-5,-7.466070121600129e-5,-6.946855408937125e-5,-6.04875280161616e-5,-5.607621773977962e-5,-4.43799820176078e-5,-3.7937563907851566e-5,-2.8672767695769513e-5,-2.2955967598950446e-5,-2.0368418810776412e-5,-2.084770458322326e-5,-2.0783606911266852e-5,-1.9338136110854233e-5,-1.4970020677635506e-5,-1.592604063085485e-5,-1.2468009314647334e-5,-1.8771571248993916e-5,-2.5757472639268368e-5,-2.1679635525650745e-5,-2.4311744081620047e-5,-3.1523401300389515e-5,-2.9217726482785592e-5,-3.5741642588120825e-5,-4.204273122936933e-5,-4.4582733842577025e-5,-4.3721337312020584e-5,-4.797439678643494e-5,-5.489958685727574e-5,-5.157997239949969e-5,-5.516514138593864e-5,-5.8683653516947243e-5,-6.406484407473886e-5,-6.838914959905368e-5,-6.619440975763975e-5,-6.338342685625374e-5,-5.62365236090243e-5,-4.6740717363095856e-5,-3.90284748766441e-5,-3.3793939811578305e-5,-3.576725886628214e-5,-3.972855072512926e-5,-4.0368643747138357e-5,-4.42940433307136e-5,-4.7908818104673195e-5,-4.2044623455251895e-5,-3.2922821456898666e-5,-3.254353024596769e-5,-2.928210850529167e-5,-2.3834524435837177e-5,-1.8672374379857122e-5,-1.1856812333755199e-5,-4.67210646606533e-6,-5.067440312541345e-6,-3.2000575952329985e-7,-5.487444419721574e-6,-9.689552296193794e-6,-1.1510002290704698e-5,-8.093280339045902e-6,-2.922261905439734e-6,-2.3061552454065396e-6,1.3569336655382502e-6,9.062184764511817e-6,1.1358620843558242e-5,1.919021915230199e-5,3.082032985001273e-5,3.833708212634109e-5,4.14630285982752e-5,5.009138587651912e-5,5.50264193555376e-5,5.613978567816666e-5,5.1878012950553065e-5,4.664761477376228e-5,4.179717516267161e-5,2.902513530233809e-5,2.2973895320073114e-5,1.7190076925102637e-5,1.650719449240695e-5,1.676668762720554e-5,1.5835528075407936e-5,1.008401374937482e-5,4.754726743539427e-6,5.447317922915077e-6,1.4179898773249333e-5,2.4826242281863784e-5,2.644922202793088e-5,3.2142868133973784e-5,3.7656651462068806e-5,3.819213746702217e-5,4.863206280077478e-5,5.8078736723629e-5,6.289533882264435e-5,5.916374886607937e-5,6.008115257636991e-5,5.704833343016471e-5,5.215451921053231e-5,4.4552586173392746e-5,3.667706234319621e-5,3.7294987967260965e-5,4.213134724120204e-5,4.058488497209421e-5,4.4055063985082956e-5,5.43934611468839e-5,6.607639233548872e-5,6.018240703199308e-5,6.031900720689707e-5,5.4700492586779954e-5,5.9294109118235544e-5,5.934207463448458e-5,6.278237275637334e-5,6.102010321741385e-5,6.255011892110003e-5,6.347051595907105e-5,6.810927521479008e-5,6.955038038932006e-5,7.107209863178453e-5,6.800234132259793e-5,7.068755580980435e-5,8.171103225113186e-5,9.138392980435818e-5,9.961270394154376e-5,0.00011473663613785728,0.00012077565988433582,0.00012097133468720611,0.00011934889668539917,0.00011632254442384085,0.00011687671578269994,0.00011933636458820173,0.00012915536052506124,0.0001361285637365805,0.00014101108293967718,0.0001459763440446996,0.0001479825028961427,0.0001506676804562739,0.00015220564948069802,0.00015519641672971809,0.0001605906381449444,0.00016280978228497462,0.00017125380546450286,0.00017876291074875233,0.00018596719244327992,0.00019350721638981526,0.00019160298227568974,0.00019717690390471233,0.00020480710518258843,0.00021006134050197597,0.00020780772305512279,0.00021529767219067946,0.00021612014354256933,0.00020911996969247393,0.0002065512158292916,0.00020139110683245592,0.0001900447391964927,0.00018885198648539212,0.00018470701408803797,0.00017811183350096215,0.000167061855877237,0.00015201998802254736,0.00013663678483044164,0.00013020514984655437,0.0001253831559105474,0.00012346852396924853,0.00011626162145050082,0.00011274765526565598,0.00010524169177237963,8.726456264106297e-5,6.868806167294197e-5,6.250122614963545e-5,5.844624488792833e-5,5.375679779745148e-5,4.727173715677297e-5,3.7616434382489593e-5,3.889301471124282e-5,3.667106820987187e-5,2.944772392231997e-5,3.00225600509499e-5,2.5637166837168042e-5,2.797085902681676e-5,2.7964060284933897e-5,2.9405713580722324e-5,3.1672934535310585e-5,3.762420878501069e-5,4.424507534360046e-5,4.962368493291248e-5,5.789045176503105e-5,5.9200665070732226e-5,5.697889127213967e-5,5.67469888565417e-5,5.434095359155e-5,5.224229457036876e-5,4.335088544596015e-5,3.9806726829213486e-5,3.599981100236218e-5,3.770374237781926e-5,3.739139591890351e-5,3.380235413229858e-5,3.073972947672211e-5,2.9162434260768505e-5,2.098045636708316e-5,2.8552580108549e-5,2.9823550284055318e-5,2.6142445317752703e-5,2.9258283319036018e-5,3.0926152297719624e-5,2.9328009673556045e-5,3.69426992611425e-5,4.13644627072756e-5,4.8275088238273446e-5,4.360840634616228e-5,3.986930461654927e-5,3.237610544601146e-5,2.4630333329816033e-5,1.7804722029460547e-5,1.462115621327828e-5,6.805771100123455e-6,-5.027386703673951e-6,-1.2896336874917549e-5,-7.13013328004421e-6,-2.5273138447994244e-6,-2.1048877532638693e-6,5.942119162857048e-6,7.551017919001717e-6,3.89120101781905e-6,9.454788573473149e-6,1.794855094383495e-5,2.5668336253031548e-5,3.336739512901072e-5,3.5934863525218926e-5,3.956760196881057e-5,3.950093220104236e-5,4.0968696748863017e-5,4.058485581296833e-5,3.95085502674573e-5,3.851682064925648e-5,3.888931656112296e-5,3.490185123840884e-5,3.2779670148149734e-5,4.3053707995654314e-5,4.4312296725496305e-5,4.272499054287451e-5,4.34135412495404e-5,4.045658883526063e-5,3.1674235148576164e-5,3.036061449569048e-5,3.075210265678158e-5,3.6824779375757005e-5,3.227069239999108e-5,2.4877720955581546e-5,1.839388901389251e-5,1.615717436207554e-5,1.670853678799166e-5,1.727248379859557e-5,1.6728212354465026e-5,1.908804879539478e-5,1.2325699929813462e-5,8.634058535770343e-6,1.1989837277454635e-5,1.3033670300962668e-5,2.0456289771927985e-5,2.767571768556835e-5,2.504443450038693e-5,1.4233342970092282e-5,1.0462771610895247e-5,1.0134480264949788e-5,1.0727953952777605e-5,9.078749354052546e-6,3.7616052922934828e-6,1.5467419419550866e-6,-9.315998708351285e-6,-1.0598028876855997e-5,-1.0834962771326455e-5,-6.683503466815543e-6,2.9942445392168467e-6,6.124195092946824e-6,4.076859466002251e-6,7.519147719096293e-7,9.672410661470707e-7,5.820422558278983e-6,8.031461128083277e-6,4.616132049686623e-6,6.993550339808445e-6,9.979885930285381e-6,1.3770253662107743e-5,1.947698059029e-5,2.425216539600457e-5,2.9190398157264395e-5,2.68388946004707e-5,2.5344442490343496e-5,2.837872622987519e-5,3.230074596606877e-5,3.838828384432651e-5,4.508773338936699e-5,4.6713907823188136e-5,4.391705773636128e-5,4.400041306478537e-5,4.109153171586511e-5,3.727791777995201e-5,3.072681204110372e-5,2.1856668800940026e-5,2.2025057834768445e-5,1.9532772714531594e-5,1.2200972351063182e-5,9.842295010302747e-6,5.1767310822022975e-6,-1.0671332962066159e-6,-4.5554688608473006e-6,-8.611983502494119e-6,-1.2165840391610212e-5,-1.8437743298898515e-5,-2.456272704980662e-5,-2.5964075895512325e-5,-3.6407150024381446e-5,-4.0835884443497475e-5,-5.516900149578151e-5,-6.449722136122207e-5,-6.813081676999783e-5,-7.165330842889539e-5,-7.869177373688656e-5,-7.738645658794987e-5,-7.366277631350304e-5,-6.602196794168074e-5,-6.858196627376734e-5,-6.39929141459758e-5,-5.655219483700373e-5,-5.2028374266041163e-5,-5.0214296798092367e-5,-4.967864177108686e-5,-4.9767030266086776e-5,-5.542368713105846e-5,-5.335259780964286e-5,-5.441092092325371e-5,-6.045142227359792e-5,-6.050620392763086e-5,-5.2163237279957654e-5,-4.331806643106512e-5,-3.715863624404687e-5,-3.574548178595619e-5,-3.231075419425032e-5,-3.36452199435024e-5,-3.0498361438824804e-5,-2.9008313384715582e-5,-2.11268734571281e-5,-1.6662008655858247e-5,-8.594872384110515e-6,4.1860318341290415e-6,1.1408274510515202e-5,1.1885128232507074e-5,1.111987880652906e-5,1.156042311237857e-5,1.1700303330567637e-5,7.287489146843821e-6,-3.156906139662817e-6,-5.202489075620268e-6,-4.752045128668312e-6,-5.817671581902068e-6,-7.978154281846671e-6,-1.3573461651495467e-5,-2.4156048210270317e-5,-2.7513570455628636e-5,-2.9909526605834e-5,-3.587962743980794e-5,-5.289563120517718e-5,-5.8697352591235055e-5,-6.548544719333916e-5,-7.445095802810594e-5,-8.550076203859945e-5,-9.338951096153969e-5,-0.000103702832154465,-0.00010435901822979623,-0.00010686132746823774,-0.00010885515140561413,-0.00011574938135029408,-0.00012060269452485783,-0.00012685569684088306,-0.000138378482224002,-0.00014291885660145637,-0.0001535372914915227,-0.00016447318720167712,-0.00017076784209615038,-0.00017520139490160495,-0.00017982621532937012,-0.0001837410663795818,-0.0001820388935119174,-0.000178528874121797,-0.0001717778770422483,-0.00016954202212228145,-0.0001622504186833135,-0.0001535044550798483,-0.00014465049748295803,-0.000133310521006583,-0.00012613527714865517,-0.0001269453782818911,-0.00011908752018726271,-0.00011204503996384548,-0.00010836716585482408,-0.00010718735872119864,-9.599763406521389e-5,-8.812208597909053e-5,-8.983344047213035e-5,-9.25967063625957e-5,-9.611980561769965e-5,-9.300466009792919e-5,-8.1822105014678e-5,-7.581843232698938e-5,-6.547063205488931e-5,-6.343771795161885e-5,-6.686779143574563e-5,-7.095024740740589e-5,-7.380768675940787e-5,-7.413255403173354e-5,-8.040107865139108e-5,-7.852252060806282e-5,-7.764847089898315e-5,-8.176010531763927e-5,-8.645772172942235e-5,-8.676360881931218e-5,-8.451425686592996e-5,-8.506025926549268e-5,-9.259267549909956e-5,-9.353037091838514e-5,-9.20616679069254e-5,-9.238830839185449e-5,-8.682974341465075e-5,-8.434906362409304e-5,-7.840313432621805e-5,-8.077582174719191e-5,-7.361952294314278e-5,-7.556402134471104e-5,-6.735573318627921e-5,-5.704802102574549e-5,-5.133934274977355e-5,-4.506859681096226e-5,-3.568977927014302e-5,-3.631907373936722e-5,-3.467924828353006e-5,-2.967439665126397e-5,-2.3222466923449895e-5,-2.168376608853743e-5,-1.706123426059484e-5,-1.0230507944748227e-5,-8.006982866003504e-6,-1.1799342965633286e-5,-1.0532908754542974e-5,-7.613928721131438e-6,-1.2661505531452833e-5,-1.717424520180502e-5,-2.8722945350838894e-5,-3.933913652273976e-5,-4.841058063554399e-5,-5.325546541327079e-5,-5.734850010537326e-5,-7.007221015139598e-5,-8.680693728011745e-5,-9.393119337135588e-5,-9.884708791984176e-5,-0.00011219434970035625,-0.00011256591684291381,-0.0001185975701023191,-0.00012975465255491813,-0.00013521696560797527,-0.00013253475539559264,-0.00013189790568500525,-0.00012442663965731056,-0.00012024679217960386,-0.0001124263204917365,-0.00010641259143580273,-0.00010204989729361629,-0.00011097121829651803,-0.00010982754237560786,-0.0001041147616652689,-0.00010663141469465109,-0.0001047855120629291,-0.00010475674895535178,-0.00010394109590815254,-0.00011263632641432403,-0.00012626610359198925,-0.00013712229762493624,-0.00014886997655177593,-0.00016091337396709852,-0.0001636272006959903,-0.00016195307082359558,-0.0001577915853610237,-0.00016072210967299518,-0.00015669979383748945,-0.00014507424111371596,-0.000131701490512923,-0.00012313020000447004,-0.00012263655929285028,-0.0001149034723179959,-0.00011088706789578719,-0.0001136636261803864,-0.00011109045725458799,-0.00010791341819844728,-0.00010476562155467703,-9.467140015014371e-5,-8.88973045655235e-5,-9.13882604023228e-5,-8.959585660656588e-5,-9.016992086964247e-5,-9.176372478446585e-5,-8.688456287607109e-5,-9.344474035586408e-5,-9.30205449754443e-5,-9.604180723921838e-5,-0.00010097629901452685,-9.925802708021756e-5,-9.969268327532456e-5,-0.00010181898564113534,-9.407475241770302e-5,-8.97880556922386e-5,-7.876449991559637e-5,-7.448641384252365e-5,-7.683152109117455e-5,-8.103745020370445e-5,-7.762682686297248e-5,-7.398001793938683e-5,-7.130644473224216e-5,-7.344423041022224e-5,-6.745663555399128e-5,-6.116448106119652e-5,-5.009915879159462e-5,-4.483556413646731e-5,-4.364650873111104e-5,-4.880856701535001e-5,-5.11134345660385e-5,-4.1000115707790856e-5,-3.098462368811325e-5,-1.977323272595778e-5,-1.223052977752207e-5,-6.474855219118216e-6,-2.896624189778415e-6,-5.288238602493131e-6,-3.275999075836464e-6,-1.090970387198269e-5,-2.1330835346619345e-5,-2.5201376400809286e-5,-3.463853274345072e-5,-4.3110527173902986e-5,-5.3016285077947016e-5,-6.60516395615665e-5,-7.310943014283335e-5,-8.156006291192107e-5,-8.909689085749769e-5,-9.601807372687943e-5,-9.497819321118586e-5,-9.764612971872798e-5,-8.999766833194545e-5,-8.8989055210375e-5,-8.992139392500992e-5,-9.302284009574913e-5,-8.799056303605574e-5,-8.19407208544068e-5,-7.630138625449367e-5,-7.930304682357275e-5,-7.152966419540595e-5,-6.54159616541337e-5,-6.445133283157594e-5,-6.594514729017061e-5,-6.91006606691104e-5,-6.60935525442845e-5,-7.01327310202957e-5,-6.544419426068045e-5,-5.5933164037867214e-5,-5.285851758533466e-5,-4.906933636669409e-5,-3.942886800578342e-5,-4.077623352411014e-5,-3.9772538422847754e-5,-3.165939794448357e-5,-2.636064018005407e-5,-2.2058680612330985e-5,-1.667489043940898e-5,-2.182329306023783e-5,-3.130125700370279e-5,-4.375667686093804e-5,-4.670808310676174e-5,-5.137119797923868e-5,-4.510799409730777e-5,-4.049275617230787e-5,-4.011313658044777e-5,-3.894061147406565e-5,-4.054599441226627e-5,-4.026479375841629e-5,-3.648537835599451e-5,-3.4663968405692134e-5,-2.6750552269985538e-5,-2.3719185262197064e-5,-1.7400307414005706e-5,-1.283708030469671e-5,-4.62450467103902e-6,-6.809128421440087e-6,7.445310605421524e-7,2.93237169257168e-6,1.0158620949285033e-5,1.352804504701577e-5,2.0220444036859642e-5,2.8354042369133717e-5,2.9389903851764103e-5,3.206787133494066e-5,3.6880452537823945e-5,3.767519498355212e-5,3.753078475015732e-5,4.308199909238687e-5,4.359941523143719e-5,5.49126627224486e-5,5.938238352228098e-5,5.974724093784579e-5,6.820199210461307e-5,6.848888370211681e-5,6.322739332917462e-5,6.977622739680354e-5,7.855501811407037e-5,7.446510257596042e-5,7.432270257267778e-5,7.606728766769763e-5,7.459246247273874e-5,7.433457182191576e-5,7.214482733431075e-5,7.16778289908258e-5,7.156260275309028e-5,6.619258444182497e-5,6.496732413670493e-5,6.433338171783567e-5,6.933034852933357e-5,7.189109275149025e-5,6.495706894782862e-5,5.9959456272600804e-5,5.912948392295203e-5,6.190168066814618e-5,5.9041852243383286e-5,5.993379522287046e-5,5.881452681158224e-5,6.182870899631612e-5,6.44895293190706e-5,6.552098158603078e-5,6.940301124327877e-5,7.34547704584791e-5,7.186424271689427e-5,6.441564580411293e-5,5.789863418454992e-5,5.234195698755206e-5,5.124274123030465e-5,5.344640008412076e-5,5.5787609375371235e-5,5.875146383173111e-5,7.135052076671026e-5,8.177370308495928e-5,9.248333750660601e-5,0.00010537021802909267,0.00010937628240918626,0.00011979617404340529,0.00013415842004105272,0.00014230921371505682,0.00015825174856251966,0.00016961995830399608,0.00016672744635495005,0.00016440347292248877,0.000169809943758328,0.00016974706743676178,0.00017297010173285903,0.0001816990653084222,0.00017740484451147823,0.00016464043187982847,0.0001554173343642829,0.00015245057651359152,0.00015021214833697168,0.00015007113105407584,0.00015263177320061494,0.00014603663590887465,0.00013786027687042322,0.00013451581305594842,0.00012840574403068006,0.00012481199303848305,0.0001248585007576396,0.00013147688190882301,0.0001331599709593191,0.00013192871796351762,0.00013722956092834148,0.00013711270219683694,0.00013545363414500352,0.0001296943368298041,0.00011688275743144799,0.00011613787308730845,0.00011101623296677293,0.00010513359168501234,0.00010929453948709641,0.00011090453224887721,0.0001026366787674244,0.0001042147596011226,0.00010733862555947638,0.0001073825631516304,0.00011080874688256992,0.0001127807415975708,0.00011552372191625465,0.00012476287191365808,0.00012305778527948847,0.00012403333050281347,0.00013316923143791317,0.00014239476029156016,0.00015022391501116387,0.00015844534704969896,0.000166435815837732,0.00017825143956290285,0.00017913454106890947,0.00018611012815574214,0.00019039726782860483,0.00019968729297405798,0.0002091376266361873,0.00021221925394289206,0.00021415519069008834,0.00021128907568445366,0.00021109168340177338,0.00020739948377027274,0.00020737950047087884,0.00020069225401038725,0.00020437000306409845,0.0002035701256456104,0.00019773186327115476,0.00019349140521459306,0.0001922513027182578,0.0001850829837186496,0.00018680322565971702
0.0016639270778359212,0.0015132417014887386,0.0014123654213508675,0.0013357750646027448,0.0012602674892762378,0.0011931461636286757,0.0011288554293229377,0.0010752947215405912,0.001018753764179615,0.0009679162822975648,0.0009216780198450131,0.0008736889558411182,0.0008340542508837728,0.0007972247110987103,0.0007616576539377272,0.0007277975106671575,0.0006958972731577167,0.0006665323565715638,0.0006390706334741474,0.0006124328589141984,0.0005827346101257283,0.0005518390948686627,0.0005267756269461677,0.0005010044866105001,0.00047889180327117593,0.00046141489580341815,0.0004424971339865599,0.0004194897530574348,0.0003927541173496476,0.0003741680363042716,0.00034940582512059615,0.0003302725087147662,0.0003107736188738092,0.0002903515508708907,0.0002685166762104291,0.00025794493074104974,0.0002420791026365244,0.0002297496273657935,0.0002219219303506936,0.00021527429719832893,0.00020100884995131522,0.00018746237034815354,0.00017658599148702645,0.00016736269450026717,0.00016019966154483934,0.00015774289129500248,0.00015257104262973928,0.0001438829384051811,0.00013601410595730478,0.0001304150951039132,0.0001234760381276613,0.00011943376429486221,0.0001172051316250746,0.00011135039278164393,0.0001054707043621007,0.00010207907918788609,9.73733724909956e-5,9.548465698652799e-5,9.332519930457121e-5,9.583368628938196e-5,9.787638223126747e-5,0.00010165967717977053,0.00010781558482578491,0.00010427350862298192,0.00010478182490699006,0.00010238916096983788,0.00010071427380470134,9.552109601721269e-5,8.794095593654092e-5,7.619115338344762e-5,6.769122355060129e-5,6.261026622230631e-5,5.287672166135694e-5,4.271361559451521e-5,3.673474655089804e-5,2.8857287239780736e-5,2.1826127442962417e-5,1.737634382046423e-5,1.4069047752517683e-5,1.5764555757585697e-5,1.5581118396726483e-5,8.424835121789443e-6,3.4540050255077884e-6,1.0382997400847616e-5,1.2951040356411132e-5,1.5263946138046076e-5,1.5420831295632057e-5,1.7212876358405183e-5,2.0619303596019378e-5,1.8460405730592365e-5,1.4413929621405935e-5,2.492218916082163e-6,-7.230941297341411e-6,-2.2041455203570165e-5,-3.0082239431157898e-5,-3.305498238020096e-5,-4.507767938344584e-5,-4.947506891285089e-5,-5.264575519504539e-5,-5.3911779987289356e-5,-6.0517868118948516e-5,-6.951738575629014e-5,-8.186476159772147e-5,-8.806567864499462e-5,-9.848248620941005e-5,-0.00010038154503498897,-0.00010374256630033533,-0.00010520837928251421,-0.00010465178709879732,-0.00010155493290240707,-0.00010635514738921235,-0.00010602084043938137,-0.00010398558169768202,-9.949477328159438e-5,-9.459882503398885e-5,-8.129155191441722e-5,-6.991539879538662e-5,-5.924597044716776e-5,-4.777658611086747e-5,-3.583716749110327e-5,-2.409812949160664e-5,-1.5696332781241833e-5,-8.962372994441386e-6,3.6324434371984662e-6,9.257694038812659e-6,1.4203770747524263e-5,2.2983560864269226e-5,2.7481252214396676e-5,3.8449371099452326e-5,4.1564270284503496e-5,5.162808254283471e-5,5.898404352303521e-5,6.327151172149063e-5,6.333988863360107e-5,6.778124447080541e-5,7.42344202312719e-5,7.887671637423876e-5,8.548095654037339e-5,7.93169956406987e-5,8.664957356790738e-5,9.278689434147761e-5,9.10417179916473e-5,9.158037151497327e-5,9.333513090940662e-5,8.537349598301883e-5,7.632701693648955e-5,6.845360206812932e-5,7.192956490806401e-5,6.382165943468328e-5,6.223047856231784e-5,6.432702166059657e-5,6.578860551573559e-5,7.586048851932902e-5,7.331150725549691e-5,7.530832607986674e-5,7.133519075773893e-5,7.018678501194875e-5,7.301066229815013e-5,7.181140591877062e-5,7.367136591008407e-5,7.10686018085048e-5,6.906669250119441e-5,6.509413126939509e-5,6.0224842349663774e-5,5.358342288003308e-5,4.674162134464175e-5,4.388563294695614e-5,4.2740116547087e-5,3.637194055833627e-5,3.721850410197951e-5,3.985249217049793e-5,4.224914759480883e-5,4.504644170708129e-5,4.272832769023958e-5,4.349485116743851e-5,3.9740765909295156e-5,4.78051514721271e-5,4.952726884327755e-5,5.02578125482727e-5,5.357202337252971e-5,5.5645135204957595e-5,5.7490634897053524e-5,5.9015733846725835e-5,6.885743375414912e-5,7.6014397080303e-5,8.666718696447223e-5,9.053350706929956e-5,9.276341454680429e-5,9.180317036717396e-5,9.220332280798597e-5,9.453702836720845e-5,9.806368813886756e-5,0.0001080044769884888,0.0001022959395488687,9.705737207988063e-5,9.494481443980102e-5,9.662475937541192e-5,0.00010030162441332938,0.00010022899482610984,0.00010362617922239158,0.00010220089187169141,0.00010505104577622871,0.00011321897941183744,0.00011547118299746633,0.00011953125066183342,0.00011726166986786303,0.00011543118327522148,0.0001137116206340086,0.00011058752588349439,0.00010456734831404078,9.525095230506351e-5,9.058074481210432e-5,8.709580461683847e-5,8.145350934791527e-5,7.3920812014943e-5,6.275614262907269e-5,5.364369934280032e-5,4.680789947828617e-5,3.8623475504274864e-5,3.878204087949687e-5,2.9946477005466116e-5,2.202166165075514e-5,1.0839130423717554e-5,9.903768908307647e-6,3.5640261839012506e-6,-5.461744572671839e-7,-2.3749724499488894e-7,-1.1213926092178304e-5,-2.002347166617857e-5,-1.7809719827726886e-5,-1.562276708883356e-5,-1.3083846354646663e-5,-1.6287503298527504e-5,-2.4290966131393847e-5,-3.317859158536487e-5,-3.76173693195779e-5,-4.283690047235557e-5,-4.134262906325875e-5,-4.134387854268699e-5,-5.050356871641658e-5,-6.135679811847036e-5,-7.030682113553149e-5,-7.837220695915015e-5,-8.389929473886605e-5,-9.081068235805826e-5,-0.00010159696318141613,-0.00010750457585771373,-0.00011283480399043096,-0.00010745536938910603,-0.00010407681507033428,-0.00010292405788546563,-9.869978545789321e-5,-9.365817200727941e-5,-9.240372529482287e-5,-9.688940573518678e-5,-0.00010136484500985652,-9.513087289312739e-5,-9.191881388919501e-5,-8.517335929483277e-5,-8.057524084689936e-5,-7.832519671182191e-5,-8.121433488314995e-5,-8.266512358068047e-5,-7.943076547186376e-5,-8.604480229882912e-5,-9.431120074750693e-5,-9.874318060114962e-5,-0.00010144688222577547,-0.00010051752790160677,-0.00010515862476966703,-0.00011165282746209558,-0.00011641333523030196,-0.00012064930538518532,-0.00012425901296932312,-0.00013200711767609357,-0.00013005267372901544,-0.0001312650265936173,-0.00012781145490038675,-0.00012721782263429133,-0.00012424118289111713,-0.00011855311632576398,-0.00010716005469316587,-9.564744606992209e-5,-8.62291909320301e-5,-7.79483397754311e-5,-6.954097159520216e-5,-5.972011761414353e-5,-4.5724304997254216e-5,-3.552865503379652e-5,-2.8377531993658252e-5,-2.4352681655052543e-5,-1.3931314828346767e-5,-6.445820592140742e-6,-1.000869238229222e-6,2.373756108205768e-6,8.417936092786543e-6,1.5107961736426494e-5,1.678279384380225e-5,1.5469200240137887e-5,1.5482451737082865e-5,1.2470728512944915e-5,6.096190564800322e-6,7.046452346637095e-6,1.0736607348021907e-5,1.2362062170571733e-5,1.4829133900212573e-5,1.8728888402489135e-5,2.06009811478278e-5,2.0514156250017977e-5,2.624316236967963e-5,3.026233245879932e-5,3.657220762229009e-5,3.786817600158362e-5,3.735485924151112e-5,3.462939062672572e-5,2.946622639870149e-5,3.059123087182664e-5,3.29157665897965e-5,3.3607461993484876e-5,3.2365334515850396e-5,3.7293399139891735e-5,3.8645991773132234e-5,4.087497664369041e-5,3.961376816913486e-5,3.3707448842091594e-5,2.9268849124677857e-5,2.1905242092622195e-5,1.5640063195688638e-5,1.0215303043823862e-5,6.423027214544393e-6,3.280087417741903e-6,3.3246062109708346e-6,4.8700170506041765e-6,-5.343848840072683e-7,-2.6350156922869027e-6,-7.404240705321829e-6,-1.408562516430031e-5,-2.0707466421053215e-5,-3.0873902262802754e-5,-4.4427182301198205e-5,-5.755647438185536e-5,-6.16319140606336e-5,-6.52019792317152e-5,-6.322722126805486e-5,-6.144559554943226e-5,-6.555777275079224e-5,-6.403470406091764e-5,-6.294614125273565e-5,-6.048336892859574e-5,-5.670177067956877e-5,-6.069961879291848e-5,-6.795318904654927e-5,-7.950650649864467e-5,-9.371913237331922e-5,-0.00010781307855319354,-0.0001201486380510632,-0.00013093919389486317,-0.00014294438567466863,-0.00014788159854125805,-0.00014740390575815644,-0.00014315708023054555,-0.00014361271898693067,-0.00015259392630280144,-0.0001647623732295983,-0.00017835567984281726,-0.00018716111755213256,-0.00018792755058699237,-0.00018979354402316623,-0.00019363569873864667,-0.00019403246210108978,-0.00019637649866145773,-0.00020239874384989518,-0.00020941144797264995,-0.0002104457336143654,-0.00021634160298604347,-0.00021778296686012335,-0.00021442503303407132,-0.00020912112227824265,-0.00020384894017982076,-0.0001976406443192721,-0.00018041026889937994,-0.00017328900182112151,-0.0001704530902279767,-0.00016951076825822008,-0.00016118299061878487,-0.00014809610994091026,-0.00013576389040384295,-0.00012659603935951167,-0.00011474562783236,-0.00010015669045226162,-9.669494436033771e-5,-9.515829510221003e-5,-8.681665645760468e-5,-7.952182826139672e-5,-7.8632612659568e-5,-6.5859933731078e-5,-5.9825319993329154e-5,-5.8553898350975925e-5,-5.253196803202505e-5,-4.844551124340368e-5,-4.347611472417362e-5,-4.189060760713747e-5,-3.304490348902958e-5,-2.687229446792026e-5,-1.9151754170481453e-5,-1.418318672156354e-5,-5.888490360002155e-6,-6.261844845483156e-6,5.203241166517849e-6,1.2160130471425946e-5,1.658832878675698e-5,2.5825547271813097e-5,3.0012727594545594e-5,3.168203321289826e-5,3.0466945596024797e-5,3.435915012237131e-5,3.8630886328621656e-5,3.710992116804006e-5,3.577331299012095e-5,3.4434506556778866e-5,3.435710319707306e-5,3.465714396582018e-5,3.2241727620346555e-5,3.041491204124801e-5,2.707141189864496e-5,3.0217746535569964e-5,3.0824258238008256e-5,2.7199556297961463e-5,2.4500092710172576e-5,1.8142761024963994e-5,1.0917462201071974e-5,1.097257954730431e-5,1.2541647649146885e-5,8.688225613157282e-6,1.568401785043342e-6,-2.1034971007092308e-7,-3.45360689747592e-6,-9.76267418645107e-6,-1.7961705064971813e-5,-2.9931634415487837e-5,-3.800797987417458e-5,-4.414833022970198e-5,-4.470238684742052e-5,-5.019042123375705e-5,-5.232346897436529e-5,-5.3969188656519366e-5,-6.022913152864492e-5,-6.473942473249697e-5,-7.857100162616274e-5,-9.006919105500052e-5,-9.414351979248004e-5,-9.844692757240337e-5,-0.00010749744477042134,-0.00012059165780006993,-0.00013257203409080303,-0.0001412347622632164,-0.00014919934587267515,-0.00015386566035918565,-0.00015671953662465282,-0.00015363012175363523,-0.00015654091644785179,-0.00015826806157056994,-0.00016138028303539363,-0.00016631524558171547,-0.0001722495673955913,-0.00017926117243181235,-0.0001799640509866848,-0.00017917917351679844,-0.00017844905893341372,-0.00017164001504246573,-0.0001684067001952061,-0.00016220333943512763,-0.00015282590432750233,-0.00015218034943313618,-0.00014987747936836518,-0.00014769413899572218,-0.00014621334509828392,-0.00014696735854811567,-0.0001480188727950104,-0.0001494473766591557,-0.00014864986756989545,-0.00015369727576266073,-0.0001591482255454355,-0.0001631320037390507,-0.00016315762866854554,-0.000162636639381628,-0.00015541823088350827,-0.00015573813346593253,-0.00015254579264384276,-0.00014813301007550204,-0.00015212754058862871,-0.00014963003369042224,-0.00014680511853438374,-0.00014600889492172108,-0.0001405457046620991,-0.00013524143111156477,-0.00012726434419052003,-0.0001253006941809921,-0.00012383817133958778,-0.000126271014554753,-0.00012439505568685852,-0.00011690757541669735,-0.00012020623802965708,-0.00011609929905769049,-0.00011313045220298839,-0.00011737543071675331,-0.00011823740480587403,-0.00011570877052980597,-0.00011369355241380865,-0.00011914232796074571,-0.00012292610917347065,-0.0001157950472489939,-0.00010891697948300784,-0.00010862892382429274,-0.00011032918932685815,-0.00011120952389955695,-0.00010862219148671267,-9.83673490277184e-5,-9.719669171657612e-5,-9.637614679601381e-5,-9.134957473424633e-5,-7.463210183407595e-5,-6.684884897513375e-5,-5.691332080553747e-5,-5.068003627136462e-5,-4.773259087509802e-5,-4.857952615842714e-5,-5.342452202004954e-5,-5.611128947055712e-5,-5.373080074025382e-5,-4.6888666779779674e-5,-4.3389814344739646e-5,-4.343042611683459e-5,-4.387454850228351e-5,-4.2185003351227096e-5,-4.158952595847396e-5,-3.7813699481696576e-5,-4.0558613706842785e-5,-4.578906838754181e-5,-4.2566521287804134e-5,-4.732296895720664e-5,-5.119195257558214e-5,-5.549187843656715e-5,-6.138423599893477e-5,-6.676093614384283e-5,-7.157974042227883e-5,-6.511857366236943e-5,-6.696333597192826e-5,-7.067032219709588e-5,-7.173040229513162e-5,-7.285000831619652e-5,-6.893844611511078e-5,-7.535737287442729e-5,-8.592039574090077e-5,-9.86003855824881e-5,-0.00010314021807238986,-0.00010337326141070856,-0.00011203830107173133,-0.0001172440432839819,-0.00012008618715717725,-0.0001220004007459344,-0.00011987917714181663,-0.00011692573212493072,-0.00011935556330345443,-0.00012215248474457767,-0.00012397739139322368,-0.00012543672329445507,-0.00012786802237480283,-0.00011858027189601618,-0.00011357100351262895,-0.00011259041830066013,-0.00010631123870252126,-9.835370148242306e-5,-8.877273827958747e-5,-7.672711587193965e-5,-6.653090497965589e-5,-6.44849198782919e-5,-6.136154753478824e-5,-6.050509879507181e-5,-5.680624966105799e-5,-5.062425664713468e-5,-4.390276568268278e-5,-4.003042002539874e-5,-4.06506287460782e-5,-3.882554980742256e-5,-3.4780153557873633e-5,-3.950717490751841e-5,-3.511910949521535e-5,-2.886928857057271e-5,-2.1887897866225937e-5,-2.2235804294637042e-5,-1.68164834154017e-5,-8.398735523393942e-6,-4.2669169229315e-6,4.680461855294739e-6,8.180589740825762e-6,1.3331719231643846e-5,2.1348626939611794e-5,2.5228915810501483e-5,3.45814242081593e-5,4.02021052478001e-5,4.4418494520398644e-5,5.5093339271542266e-5,6.101036972249541e-5,6.300016425480103e-5,5.578005882254364e-5,5.679492843578133e-5,5.7570127537919054e-5,5.912288716054984e-5,5.996492045651402e-5,5.989231357667957e-5,6.0823954958746666e-5,6.830113694964128e-5,7.270520672980412e-5,8.233204321468381e-5,8.705425919765075e-5,9.445037190314084e-5,9.976593825137962e-5,0.00010313278206868392,0.00010581829491576871,0.00010633798357495606,0.00010489921514798207,0.000103767717783767,0.00010633162690360735,0.00010335486054300374,9.861640896622078e-5,9.603608329312823e-5,0.00010193708719064205,0.00010946845228379131,0.00011520852308287455,0.0001169299414106682,0.00011511335938171507,0.00011169941657419753,0.00010926677522219339,0.00010966270837936548,0.00010653489618625764,0.00010454226867924933,9.911512490131302e-5,9.619354876188568e-5,9.827023195866285e-5,9.37072803980696e-5,8.550219845663983e-5,8.010325128703576e-5,8.37111026163483e-5,9.338259824179445e-5,9.779643722852086e-5,0.0001072848737272126,0.00011454459900765387,0.00011721788949135497,0.0001153183752415334,0.00011511285091295137,0.0001186295576804183,0.00012490744161571188,0.00013365085215950162,0.00013719335473170188,0.00014926950283344317,0.00016003415334697477,0.00016529814021243086,0.00017226797028425868,0.00017861682009359336,0.00018445717376542575,0.00019534439397923272,0.00019769006800959485,0.00020239422162615712,0.0002019919106803922,0.00020405051978560212,0.00020232811432022445,0.0002043288207523744,0.0002066240748790134,0.00020569493061861922,0.00020148060390384707,0.00019464650264767598,0.00019230103121049486,0.0001933027380934204,0.00018262912480780663,0.00017263403462767168,0.00016255851384755802,0.00015718530886086606,0.00015271535569919803,0.00014395246111455453,0.00013448618447732836,0.00012967894845711226,0.00013083431916305707,0.0001360956336505358,0.00013424380452406855,0.00012850251121778036,0.0001251482090045466,0.00012159741600287999,0.00012098710892589067,0.00011304706064461793,0.00010927062894638379,0.00011217874518529922,0.00010983742352456882,0.00010090085000897862,0.00010094513510564633,9.645204193053141e-5,8.873153531514475e-5,8.34733012742971e-5,7.857938334249919e-5,7.378273749361925e-5,7.478175003799931e-5,7.716669376990712e-5,8.519861141470667e-5,9.259254816145049e-5,0.00010374218978897684,0.00011454430384229736,0.00012055835998230206,0.0001286903664743012,0.00013786155589321853,0.00014557222149635496,0.00014987144962739493,0.00015803727302611268,0.00016368085942392846,0.0001674218626270228,0.00017023467668626823,0.00017244970021659939,0.00016858527915350108,0.00016385223943991812,0.0001679355995779974,0.00016558579550212356,0.00016264994531818572,0.00015237031969215822,0.00015124351996788563,0.00014554229211966396,0.0001442967777336557,0.0001375076757842893,0.0001273839593586951,0.000130789284267618,0.0001212016669347988,0.00012031549161102415,0.00012161167461389979,0.00012505446649394445,0.00013225124955805419,0.00013550459348884452,0.00014085625749654378,0.0001448805381604748,0.0001478799098969026,0.00014983992950198403,0.00015578390473239701,0.00014810656618888005,0.00013801679408999436,0.00012941428346047355,0.00011655837010837878,0.00010399722486242523,9.642726674976319e-5,9.022946931780454e-5,8.737675652537738e-5,9.018207320485788e-5,9.407428868286728e-5,9.691975522171921e-5,9.115843432818066e-5,8.873098535196113e-5,8.677752582048442e-5,7.895461956675096e-5,7.078263372592478e-5,6.817796984504063e-5,6.076571862465823e-5,5.336361485835262e-5,4.693772954143528e-5,4.136678269814296e-5,3.238918001040845e-5,1.9615129933006416e-5,6.678481325012299e-6,-7.863818321052328e-6,-2.104056032735952e-5,-3.3479934948291214e-5,-4.18154655211496e-5,-5.429227404698934e-5,-6.99253715231069e-5,-8.185362402288113e-5,-8.336613854376423e-5,-9.02898175298383e-5,-0.00010099378826015645,-0.00010033292339309041,-9.648373173105603e-5,-9.51153457610871e-5,-8.647985816180465e-5,-7.777308604811755e-5,-7.278334904332343e-5,-6.725330233913634e-5,-6.121631975047022e-5,-5.516486056389728e-5,-5.0191577764213894e-5,-4.842742250147808e-5,-4.019407385234732e-5,-3.746239744526957e-5,-3.681355474848947e-5,-3.450708528668278e-5,-3.4107735141809275e-5,-3.2353482120294005e-5,-3.65370758066248e-5,-3.328063871023062e-5,-2.7165627444772173e-5,-1.805059177732326e-5,-4.196303016811539e-6,9.03951252777478e-7,9.129303042405182e-6,1.7218758931051487e-5,3.2656120002794906e-5,4.181885211013453e-5,4.904730681092008e-5,5.130987337311644e-5,5.579605270867108e-5,6.27402331818069e-5,6.754844497377923e-5,6.661885501459552e-5,7.047327127013473e-5,7.76181271315056e-5,7.917424192465626e-5,7.594821313254239e-5,7.466835808491027e-5,6.933973739376106e-5,7.205785848430527e-5,7.457876283794624e-5,7.242861741944893e-5,7.096969507920351e-5,6.302528263923503e-5,6.394930156812466e-5,6.296129767474062e-5,6.768504212232975e-5,7.758862587822439e-5,8.240894488165495e-5,9.209269004106271e-5,0.00010197597726656835,0.0001065881749646938,0.0001068800360470602,0.00010913043853762412,0.00011245160493222534,0.00010793639672713583,9.677401019745602e-5,8.881573530079872e-5,7.76018198876918e-5,6.680556083726917e-5,5.865655786303177e-5,4.555603871468381e-5,3.227954473777341e-5,1.9716527921380157e-5,1.6134268982224408e-5,1.1692471258904429e-5,8.48698243988653e-6,3.441305893478408e-6,-1.8867649001657665e-6,-8.24769627319598e-6,-1.3380313736326522e-5,-1.0505692487146649e-5,-9.300214182299032e-6,-7.178778493728093e-6,-8.414504532799573e-6,-1.2458238733594991e-5,-1.5793779530878212e-5,-2.1046346161082144e-5,-3.0505381197872516e-5,-2.8553378823141946e-5,-2.222846815775807e-5,-2.378145695907555e-5,-2.7423432821759873e-5,-3.41085087481763e-5,-3.2870966645598597e-5,-3.677248909427324e-5,-4.272414900309937e-5,-4.897229530166766e-5,-5.039846635448134e-5,-4.725614282969501e-5,-4.483489947995964e-5,-3.9611691811800985e-5,-3.4085305523570584e-5,-3.308135877269459e-5,-2.5907042824202522e-5,-1.8492237324421056e-5,-1.5697698604375702e-5,-1.091575162081026e-5,-7.639523022763e-6,3.7532788390171857e-7,1.3800900482885122e-5,2.407750066859844e-5,3.0754917520600536e-5,3.302091764528862e-5,2.6866264205406708e-5,1.7646975032393065e-5,7.496571779361811e-6,-7.321593193861045e-6,-1.4641773011295454e-5,-1.3466036017414745e-5,-8.444006927277022e-6,2.3911813102159378e-6,2.376203012334874e-6,2.9406013731562594e-6,-2.9247571389017016e-7,-9.362801059171793e-7,-1.6328920271841984e-6,-3.9507177621287964e-6,-7.297202753884216e-6,-1.5179075692736938e-5,-2.7995758537550343e-5,-3.1855824630445437e-5,-4.446806883604844e-5,-5.0938487623842434e-5,-5.85851331627941e-5,-6.780790316970241e-5,-6.733821124538926e-5,-6.823831764502227e-5,-7.030342502266244e-5,-7.117636579702938e-5,-6.439185196054489e-5,-6.489521221181533e-5,-6.691213640910553e-5,-6.688552584746999e-5,-6.105182201163276e-5,-5.956266458678147e-5,-5.713321402120161e-5,-5.1068011995325367e-5,-4.1989294141749634e-5,-3.834923379642248e-5,-3.830940689208817e-5,-4.0521772980850355e-5,-4.503333247756662e-5,-4.599961471087778e-5,-3.5884917996027505e-5,-3.673292554500391e-5,-2.8161097436269956e-5,-1.4505339422589633e-5,-1.5732857116553921e-6,6.4600764418448524e-6,1.3788917488362049e-5,1.7148696126875157e-5,1.943319137726454e-5,1.9802141148995976e-5,2.0101669230299683e-5,1.7037904603307686e-5,1.4194186253822493e-5,8.271256609879024e-6,4.418665903566219e-6,4.834263394734061e-6,3.6162192448496597e-6,5.72468273184132e-6,1.1149527859575941e-5,1.6675333747776715e-5,1.922077823154028e-5,2.597752468349322e-5,3.253403765447368e-5,3.714199560580404e-5,3.993497012717188e-5,4.64297452928764e-5,5.292963318488633e-5,5.871359946964818e-5,5.615953947403177e-5,5.6897476005768426e-5,4.98119047483893e-5,4.877710746495386e-5,4.868363293918652e-5,5.672207060670668e-5,5.561403978706126e-5,5.525528293678563e-5,6.062638549414154e-5,5.966012642148763e-5,5.1599716974213146e-5,4.315262432080427e-5,3.744305558687952e-5,2.6857253700989657e-5,1.937393117799923e-5,5.909065248083633e-6,-4.731777436360061e-6,-1.1287488173341132e-5,-1.7532524023635727e-5,-2.1425450643808168e-5,-3.4511795438018616e-5,-4.796750394657115e-5,-5.252963201102723e-5,-5.955945747774758e-5,-6.364047029200527e-5,-6.998074837842884e-5,-7.492005687145233e-5,-7.624651651109865e-5,-7.54021455984177e-5,-7.552233822542862e-5,-6.752407717721068e-5,-6.017708236138075e-5,-5.9710402459377696e-5,-5.389826903179772e-5,-4.891208497494886e-5,-4.449197913509663e-5,-4.13729564818311e-5,-4.117395292743601e-5,-3.295366177937673e-5,-2.5710167037275246e-5,-2.882159878571672e-5,-3.055264124832447e-5,-2.815832203601847e-5,-2.499929026257519e-5,-1.87150077781517e-5,-1.7334671410061097e-5,-1.657868319508326e-5,-2.0955119206705086e-5,-2.007110506575233e-5,-1.2527162591966919e-5,-9.969227942778844e-6,-6.5722020652178625e-6,-1.2224890762792802e-6,-2.9320181720615436e-6,5.307245778263076e-7,1.4709836716906933e-5
0.0019042702096569563,0.001771298478088406,0.0016798950895304861,0.00159687315174955,0.0015243917912083243,0.001455908009804055,0.0013973778582565116,0.0013367164871402654,0.0012748893004973633,0.0012198622209602635,0.0011718135776945156,0.0011289978251061011,0.001085547272776267,0.001046199515069146,0.0010050931372507167,0.0009631738931459094,0.0009275987085291749,0.0008942049353175349,0.0008635864090212462,0.0008338903739210663,0.0008077916162849172,0.0007802968636034442,0.0007555806902049229,0.0007294238317296729,0.0006992673775093993,0.0006694544403760625,0.0006369589198721987,0.0006045065513176994,0.0005714734945163455,0.0005432009636437052,0.000520916477281754,0.000495137062247738,0.00047274062207093315,0.0004499787738653845,0.000435006878476887,0.00041438611864331055,0.0003978695573643651,0.00038713095688733626,0.0003724892450623643,0.000357896065610803,0.00033513999088260603,0.00031823917595323283,0.00030048449864996876,0.0002858178579065481,0.0002688647704924838,0.00025172760931973923,0.00023120697063867213,0.000213651220530014,0.00020380067496113046,0.0001892462783300261,0.00017400889480502718,0.00015068796166897697,0.00012830846835033884,0.0001072242639134736,8.603101981216356e-5,6.61337991955119e-5,4.397934586302353e-5,2.80136799184803e-5,2.2737892257791675e-5,1.5142918029947175e-5,8.740037935543983e-6,3.8942017543628835e-6,-7.4536462988617435e-6,-1.909274802642625e-5,-2.3252470111774687e-5,-2.3983176473620555e-5,-2.839826439872653e-5,-3.392494594467401e-5,-4.3960541240656046e-5,-5.602012249223334e-5,-6.467122423420751e-5,-7.130120641082433e-5,-8.154930655425633e-5,-9.272537104885014e-5,-0.0001025085023404355,-0.00010477882741543973,-0.00010975232849105203,-0.0001220589494122846,-0.0001279474793948822,-0.0001371006902194012,-0.00014572130528717588,-0.00014922742381287318,-0.0001551784306296004,-0.00016520452920458652,-0.00016604114506137715,-0.000171771153964416,-0.0001847900615992629,-0.0001963844968414842,-0.00020599278851891678,-0.0002079995203729592,-0.00021182203876137304,-0.00021266926332969417,-0.00021287207938609532,-0.0002159644348285048,-0.00021624665792982693,-0.00021302942760940188,-0.00020685937883318416,-0.00020448791390606055,-0.0002015671395522232,-0.00019356887057101944,-0.0001861396621579297,-0.00017884689462132028,-0.00017497201386087826,-0.00017366137624273044,-0.00017231337795235483,-0.00016984159457182925,-0.00016358242675183014,-0.0001568853580558945,-0.0001503273472482054,-0.0001492723602517718,-0.00014394433673141187,-0.00013715861597711138,-0.00012790510296302284,-0.00011849398966196711,-0.00011171646652092576,-0.00010941960917362114,-0.00011005848200991731,-0.00011165671610326982,-0.00010542751609042675,-0.0001045680802231047,-0.0001015489865464536,-0.00010009391142563615,-9.631251825189316e-5,-9.61928203982998e-5,-9.485457711224039e-5,-9.331587922696131e-5,-9.044173908517184e-5,-9.236269705067298e-5,-8.845789204268294e-5,-7.833652931619002e-5,-7.463074955383584e-5,-7.30407920683025e-5,-7.763472730028323e-5,-7.509533108001567e-5,-7.605301668225722e-5,-8.189151262954269e-5,-8.143749260283049e-5,-7.687298197159603e-5,-7.859383155957377e-5,-7.823912287522803e-5,-7.697536508743773e-5,-7.947755969936967e-5,-7.936878030602778e-5,-7.96630690522376e-5,-7.54544537597213e-5,-6.701860481535355e-5,-6.541407387379802e-5,-6.43801456244933e-5,-5.976560146825721e-5,-5.442282293027931e-5,-4.86323960809133e-5,-3.384119584405314e-5,-2.330991764380619e-5,-1.0984917021735979e-5,-1.5724574227439517e-6,8.407097118601092e-6,1.391340926468013e-5,1.8529960300547047e-5,2.1893948777988305e-5,2.743616713483039e-5,3.205106983847577e-5,3.1410375253099806e-5,3.152383680901398e-5,2.601642372530697e-5,2.7916906666854064e-5,3.283239443312729e-5,3.719386047569253e-5,4.205995600365615e-5,4.440571402431083e-5,4.93385203975002e-5,5.2839553721616587e-5,5.464169738461721e-5,6.0828501264144905e-5,6.370121728147816e-5,6.736502451080679e-5,7.021639471963567e-5,6.582705378629227e-5,6.129406833975691e-5,5.5365547476587024e-5,5.095231784752624e-5,4.162485502982341e-5,3.219514123380203e-5,1.7626940244153722e-5,3.5227169725285895e-6,-3.3399893150088774e-6,-1.4700215921907065e-5,-1.7964651797007232e-5,-2.4079999438175955e-5,-3.552856314019447e-5,-4.0051268852119996e-5,-3.476968051982535e-5,-3.795760614820963e-5,-3.70097975505164e-5,-4.602214540654652e-5,-5.444467736483733e-5,-6.445598892407942e-5,-6.972945011554154e-5,-7.285507223559348e-5,-7.856667522706799e-5,-8.638438005210715e-5,-9.087738516358835e-5,-9.763088411511338e-5,-0.00011091356982985179,-0.00012014696186105048,-0.00012323723578405572,-0.00013030357232529134,-0.0001380826579476533,-0.00014655273878930481,-0.00015513013484463767,-0.00016175591570887898,-0.000168352379733512,-0.00017416621000647143,-0.00018192854412888806,-0.00019022950865856659,-0.0001941307192503658,-0.0001962166635911947,-0.00020474603653557676,-0.0002154599430504839,-0.00021842904933728804,-0.00022732645130297283,-0.0002351510230829852,-0.00024187600814093638,-0.00024886799837615714,-0.0002606977881403367,-0.00026476409781923016,-0.000272866689969302,-0.00028077995916577837,-0.00028503984704450437,-0.000293915425564831,-0.0003001991111416556,-0.00030570306109547015,-0.00031343777607847624,-0.0003179789629722721,-0.00032258991235501226,-0.0003155863661872337,-0.0003145960367801069,-0.0003131747621871982,-0.00031396122035230576,-0.0003135465701072869,-0.00031176508995379754,-0.0003084773866136088,-0.0003006862274498894,-0.00029563907833530644,-0.00028624464633526797,-0.00028488447053335794,-0.00028520549448266013,-0.0002903437984258561,-0.00029425819813873907,-0.00029542889174568075,-0.0002956535980852792,-0.00029174291356806636,-0.00028598522748594826,-0.00028483960410541196,-0.00028342024297125254,-0.0002778726154665928,-0.000275625049541278,-0.00027186871608510216,-0.00026466297920221045,-0.00026090167192108736,-0.0002523839106239893,-0.000244359621378359,-0.00023651043168873852,-0.00023228908858988467,-0.0002247315345632048,-0.00022477380582085584,-0.00022491019968985093,-0.00022063708477689168,-0.00021660396370653902,-0.0002127893135602416,-0.00021287509309646105,-0.00020879843294194358,-0.00019601770692711468,-0.00018753194108983424,-0.00017918070757942786,-0.00016698557911992183,-0.00015395223383583484,-0.00014221781195137637,-0.00012690318609017058,-0.00011181254810037267,-0.00010162965089939687,-9.299503583336233e-5,-8.572545695102705e-5,-7.504652678973842e-5,-6.704587698456906e-5,-6.097802188070122e-5,-5.3365384077522656e-5,-5.0064995333601774e-5,-4.9962652424541537e-5,-5.2968744809849875e-5,-5.846092581845644e-5,-6.238928704637838e-5,-6.918014195319637e-5,-7.59008277793842e-5,-8.000515864532065e-5,-8.864186789677912e-5,-9.925454855841043e-5,-0.00010937027594121666,-0.00011483495001603019,-0.0001180914822325666,-0.0001246288997890345,-0.00012056117869546759,-0.00012345977685753034,-0.00012265076716934785,-0.00011509715360247881,-0.00010221364152386123,-9.051020672816588e-5,-8.11605425500516e-5,-6.995757534898568e-5,-5.9010595539586096e-5,-4.5074576869789414e-5,-2.9559089263582694e-5,-1.121853396538374e-5,8.590462195757111e-7,1.1269396407719028e-5,2.4587456967814652e-5,3.459321037877238e-5,4.766482061104418e-5,5.6060614664493635e-5,7.294346337813013e-5,8.592789441374883e-5,9.58398685463925e-5,0.00010405420813727178,0.0001072190399184818,0.00010730842743719462,0.00010578479193748314,0.00010434127972133725,0.0001015218230389021,0.00010076181270509276,9.952308602926085e-5,9.715887422521303e-5,9.058947199034028e-5,8.28314039337868e-5,8.056508831531108e-5,8.013181819329218e-5,7.918298278023773e-5,8.253248720830811e-5,8.591659580584098e-5,9.335829690370177e-5,9.706622243515047e-5,0.00010191212453835048,0.00010460318116510678,0.00010904246667529024,0.00011224199828100392,0.00011368974140325245,0.00011951282596713525,0.00012754508351673561,0.00013311134914917826,0.00013332882261161684,0.00014392830319935127,0.0001450716655611686,0.00014235997354833648,0.0001370378531951916,0.00013613398635838904,0.00013954428906824435,0.00014120273134471747,0.00014388766087739856,0.00014301905313674292,0.00014276206582541605,0.00013959916930975495,0.00013931458727457308,0.00013120250243088988,0.00012758862390628518,0.00012600810191270667,0.00012848897937379954,0.00012140143228479619,0.00011908683997474572,0.00011283037826704326,0.00010951777014731039,0.00010587291136430345,0.00010001534419682849,9.272637003151446e-5,8.613560791735764e-5,8.136657505913328e-5,7.29806839159795e-5,6.462221312590842e-5,5.285835072147026e-5,4.0100888332149504e-5,2.823526639351919e-5,1.911353978805899e-5,1.1277699097062763e-5,5.1336145797759295e-6,-7.606895498940014e-7,-4.467782139777988e-6,-8.097581713488359e-6,-8.11359400625451e-6,-2.0395084667284578e-6,-1.461053512761725e-6,3.4170923977398387e-7,4.136076260319793e-6,1.1145595339949042e-5,1.2741575364782269e-5,1.1507190725183681e-5,1.0186550096099256e-5,8.853384367169438e-6,1.3368374337302434e-5,6.023628925752764e-6,2.9363592878118376e-6,-4.1825125975956e-6,-9.006335395966332e-6,-1.0520579974077908e-5,-4.732126003581282e-6,-7.76092595480322e-6,-7.127789291173866e-6,-5.1214937216402514e-6,3.2447910893111097e-6,8.863790712284668e-6,1.5153872027526722e-5,1.9183525409824324e-5,1.8977881841157372e-5,1.3213762036745939e-5,1.4504477469799618e-5,1.8130867851260827e-5,2.058337849955637e-5,2.669282157795307e-5,3.3546757075594646e-5,4.312406264687422e-5,4.9209414674068435e-5,5.690884999092863e-5,6.625991911593241e-5,7.270414051713315e-5,7.754797113029792e-5,8.401956067983795e-5,9.140512062487529e-5,0.00010445698169301645,0.00012096639412231992,0.00013159779184192523,0.00013673469641079666,0.00014030455321040989,0.00014487659489711125,0.0001505852758569452,0.00015153294392894657,0.00014863116737843873,0.00014553155467785994,0.00015144173298766887,0.0001541717287543422,0.00015125604214486242,0.00014477684904212035,0.00013783262547333955,0.00013924520713429734,0.0001339438422378186,0.00013138592650022905,0.00012403653528893942,0.00011663762319061637,0.00011428678130217146,0.00010979573345606574,0.00010749289364216822,9.725683523898029e-5,9.248944728791599e-5,8.726055468296797e-5,8.457887925778597e-5,7.327235364078897e-5,6.900394754004597e-5,6.607481266405431e-5,6.234190007833622e-5,5.5538769753400597e-5,4.906478342561647e-5,4.1638817202076174e-5,3.128465796106787e-5,2.6077431154403427e-5,1.5422799972051373e-5,1.218060914110135e-5,7.696224954479356e-6,2.92016049475675e-6,1.0603625865605567e-6,-1.2590760863103622e-6,7.603477118328281e-7,-2.614571659466456e-6,-4.386282099862025e-6,-1.684317343809072e-5,-2.092441820477629e-5,-2.2095806063911176e-5,-2.5595236828130608e-5,-2.308656844137845e-5,-2.0808875575127112e-5,-2.5090351563531513e-5,-2.344038662440112e-5,-2.7481018726644235e-5,-2.728221310605459e-5,-2.9658727051358313e-5,-3.1913679433209764e-5,-3.717108760645367e-5,-4.158114158175209e-5,-4.578876505620027e-5,-5.590616158904763e-5,-6.272069358588997e-5,-6.363528239596716e-5,-6.121075387771659e-5,-6.270336227529963e-5,-6.426620158980398e-5,-7.078691851678952e-5,-7.09133657286644e-5,-6.845519928638855e-5,-6.549663699829646e-5,-6.082006217730042e-5,-5.742737469993275e-5,-4.684897228594542e-5,-4.309971901752098e-5,-3.809882077863869e-5,-3.3452972284250884e-5,-2.7149022264153852e-5,-2.7948990853947696e-5,-2.5966629555952354e-5,-2.598275609667612e-5,-3.090186713134693e-5,-3.478529993731695e-5,-3.843541624861236e-5,-4.37761334386579e-5,-4.952738755222632e-5,-5.2732795714562657e-5,-5.9855661110126437e-5,-7.255914148468532e-5,-8.412052941422383e-5,-9.691392181041333e-5,-0.00010330215401675709,-9.863638766120196e-5,-9.669917661400188e-5,-9.870297999366886e-5,-0.00010271915140133196,-9.590842813578249e-5,-8.344979814485986e-5,-7.067181461482248e-5,-6.466728416628947e-5,-5.679695904975809e-5,-4.80717694679701e-5,-3.9515483560708453e-5,-2.568628133001628e-5,-2.1452045614388017e-5,-1.697987668507591e-5,-1.2949180005099835e-5,-7.865399798594838e-6,-9.79525135617517e-6,-7.228847830916116e-6,-5.31580834568819e-6,-7.5732326914977884e-6,-7.646758871185627e-6,-9.048320263314877e-6,-7.317720168289468e-6,-1.0703409300084896e-5,-1.3968531983223434e-5,-1.4908673628750122e-5,-1.4312832596524141e-5,-1.3158029306326155e-5,-1.3687183778028871e-5,-1.3946753203420395e-5,-2.1896356614039705e-5,-2.3790373648258294e-5,-3.144902830284291e-5,-4.083523307105183e-5,-4.8565273122505135e-5,-6.0818229476277545e-5,-8.339296597408335e-5,-0.00010009367567162326,-0.00011559740156311635,-0.0001277031496470472,-0.00014541982120649529,-0.00015700999740469372,-0.00016674626284669981,-0.00017715020786950934,-0.00018159213177548387,-0.00018208008633226468,-0.0001919192406535285,-0.00020156524322802752,-0.0002041177848094023,-0.00020108532331428666,-0.00019725883733636798,-0.00019959785858903798,-0.0002002585706895095,-0.00019868263193487963,-0.0002003286517825181,-0.00019962935607864787,-0.00019744726433224585,-0.00019960824281335253,-0.0001994098202368954,-0.00019464698498231599,-0.0001949379772379622,-0.0001933343139083216,-0.0001966745991865338,-0.00020038755465600722,-0.00020242021652844728,-0.00019950760222923658,-0.0001923319374045303,-0.00018856956515201888,-0.00018210331909047748,-0.00017471823867928868,-0.00016398695403919283,-0.00015321832910738278,-0.00013914823505871204,-0.00012638561689004143,-0.00011942066341308653,-0.00010929460990906326,-9.793107786911268e-5,-8.92572038929314e-5,-7.206808068798729e-5,-5.2421926676753865e-5,-3.826392917942866e-5,-2.665281138039861e-5,-1.0361997540936037e-5,6.828226671868322e-7,1.4014101196474174e-5,2.0342919851422367e-5,3.1879202154857975e-5,3.707649061050628e-5,3.0987121224824836e-5,3.1631840384639335e-5,3.322256101802296e-5,3.4509176577817246e-5,3.642720125785453e-5,3.724135792147304e-5,3.3636533012599445e-5,3.383425187240625e-5,2.5243560741454584e-5,1.9481934451851498e-5,2.984489212019202e-6,-1.3089533226850593e-5,-2.6253973806366512e-5,-3.7039645548089325e-5,-4.5238813586488174e-5,-5.25777586600661e-5,-6.203839037615637e-5,-7.222440715892797e-5,-8.403773232684676e-5,-9.405948288558582e-5,-0.00010445687135667754,-0.00011048330073369285,-0.00011449163281448582,-0.00011526704754486867,-0.0001201184843848137,-0.00012533227043353835,-0.00013080965996142556,-0.00012892185386812288,-0.00012073097244453503,-0.00011937317273271138,-0.00012163120901517495,-0.000122398255314317,-0.00012273166012657496,-0.0001196934714977563,-0.0001240312335400885,-0.0001224238328020243,-0.00012724468732665074,-0.00012893212761822418,-0.00013765705204704735,-0.0001450189055641452,-0.00015441967322331663,-0.000163858987383897,-0.00016725651435747126,-0.00016599263426510998,-0.0001712419131649217,-0.00017672653199208863,-0.00018375778470354785,-0.00018950042302023326,-0.00019826252963318992,-0.00020020459111128185,-0.00020541026358041772,-0.00021042537521282986,-0.00021663232604659155,-0.00022094935227582316,-0.00022584873634208345,-0.00022211471964949043,-0.0002217995424484434,-0.00021977799770762503,-0.00021930255873417259,-0.00022563758966317177,-0.00023132549285236718,-0.0002314969321400139,-0.00023479693773523295,-0.00023650964439364837,-0.00024361292062515398,-0.0002410026037963112,-0.00024140614959496253,-0.0002419911407798169,-0.00024222947235809852,-0.00023729371618395198,-0.00023785124134834452,-0.000233157676335644,-0.00022367052352371793,-0.0002216577970359358,-0.0002179358413096328,-0.00021307220130986144,-0.00020378462175868283,-0.00019380789077571878,-0.0001890779565815706,-0.00018415638304065675,-0.00017727618279360428,-0.00017086271266326543,-0.00016805248952782046,-0.00016349759867632973,-0.0001587125275042836,-0.00014985056268807347,-0.00014284850252446328,-0.00013581706109785528,-0.0001283505892965136,-0.00012155226864510199,-0.00011052795056080457,-0.00010147681845406056,-8.962326667758165e-5,-8.163571562303724e-5,-6.869715529239392e-5,-5.991148334982604e-5,-5.135091391447577e-5,-4.0487842296176505e-5,-2.6448381896057182e-5,-1.4976877503166145e-5,-5.435197922690602e-7,7.87140066745766e-6,1.1971307338674263e-5,1.5438550145542017e-5,2.2434533431808998e-5,2.889907529565729e-5,3.8712495167399716e-5,4.9014357250188655e-5,5.0388885710090454e-5,5.240469649948452e-5,4.908868060334062e-5,5.241414545967055e-5,5.529316593713934e-5,6.022038041387613e-5,6.111682129243029e-5,5.397375641985543e-5,5.327004019475606e-5,4.99158562232697e-5,4.3783506715995576e-5,3.903013391466352e-5,3.3957607161845276e-5,3.3381754032201604e-5,2.663735066012611e-5,2.160374361350082e-5,1.757509847659887e-5,1.4729288025730905e-5,7.160026430502945e-6,7.622192747481615e-6,-3.714771926545041e-7,-1.1455344194233224e-6,-5.118949323331355e-6,-6.314026182847305e-6,-1.3526954508041092e-5,-2.2418250783251758e-5,-2.7370957243521107e-5,-3.369028090775085e-5,-3.125916748393935e-5,-2.7910137598247838e-5,-2.5760685409550223e-5,-3.270426029442034e-5,-3.974756616375465e-5,-4.162722213125943e-5,-4.549241278026644e-5,-3.953704907600077e-5,-3.708010389838716e-5,-3.310993164141899e-5,-3.164539868679539e-5,-2.9246900016904073e-5,-2.960198050181428e-5,-2.9095914175992855e-5,-2.295671107296423e-5,-1.997588276301727e-5,-1.2576573689419872e-5,-1.3037461796392009e-5,-1.4583361871452179e-5,-1.4373121901510002e-5,-1.577732639207584e-5,-1.4804557514365814e-5,-1.5190399820778068e-5,-1.4544294000769015e-5,-1.0871688279680728e-5,-7.157285305568905e-6,-8.299232978818429e-6,-1.1842444598000754e-5,-2.153628477990699e-5,-2.116138092620836e-5,-1.7252715596882735e-5,-1.714016429680318e-5,-1.6652571602979192e-5,-1.6382271010655e-5,-2.125707295775252e-5,-1.647016923085299e-5,-6.353737184906469e-6,-8.525407435311723e-7,8.781720479191689e-6,1.7909378351040613e-5,2.7361139514308253e-5,3.6355199724539316e-5,4.7423891709590705e-5,6.719157900058875e-5,8.958871040128887e-5,0.00010313071058664859,0.0001217324454165989,0.00013229679972849305,0.00014566172747027583,0.00015545836695926227,0.00016818214947587044,0.00017295381556628982,0.00018035047345985283,0.00018760274460183699,0.00019431078058874544,0.0001992823148708627,0.00019498573048919957,0.00019532736358583084,0.00019170521123828925,0.00018767113662388434,0.00018438293466374974,0.0001837726491662137,0.00018379237226395038,0.0001828202031157606,0.0001793885259869656,0.0001787458410937915,0.0001842770275459773,0.000191895428709386,0.00019447045622935692,0.00020368475003904423,0.00020809795462746578,0.00020894295900024225,0.0002133107399233355,0.00021770366601158803,0.0002205633844866427,0.00022124963705807754,0.00022587178211489332,0.00022904647766355623,0.0002228591081735305,0.0002211808997528496,0.00021741926510196672,0.00022254369361242887,0.00022144707295103591,0.00021862350823112207,0.0002155687820530569,0.0002162830589294687,0.00021422957080555817,0.00021400698980469723,0.0002061932973909018,0.00020517333935398156,0.00020011214228686218,0.00019640754061142827,0.00019914526941734056,0.00019826620853374312,0.00020127047453550017,0.0002011078632974484,0.000204427604618644,0.00020669237816068052,0.00020736506624940653,0.00020182017886843324,0.0001909087364728141,0.00018591740667821995,0.00017918503814123328,0.00017588747020432044,0.00017072353264670445,0.00017020556361779866,0.00016851221721394497,0.00016927876586834024,0.0001676253503436493,0.00016533919493800378,0.0001624110266340656,0.00017105830474743904,0.0001790662108673058,0.00019043467049184159,0.00020006370727157093,0.00021468479815668935,0.00022846290728524636,0.00023769787175034602,0.0002450818993246719,0.0002553009860141185,0.00026572863440728643,0.00027675699753554794,0.0002886444796181743,0.0002929345768832936,0.0002978746158891592,0.00030220465503349954,0.0003071118237506006,0.00030557647134268337,0.0003028444055465368,0.00030277399320602626,0.000303776871695886,0.0003087717545787185,0.000308796846080868,0.00030888123101984117,0.00030791802183750193,0.0003152841260869071,0.0003121516863940965,0.0003114896186185601,0.00030935945265289226,0.000312052189017861,0.0003100512145416684,0.0003089366156312097,0.0003116232786438898,0.0003096245996404499,0.00030993086848737363,0.00031553269758505183,0.0003253916002874208,0.00032700596181947135,0.0003275906871274431,0.0003205812182525991,0.0003142082767359825,0.0003103690866643516,0.0003017524866871336,0.00029585164010545006,0.0002863203156778104,0.00027799045216139284,0.0002731875543537089,0.00025644816897429375,0.00024955431496468197,0.00024100725663482746,0.00023128280630452087,0.0002251700308344295,0.0002223314318280005,0.00022423222793234747,0.0002271809666639883,0.00022936375270642405,0.00023406233048910776,0.00024152263757857352,0.0002441942941393471,0.00024351161583833217,0.0002497858560773561,0.00025288722988767057,0.0002498547656149937,0.0002468831125062251,0.00024231220453689397,0.0002416614102999529,0.0002475783847140154,0.00025526244887526733,0.00025265647579218335,0.00025018653449458304,0.00024292637210483718,0.00024021509975488846,0.00023290425129805266,0.0002341359288546803,0.00023071573000335916,0.00022836633299855386,0.00022514606284761252,0.00021959626093649178,0.00021368715305269942,0.00020457684411212388,0.0001984571372048199,0.00019202833220473547,0.00018346668932438655,0.00016818096147290214,0.0001546261004938437,0.00014849464969513235,0.0001412689617109345,0.00013809443294656254,0.00014107931841990132,0.00013622040200239109,0.00013365749948434592,0.00012812454423467273,0.00011975138181175044,0.00011110611748994312,9.879922220581564e-5,9.21825979220609e-5,9.0814973299946e-5,9.115318949973818e-5,9.382370200749434e-5,9.366136319061252e-5,9.92650085670902e-5,0.00010708673834511432,0.00010662201240903383,0.00010765171866241649,0.0001170678752718582,0.00012624172745845548,0.0001317428584852962,0.0001355078569029496,0.00013414871955133193,0.0001366446171438466,0.0001350489239643883,0.0001375878236632829,0.00013563808559663174,0.0001368062697430585,0.00012407068511303967,0.00011699336497184553,0.00011042163194976816,9.815271078274476e-5,8.976498259616074e-5,7.856347012954543e-5,6.171421911921848e-5,4.461253711428476e-5,2.9970007685513856e-5,1.2989275015816414e-5,-3.6080467421155094e-8,-1.1496884607370038e-5,-1.2635180280506632e-5,-1.8680604913578742e-5,-2.071202308589416e-5,-3.1567328733944625e-5,-3.672274109820549e-5,-4.089538347800402e-5,-4.550844449789769e-5,-5.252172468654882e-5,-5.407570223243627e-5,-5.000794539607713e-5,-4.753579515101452e-5,-4.3018398173358834e-5,-3.682543843991537e-5,-3.8303103971876955e-5,-4.33458948485239e-5,-3.9226810235174126e-5,-3.879795283995388e-5,-4.187213390927331e-5,-4.4764823928078664e-5,-5.020588801092049e-5,-5.736740760126213e-5,-6.705381382973408e-5,-7.336155827426784e-5,-6.60090395838189e-5,-7.082073788299294e-5,-7.756228982995e-5,-8.66001419932627e-5
0.0023532320456492507,0.0022397408222502827,0.002158200764069757,0.002087887822510596,0.0020199203766258587,0.0019594236838263086,0.0018975848135167565,0.0018368637730342618,0.0017797533727308878,0.0017242236746462052,0.0016752263256727782,0.0016219453572976627,0.00156987121159624,0.0015238400615861624,0.0014822554724484983,0.0014439195564265677,0.0014079489508507781,0.001374715954210181,0.0013368899023658981,0.0013037942688961888,0.0012727322710909198,0.0012435182374408024,0.001221989349065606,0.0012005906914673249,0.0011838331815627766,0.001162688999811321,0.001140296867437147,0.001115202478805998,0.0010934776575312782,0.0010660393376498098,0.0010427598230096232,0.0010218004507013025,0.0009962527913816067,0.0009694339060985508,0.0009415854963547434,0.00091524214784151,0.0008904121128547766,0.0008652788159039525,0.0008366218351673682,0.0008095932507616233,0.0007842889129425734,0.0007576066680576881,0.0007324283113650619,0.0007082932326001617,0.0006820617609479651,0.0006577350721162423,0.0006310688893186398,0.0006064362557915731,0.000577992359575879,0.0005514181270378557,0.0005300681353034675,0.0005075958656718019,0.00048827268893507613,0.00046826862999929816,0.00044999282701310115,0.0004315571750978488,0.00041238034906771175,0.00039393268575358466,0.00037857335627312173,0.0003632990627359449,0.00034814537189565984,0.00033341118955992915,0.0003165264422543241,0.0002983351469382632,0.00028051821083163953,0.0002591298946393022,0.00023955658760261992,0.00022582420226159683,0.00021272680554153216,0.0001998644677748172,0.00018155719193241576,0.0001643354472053739,0.00014859266065786196,0.00013201185356202788,0.00011625843350905035,0.00010602882290824358,9.311838347018296e-5,8.17444913552225e-5,6.78278810521039e-5,5.847516996879739e-5,4.4508543409049036e-5,3.227518564181679e-5,2.0039496865414554e-5,1.1697746524735358e-5,3.8043414479681183e-6,1.6257800841448063e-6,-5.529369801822586e-6,-5.262534562929417e-6,-6.3712650365480186e-6,-2.491513732564107e-6,-8.037424471203732e-7,1.1726553962767115e-6,1.5185462022894873e-6,1.86518161642028e-6,1.8334739271356704e-6,6.2699188942396985e-6,4.717569299897489e-6,1.977198697013742e-6,-4.758879892277778e-6,-7.516921942617361e-6,-8.802713453537471e-6,-8.253656966938523e-6,-8.587046222277138e-6,-4.858446249429617e-6,2.833253783075624e-6,7.885941171239251e-6,1.6530028342846763e-5,1.7948209218756152e-5,1.615015894157316e-5,1.3045711773881835e-5,7.507184534566709e-6,7.150320410568346e-6,4.5775980397035144e-6,2.6562171006526404e-6,1.1163462694249853e-6,7.49952115955649e-7,-2.9576010809809615e-6,-8.337220769140338e-6,-1.6573411166704866e-5,-1.9099893105002657e-5,-2.191302834557163e-5,-2.313505779147155e-5,-1.965547887900809e-5,-2.323993896588407e-5,-3.042406005522647e-5,-3.556207434351004e-5,-4.514836827594987e-5,-4.734591032436428e-5,-5.157617502568511e-5,-5.3637283529354015e-5,-5.5428404631990964e-5,-5.7919719510611856e-5,-6.260278812429588e-5,-6.380885444162961e-5,-6.7108971674836e-5,-6.756464291236266e-5,-6.914903162598304e-5,-6.753574218643215e-5,-6.497577702853259e-5,-6.169787732779101e-5,-5.850818180826269e-5,-5.904093763093335e-5,-5.710385770136641e-5,-5.7891018816908886e-5,-5.515376408958844e-5,-5.02794125836472e-5,-4.862299100823169e-5,-4.7082412983701443e-5,-4.7111526001693506e-5,-4.887944167829824e-5,-4.932166566061518e-5,-4.7103001725285394e-5,-4.5545309958301517e-5,-4.160804402903989e-5,-4.117251837771798e-5,-4.1469895459319784e-5,-4.1953786338446976e-5,-4.2768279872392766e-5,-4.147445583190967e-5,-4.166102132618964e-5,-4.3642002960888106e-5,-4.7539914996657374e-5,-4.595957116724263e-5,-4.8301958621779075e-5,-4.509091007099427e-5,-4.351325260938988e-5,-3.753937920270625e-5,-3.5572769258821496e-5,-3.528513057846061e-5,-3.2148383601139654e-5,-3.117228989285218e-5,-3.198403465127415e-5,-3.3472165348586976e-5,-3.2855905605117145e-5,-3.142217874459311e-5,-2.6511643178778717e-5,-2.2393526834826355e-5,-2.2836336293530847e-5,-2.556856746418638e-5,-2.7302720756575673e-5,-2.9510428235039887e-5,-2.5971540182120425e-5,-2.443084221916232e-5,-2.651855973473285e-5,-2.9120717336776495e-5,-3.3662637369003344e-5,-4.2048952707293814e-5,-5.246798809099933e-5,-6.419000382405324e-5,-7.454367488416444e-5,-8.634854069866509e-5,-9.709863753842224e-5,-0.00010980285235448069,-0.00011718483761158278,-0.00012165212159431588,-0.0001248967184636709,-0.00013129382928437,-0.0001374751096452213,-0.00013999761160165373,-0.00013941464284411174,-0.0001388499246669577,-0.00013699224836756816,-0.00013339995780590032,-0.00013378096130743468,-0.00013542099234114925,-0.00013088139349051083,-0.00012371332601240095,-0.00011640814558523958,-0.0001110866394153383,-0.00010131521477803679,-9.343221955085708e-5,-8.910328665490526e-5,-8.00757587220609e-5,-7.418514666226555e-5,-6.908691549272068e-5,-6.772913792011039e-5,-6.431208048476724e-5,-6.296927602757646e-5,-6.358941376160384e-5,-5.99206467587524e-5,-6.219231409845721e-5,-6.648348832528473e-5,-6.609489884021028e-5,-6.664278517388032e-5,-6.18694346502047e-5,-5.498690041385489e-5,-5.051449453686668e-5,-4.8952668673448184e-5,-4.5039854050754156e-5,-4.005820105243178e-5,-3.376865801609886e-5,-3.208207250042824e-5,-2.8418011837334377e-5,-2.690197926885638e-5,-2.5043624191602242e-5,-2.0953609232490202e-5,-2.1444864513084404e-5,-2.124718776625705e-5,-1.698536425422315e-5,-1.3550157510699147e-5,-1.0460986951332124e-5,-1.0767241953859545e-5,-1.425477336695287e-5,-1.7655468367865694e-5,-2.30899776876592e-5,-3.0408970785017458e-5,-3.483961961506195e-5,-4.388643639855368e-5,-5.580197744341146e-5,-5.864930090303128e-5,-6.100258705419402e-5,-6.201236260039893e-5,-5.920795821048771e-5,-5.8117891500667606e-5,-5.5757279348619406e-5,-5.159055754510594e-5,-5.036594439942897e-5,-4.1208400836746345e-5,-3.579633454753471e-5,-3.107269981136494e-5,-2.724742207559348e-5,-2.7874423308055784e-5,-2.598748297043298e-5,-2.8574547767495446e-5,-3.058954505871306e-5,-3.531355220678546e-5,-3.459016436742995e-5,-4.0375923123353466e-5,-4.4161992364929834e-5,-4.7266606294100914e-5,-4.8456906773675676e-5,-4.991089804496574e-5,-5.32365656059664e-5,-5.931452242622828e-5,-6.173691575807775e-5,-6.0308515825712316e-5,-6.702150702333866e-5,-6.843658540981083e-5,-6.420754447768839e-5,-6.877875504336317e-5,-7.243814765318104e-5,-7.828291407879765e-5,-8.711924319741555e-5,-9.207479875381137e-5,-9.780535672215894e-5,-0.00010179741082651394,-0.00010707228394625538,-0.00011381440839309933,-0.0001119042873962166,-0.00010813966600951249,-0.00010728380018988852,-0.00010895176613745946,-0.00011283414119455778,-0.00011292307729026853,-0.00011396972115802288,-0.00011297810739054372,-0.00010959391734784625,-0.00010581736951019686,-0.00010310599007357901,-9.759213514919782e-5,-9.426315014497466e-5,-8.95904869959858e-5,-8.62206311582961e-5,-8.731202506706608e-5,-8.758681913184772e-5,-9.131639193550249e-5,-9.342888398112997e-5,-9.692293165980133e-5,-0.00010334959870921337,-0.00010523121512960675,-0.0001103836126547107,-0.00011405632575453495,-0.00011375915358931133,-0.00011802240923403833,-0.00011932627881983956,-0.00011610371510827,-0.00011748247061665896,-0.00011594217249835301,-0.0001155249067644007,-0.00011483144688203857,-0.00011268571982721924,-0.00011018681497697587,-0.00010463480150786545,-0.00010522113176388931,-0.0001063619483848457,-0.00010194472108965152,-9.743519011747832e-5,-9.313871766902106e-5,-9.22782885817444e-5,-9.112751509169797e-5,-9.023798512977e-5,-9.003615059525529e-5,-9.654211414974018e-5,-0.00010220378038819615,-0.00010217336554913645,-0.00010669159869691385,-0.00011528004669925032,-0.00011974103324492171,-0.00012848098422846486,-0.00013365856011797792,-0.00013458225732630705,-0.00013517405317099186,-0.0001343274463916834,-0.0001386047555864388,-0.00013647378134016734,-0.00013634881925502708,-0.0001361324954866979,-0.00012830754172246021,-0.00012321829467758607,-0.00011500752145777249,-0.0001113378858633854,-0.0001044564325510477,-9.55012407838757e-5,-9.020255433754668e-5,-9.032724933186415e-5,-9.2569567314909e-5,-9.444346313735186e-5,-9.463698280594193e-5,-9.614670492310476e-5,-9.944486199087833e-5,-0.00010209138552963622,-0.00010868452959161929,-0.00011330006159788803,-0.00011953337106476981,-0.00012485652939128999,-0.00012942364578714594,-0.00013316118324630335,-0.0001407373997983918,-0.00014113977372746416,-0.00014280857526087988,-0.00014400293798360212,-0.00014681630651761766,-0.0001489555702238378,-0.00015059616961329535,-0.0001505678666731512,-0.0001524691842147677,-0.0001530733544558336,-0.00015140943463143997,-0.00015186537625605599,-0.00015084225861382883,-0.00014740097353378067,-0.0001393534378990424,-0.00013346404131625144,-0.00012647882896957638,-0.00012049105099795531,-0.00011833527760144262,-0.0001146680238153572,-0.00011217417284225026,-0.00011437510618614756,-0.0001126461327477423,-0.00011112658241965271,-0.00010978610894322558,-0.00010394072470370498,-0.00010050569858624502,-9.232760979595632e-5,-8.589476887679833e-5,-7.926756646945397e-5,-7.073376129991015e-5,-6.499239763886432e-5,-5.9362418306773665e-5,-5.640466996479528e-5,-5.582737609207117e-5,-5.946112001445639e-5,-6.407446807374271e-5,-6.729863889822e-5,-7.144004120481358e-5,-6.87720349426918e-5,-6.503907870723178e-5,-6.310725954604303e-5,-6.11673499264458e-5,-5.469054175841413e-5,-4.812711109397711e-5,-4.587030329683659e-5,-4.110568755221003e-5,-3.710486997437728e-5,-3.6698710169005904e-5,-3.277827455459081e-5,-3.4366465739928255e-5,-4.295283375166061e-5,-4.507286949740339e-5,-4.4478014695048845e-5,-4.3785564781144624e-5,-4.3815807084456016e-5,-4.5059963387145195e-5,-3.887731571317025e-5,-3.247980296415826e-5,-3.0437787496732216e-5,-3.584046065199224e-5,-4.0975356548779765e-5,-4.615119801222502e-5,-5.0076618866062996e-5,-5.574411213295187e-5,-5.747897125612915e-5,-6.508189203191967e-5,-7.167401041953231e-5,-7.08646326708349e-5,-6.991604275392586e-5,-6.815760976528655e-5,-7.232177977659793e-5,-7.757108532390728e-5,-8.891624139102016e-5,-9.310369856121536e-5,-9.36300116243721e-5,-9.749030522775768e-5,-9.813666507647861e-5,-0.00010289581130930513,-0.00010742190960522166,-0.00010969057420016727,-0.00011737418725986253,-0.0001272279758911105,-0.00013471913484788302,-0.000140794954466844,-0.00014875516941339345,-0.0001568491735434636,-0.0001641753770646937,-0.00017013450273302815,-0.00017786605760737243,-0.0001801533312736099,-0.00018434862778356412,-0.000184602965994817,-0.00018754683428741733,-0.00019118223429914527,-0.00019885083636032107,-0.00020538004306071213,-0.00020161286006453646,-0.00020304772053937655,-0.0002027704576597395,-0.00020487965702480605,-0.00021012868654911643,-0.00021455156522914918,-0.00022049347921896217,-0.00022229628772559847,-0.00022286058495568718,-0.00022549971515737068,-0.00022312176592705326,-0.00021981349040599464,-0.00021530339560237654,-0.00021401102785917282,-0.00021793983531627232,-0.000222266061224774,-0.00022652331354303495,-0.00023155131703313453,-0.00023454824999377926,-0.00023650289275584238,-0.00024217509756488886,-0.00024800383655060494,-0.00025101918587279296,-0.0002504886363232664,-0.0002525132908778222,-0.00025824917709786583,-0.00026220478653849957,-0.0002594388149632203,-0.0002605486555232236,-0.0002617342484810166,-0.0002651359674346772,-0.0002642462716699121,-0.00026408572803261835,-0.0002644554714556088,-0.00026559452061634416,-0.00026704576716226415,-0.00027064665054502517,-0.0002718020986858833,-0.0002744040334406982,-0.00027914222376623695,-0.00027854731138686885,-0.0002815403019143258,-0.0002814598963220516,-0.0002817331167970418,-0.00028288992968424976,-0.0002877736118823007,-0.00028949582566477436,-0.0002870590485293964,-0.00028888515179968725,-0.0002906350811822611,-0.00028748320285456864,-0.0002843419083314643,-0.0002859523194955343,-0.000284092196505804,-0.00027823791244530895,-0.00027223739153912105,-0.0002719469343778512,-0.00026340246469170166,-0.00025681325640113085,-0.00025391656587431266,-0.0002492170621193737,-0.0002468167274555975,-0.00024418249666875844,-0.0002478821951258139,-0.0002454797049763185,-0.00024128568825869878,-0.00024154196213270452,-0.00023664546005429455,-0.0002247328282299288,-0.00021656485996493898,-0.000212346486297238,-0.0002086082331929853,-0.00020728898557638211,-0.00020925444021583866,-0.00021107197122309014,-0.00021049507652584268,-0.00021084390382889693,-0.00020876647324498656,-0.00020508370498087034,-0.00019873761121315953,-0.00019567262898720036,-0.00019730334211126975,-0.00019945901672902393,-0.0001978678730183412,-0.00020319837762048192,-0.00020779059632714493,-0.00020880852732867264,-0.000214561021907468,-0.00021588446691187845,-0.0002158074324938984,-0.00021955556764946012,-0.00022116280877360766,-0.0002167435679792369,-0.00021363438205737376,-0.00020841674313199182,-0.0002020272524765415,-0.0002013494188121644,-0.00020174301508011594,-0.000205148287108,-0.00020401620658891831,-0.00020422351512233074,-0.00020746752852943365,-0.0001991533829690071,-0.00018864902724488513,-0.00018028386928373762,-0.0001731233724156389,-0.00017010975563831884,-0.00016623116824281633,-0.00016377386397018072,-0.0001638770615653727,-0.00016272931096381293,-0.00016387650983976315,-0.00016719308028520356,-0.0001712662132165986,-0.00018294355034250757,-0.0001914921962059273,-0.0001936475649482906,-0.00019371535443059144,-0.0002027925357573727,-0.00020706102659156798,-0.00021304715841039443,-0.00022137881449703784,-0.00022386578918907283,-0.0002196127399541298,-0.00021586499410236273,-0.0002198610220392388,-0.0002176013826519476,-0.00020962708884194226,-0.00020272252370002092,-0.00020057204191585644,-0.0002027591217370072,-0.00020417446239165014,-0.00020570295518966374,-0.00021332040462361304,-0.00022366137853549006,-0.00023073855852322284,-0.00023576672878787872,-0.00023694503784805178,-0.0002425553895478483,-0.0002463328619592691,-0.00024689173680103404,-0.000244485834918539,-0.00024464677531241524,-0.00024534185018151074,-0.00023755734059330766,-0.00022976089817359306,-0.00022489729852421368,-0.00021412254872131518,-0.0002074615386132504,-0.00019933480444144188,-0.00019055461676859077,-0.00018770948898888165,-0.0001873080563800819,-0.00018867072569358695,-0.00019283445318144874,-0.00019533838757911892,-0.0001927735843982319,-0.00019507190635205255,-0.0001980427961767753,-0.0001972766539073821,-0.00019889383930187185,-0.00019754516912595684,-0.00019635968419483418,-0.00019078273492710695,-0.00018609563783793248,-0.00018475564169061903,-0.00018358747427018644,-0.00018178771739978193,-0.00018323627574291622,-0.00018217420327572102,-0.00018284618425312086,-0.00017692587926789138,-0.00017095163301658077,-0.00016645601315234712,-0.00015189010282103458,-0.0001383936738272343,-0.0001258418363778459,-0.00011404327432357675,-0.00010333711410846198,-9.324549743656162e-5,-7.932191057436138e-5,-6.846922754032122e-5,-5.796685289946012e-5,-5.159098359701352e-5,-3.95198771869428e-5,-2.9217125188763678e-5,-2.0562336455321297e-5,-1.0224547667821728e-5,-6.486877378422286e-6,-1.7284738408502168e-6,3.4460156663936365e-6,9.877071271137055e-6,1.992096889708052e-5,2.1604369000791262e-5,2.121023513402022e-5,2.6649827887120073e-5,3.434944219581022e-5,4.0210558696977574e-5,4.19956732901976e-5,4.7253291016676634e-5,5.447909558812155e-5,5.711007897998224e-5,5.992157847748273e-5,6.016823781088046e-5,6.386245660540303e-5,6.724585975035534e-5,7.315618132931623e-5,7.561498615532556e-5,7.846494288358593e-5,7.756869573419648e-5,7.60576678836301e-5,6.890786012695811e-5,6.845600163903583e-5,7.301609853703635e-5,7.437398450472651e-5,7.822408218418185e-5,7.820596880565533e-5,8.387879077380637e-5,8.527994904668376e-5,8.507666499280282e-5,8.542702750851753e-5,8.288933394341441e-5,8.811001570186622e-5,9.271900640018116e-5,9.450196027324567e-5,9.398183286560607e-5,8.988598765943576e-5,9.312924696426167e-5,9.771504513665548e-5,9.959908437378874e-5,0.00010019270959320245,0.0001004725001651983,0.00011006905258205695,0.0001234004757338575,0.00012805772280922198,0.00013760425743347012,0.00014566421161432558,0.00015208366463456853,0.0001554860157584067,0.0001586973019163086,0.00015783082588710802,0.0001552093448380462,0.0001498920836702528,0.0001461415534786334,0.00014617348183938985,0.00014293496837081203,0.00013979792036649153,0.0001367686605445087,0.00013661948872849207,0.00013923279577596,0.0001444335652530194,0.00014182317235363092,0.0001448290873048583,0.00014765253473024103,0.0001515520257482534,0.00014916299528861077,0.0001464099619559816,0.00014751496407478692,0.0001440526499267134,0.00014587641122338786,0.0001430050604622478,0.00013953983969818056,0.00013972867476618302,0.0001362295591227913,0.00013740038520321043,0.00013149945642771917,0.00012033349628481035,0.00011686142102929143,0.00011594358682402822,0.00012244709356968854,0.0001259229455162219,0.0001262389782444691,0.00013040902409320224,0.0001270450719728505,0.00012656358384189115,0.0001325071960562369,0.00013123322426782983,0.00013285151040078866,0.00013878974578946992,0.0001421292701567435,0.00014855907883902104,0.00015640272984981956,0.00016094420908339873,0.00016502117130926983,0.0001676213227406319,0.00016511830452528188,0.00016775325335222844,0.00017057525808560867,0.00017112373457767296,0.00017169926960390957,0.00017112740232002197,0.0001677257422653764,0.00016318373074327049,0.00016340158198920472,0.0001606562758502668,0.00015881353183463604,0.0001616459060534604,0.00016532456623416647,0.000160614851070313,0.00015591704042148906,0.00015067367397576838,0.00014958937733584448,0.00015385765318933135,0.00015719277090478476,0.00016114004126152113,0.0001648938361758743,0.00016639881558517318,0.0001653927201163067,0.00016850414114522673,0.00016970844594448294,0.00017179078182920723,0.00017487674802259685,0.0001848558256791915,0.0001935036457966097,0.00019315625983428594,0.00019555858203179315,0.0001920215051854711,0.00018725018529994897,0.00018892473384844974,0.00019179940402159294,0.000189351742690523,0.00019323551367641617,0.00019546605929301775,0.00019096934240412614,0.00018784793869359656,0.0001818389475609076,0.00018344048051361828,0.00018433403103094753,0.00018724662803695547,0.00018989348762709043,0.00018767512225313903,0.00019006059547831315,0.0001953490246753014,0.00019666553122027074,0.00019448873153834627,0.0001896514297686274,0.00018791458414669997,0.00018975353030149466,0.00019049873930915997,0.00019608751742759758,0.00019767356050741486,0.00019972310925600283,0.00020395644505282989,0.00020898163774152705,0.00021894253055369057,0.00022003131601332026,0.00022319470162342265,0.00022786734598655026,0.00022847672328539818,0.00022964884459074838,0.00023308939564173505,0.00022805395271466454,0.00022570850602252054,0.0002194139804097636,0.00021148000820683276,0.0002010281172564654,0.00019099006500111995,0.00018316541729491417,0.00017798456101130998,0.0001719408999604913,0.00016625328601440728,0.00016442197364312052,0.00016675475295886867,0.00016974815079991908,0.00017226692984177863,0.00017876107050396868,0.00018361718712154725,0.00017980644995673164,0.00017728742651840296,0.00017872626712828803,0.00018039876272873154,0.00017749307656159742,0.00018149140026245191,0.00018639188593307047,0.00019391474944884277,0.00019916240474267797,0.0002005394093296675,0.0002013162211999071,0.00020107907451369445,0.0002002969977011319,0.00019332401473792551,0.00019571726129259898,0.0002008493412893977,0.0002057918057064837,0.00021134079213284992,0.00021908149864199557,0.00022576120293776546,0.00022870641774588678,0.0002343299902153554,0.0002437692394691617,0.0002471474905067366,0.000252288185807438,0.0002550424311512633,0.0002511569966855704,0.00024847544016169215,0.00024394936189524094,0.00023420518312442833,0.0002265896072182726,0.00022138713701518178,0.00021897142041999264,0.0002150772378727627,0.00021064470970354193,0.00020828948957492545,0.00019843640250796204,0.00019295984234957863,0.00018838509856180112,0.00018144354570250385,0.00017861004652277204,0.0001789323834905079,0.00018293354233282966,0.00018448373862975837,0.0001900395779685718,0.0001890688462841509,0.00018571850464974408,0.00017938328549651648,0.00017513733284235303,0.00017032206136551907,0.0001698425488853847,0.00017016813844118677,0.00017480275108782187,0.00017799181216184522,0.00018040984316509853,0.00018161122017068548,0.0001859268154407124,0.0001877007290817591,0.00019066001059341706,0.00019606928156331668,0.00019914390515215818,0.0002023305687903077,0.00020816516431728337,0.00020671119403999535,0.0002002989292225884,0.0001930015852617852,0.00018915138370746958,0.00019239868356133688,0.00019785641744875487,0.00019726881468387503,0.00019856070561438796,0.00019699589053276257,0.00020006751405767428,0.00019037624319617706,0.00018137044172784273,0.00016801142581572798,0.00016203499133962592,0.0001590013740147124,0.00014791412617406468,0.0001351020915584249,0.00012026356874139388,0.00010864373384936507,9.413278877132008e-5,8.186835623794799e-5,7.724326890935783e-5,6.940568240416619e-5,6.514056495268773e-5,6.527793221105553e-5,6.469022775628068e-5,5.708537227641121e-5,5.4351743696189465e-5,4.731583629671311e-5,4.4302774149992236e-5,4.2185976053166e-5,3.822886274318852e-5,3.957316238438323e-5,3.470495016813468e-5,3.164376033979644e-5,2.479330590198572e-5,1.8847128837742603e-5,1.408479530276368e-5,6.591556489744329e-6,-5.536388694217512e-6,-1.778745621277587e-5,-3.265998093535703e-5,-4.9198047174134444e-5,-6.726571204005493e-5,-8.588932243711888e-5,-0.00010208566718087416,-0.00011924727708789277,-0.00013302858966323484,-0.00014656516333380135,-0.00014786553865643115,-0.0001576403227381387,-0.00015696141620792547,-0.00016163878313466148,-0.00016561373993059618,-0.0001664227066736466,-0.00017030139430576104,-0.00016950188456146787,-0.0001706267856612551,-0.00016876143718968337,-0.0001667968383168443,-0.00016165902549360872,-0.00015663844684024714,-0.000150895437879762,-0.00014353241316366003,-0.00013121831255695038,-0.0001259565532227597,-0.00011998444535201076,-0.00011120598215306523,-0.00010637521102488699,-0.00010657012222139294,-0.00010974779133474021,-0.00011526949056674564,-0.00011550498488171131,-0.00011019887962826751,-0.00010679227342625533,-0.00010214674710225987,-0.0001003564388367309,-0.00010094188875679885,-0.00010331394500696449,-0.00010366824290066422,-0.00010108211478630419,-9.589799106431996e-5,-9.452917544298232e-5,-9.405257005867843e-5,-9.224023240164144e-5,-8.994120958579811e-5,-8.751485771792738e-5,-9.391596712284899e-5,-9.679389217937673e-5,-9.70873662421811e-5,-0.00010159686399253203,-0.00010591829203668676,-0.00010369163436837396,-0.00010920786327802974,-0.00010896411319198937,-0.00010752677263318284,-0.00010665671082067751,-9.875951442442071e-5,-9.457656807147614e-5,-9.161258403868119e-5,-8.69820003744705e-5,-8.523480486871435e-5,-8.690507788907018e-5,-8.773090183208056e-5,-8.88450341274258e-5,-9.028773950572959e-5,-9.471225960218229e-5
0.0038090681776627292,0.0037181467971070833,0.003653684532622186,0.003595976926311906,0.0035396349923466986,0.003487936475976047,0.003437410774342714,0.003390611683908562,0.0033462409040072114,0.003302242454878896,0.003259554342724186,0.0032164245744361274,0.0031729362379489456,0.003124411270736001,0.0030831379450106983,0.003044249971064715,0.0030068135228017313,0.0029705070206193897,0.002937090787931323,0.002905208282493968,0.0028701122854346193,0.0028351193614014627,0.0027993762015888508,0.0027654024483077383,0.002728336981972892,0.0026949759916490585,0.0026665205766416406,0.0026353227196015084,0.0026033357195218224,0.0025718969979154093,0.002539770720291665,0.0025065728123166374,0.0024656643231008735,0.002423029650211943,0.0023779988618896565,0.0023335625889158574,0.002290002797057409,0.002248059518317678,0.0022121103984939477,0.002180653943919494,0.002151793555173145,0.002119444638507071,0.0020855658723419376,0.002051632258542564,0.002017113739546872,0.001987163295330394,0.0019564717145342174,0.0019240721333688294,0.0018951885900394515,0.0018637750591539882,0.001832673645954999,0.0018000720558853662,0.0017682565565936984,0.0017389549832598434,0.0017130250163672688,0.001687813288570494,0.0016641581226851628,0.001641238970648782,0.0016187263396423345,0.0015939387009367477,0.001569716554052022,0.0015448468371461511,0.0015196868874068274,0.0014974908681511022,0.001471303648912813,0.0014460109094234573,0.0014207028473906332,0.0013901212558363487,0.0013624806697572873,0.0013355437665497603,0.0013100040636895803,0.0012883821336072405,0.0012679552300686537,0.0012476198577231043,0.0012358826400972632,0.0012246484674316215,0.0012107642876005287,0.0011956721742678192,0.0011816313018551412,0.001167057063224085,0.0011514306355204559,0.001138212282096826,0.0011267863793880829,0.00111579996621012,0.0011041719580170222,0.0010945426852345987,0.0010850210263522427,0.0010755953603785633,0.0010662465078798437,0.0010525471300757091,0.0010411287993859703,0.0010288071699068658,0.0010140692276134086,0.001006656059346584,0.000998633367624739,0.0009905196922066898,0.0009849788101799308,0.0009786026364644283,0.0009770710753978474,0.0009708325878869758,0.0009678517109511517,0.0009628848172911413,0.0009569171738259823,0.0009516536318168814,0.0009486587033916104,0.0009462359269847322,0.0009451824792938595,0.0009414891815568662,0.0009338720688107522,0.000930972436824179,0.0009241994818900792,0.0009210076707158731,0.0009186658556987582,0.00091414174675455,0.0009125638425305674,0.0009126750822377865,0.0009133602011012058,0.0009121268405327328,0.0009121308881503795,0.0009118310047013115,0.0009124752936885309,0.0009129827124102936,0.000910554214104456,0.0009096288919687959,0.0009077457001439784,0.0009063707051099786,0.0009030388452228472,0.0008998787136084006,0.0008985698377310958,0.0008953399491687893,0.0008984493737342566,0.0008992010473641391,0.0009014739858805197,0.0009044186539555451,0.0009073218580378274,0.0009112825468965133,0.0009170675226990124,0.0009240901961476815,0.0009329029457401207,0.0009424880875415589,0.0009528842513633803,0.0009611305169827265,0.00096625375675712,0.0009741613096872394,0.0009811775941990148,0.0009878115544109034,0.0009922044561622068,0.0009958873225395998,0.0009951572106958193,0.0009963009709907512,0.000994236882855423,0.0009953718467016902,0.0009998696221538877,0.0009993597326114286,0.0009953442551696662,0.0009933902030529428,0.0009955481923969228,0.000996592168913922,0.0009975848885738962,0.001002535012074159,0.001008805939885419,0.0010210098101394362,0.0010331842800000005,0.0010452679108569323,0.001054120614569961,0.0010650860554839703,0.0010753072237047062,0.0010818676258140105,0.001090895965596166,0.0010990943964246155,0.0011089994931841765,0.0011219449642538323,0.0011272131171008207,0.0011347385776001118,0.0011431576831214083,0.0011534074481684162,0.0011601273641785106,0.0011642956332307774,0.001170893612766692,0.001173031892963229,0.0011772167183948573,0.0011792828506072969,0.0011819605597426488,0.0011856615841283687,0.0011923595313372388,0.0011969575271789576,0.0012012989985239796,0.0012048178443000194,0.0012018804951464176,0.001198411619203917,0.0011985477263113417,0.001200708642467083,0.0011970808416017675,0.0011938953855830312,0.0011944835598882454,0.0011941169294368743,0.0011916381032853487,0.0011934381989508534,0.00118659266083512,0.0011821820549092236,0.0011746176334856422,0.0011648081120641063,0.0011587843746293958,0.0011529469928539078,0.0011480287500009515,0.0011452383218088851,0.001138322979565078,0.0011332937857934046,0.001123361023439127,0.0011141719894285664,0.0011075599631588493,0.0010974522084942913,0.0010858392715923392,0.0010777112363103847,0.001066894889754016,0.0010567650913371222,0.0010456458044394556,0.0010334867961137855,0.0010183053524864265,0.0010040213018477472,0.0009905480090191547,0.0009799438894155315,0.0009684248891126081,0.0009573599028225904,0.0009463204813723017,0.0009360247281116317,0.0009294268877932398,0.0009208376330950421,0.0009145069629954708,0.0009043166953935612,0.0008976709527277916,0.0008906787094735784,0.0008832344153614492,0.0008725230583775404,0.0008605449000777897,0.0008520977935319626,0.0008440266233278999,0.0008377956976826702,0.00083363407027318,0.0008278637806922307,0.0008224651065351367,0.000819057222521327,0.0008176746895034492,0.0008147395934232761,0.0008123624640231018,0.0008103579490642163,0.0008058918454481325,0.0008016732490802544,0.000796097189405905,0.0007921665194092798,0.0007954056619756399,0.0007957117735192873,0.000798539911297212,0.000799555772623261,0.0008029898050495013,0.0008016200594404556,0.0008028996187845792,0.0008026901784753644,0.0007974809654800446,0.0007945380259259364,0.0007891468827198551,0.0007916624451122707,0.0007952822500563104,0.0007974501298179029,0.0008002984425766549,0.0008014674787455541,0.0008005788185841384,0.0007993847547982644,0.0008015326945356555,0.0008036369468122609,0.0008021354902609086,0.0008034739955592755,0.0008020859573238391,0.0008031021210657084,0.0008057635045635928,0.0008059785476238362,0.000801975634437769,0.0007975412929465853,0.0007954395404198094,0.0007952314548156903,0.0007993455480593806,0.0008052748538923037,0.0008086863075941916,0.0008122498229446918,0.0008141142356637892,0.0008142815716344636,0.0008187160411865646,0.000824740315727114,0.0008223834482114749,0.0008209541653440717,0.0008225354737977359,0.0008238410231477291,0.0008286596170092586,0.0008304620886553562,0.0008301948835044921,0.0008291301729507233,0.0008281042833087117,0.0008294683900539388,0.0008300100921296949,0.0008280298963231306,0.0008258305255653617,0.0008221797850216003,0.0008158573836017247,0.0008094023560241614,0.0008063149615152869,0.0008008881352546886,0.0007977997824842013,0.0007872118730369145,0.0007815047168744984,0.000775834539894973,0.0007686574882315385,0.0007608945020023036,0.0007545461475321387,0.0007501910247304092,0.0007469140525281758,0.0007427609803301016,0.0007372100155910355,0.0007303014566553139,0.000724493273689051,0.0007174665853104411,0.0007144921503378873,0.0007080262722301406,0.0007010542664618003,0.0006933386888112581,0.0006864995692913001,0.0006799484325598565,0.0006734217190399553,0.0006698190133664917,0.0006653131179389775,0.0006601753773631871,0.0006520237522193229,0.0006445332121923176,0.000635140748114491,0.0006267144760910831,0.0006189398408866648,0.0006096950498300324,0.0006013573090360839,0.0005923465785335605,0.0005880925746877781,0.0005813903603211684,0.0005786914796735865,0.0005748496069497518,0.000573614754549224,0.000572361819408859,0.000566913168188258,0.0005572083642265586,0.0005483986538944202,0.0005389921000287178,0.0005251594192658541,0.000511158125682046,0.0004978305160906057,0.00048392792178401825,0.00046925435804557296,0.0004550738537667232,0.00043943969915786097,0.00042571859190595584,0.00041379413116311763,0.00040501127472079607,0.0004007636310157296,0.00039931284167318175,0.00039550358034700576,0.00039228471238447586,0.00039083058757804074,0.0003868627741134785,0.00038559697357030357,0.00038198688495771595,0.00037799671580147345,0.00037394570659493945,0.00037609882182501646,0.00038161465942288073,0.00038599598996284426,0.0003924590430447961,0.0003927873343458281,0.0003926115569194714,0.0003953254267755054,0.0003972007556662682,0.0003966897549375033,0.0003955046460410986,0.00039352284853879293,0.000392980419443729,0.0003914514346105468,0.00038967227011800574,0.00038816596795251105,0.0003884587619502408,0.0003868100450832768,0.0003822299483399546,0.00038208348556734395,0.00038170110070044605,0.0003792898780594887,0.0003799610976495264,0.0003837108661171914,0.00038832193837468293,0.0003961134340328403,0.0004026135969405276,0.0004105649431257665,0.0004188104123656856,0.00042079932160918955,0.0004260430503369128,0.00043027814451801325,0.0004364501584860325,0.00043808404180445566,0.00044132305868043066,0.00044735478380026093,0.0004481710667883316,0.0004509017683098058,0.0004497374622641784,0.00045299443025684905,0.00045027740186663184,0.00044985598291028217,0.0004441374341040384,0.0004390853764946741,0.0004336453312352772,0.0004263112217601474,0.0004225931853919636,0.00041889425870221905,0.0004197820825513019,0.0004208188420661005,0.0004222962590672229,0.00042696951332352103,0.0004282791441919348,0.0004313741693334008,0.0004331291172965171,0.0004314164174600562,0.0004303480082221889,0.0004280184845805789,0.0004268676962007153,0.0004213913272118672,0.0004180720557811011,0.00041317029489520697,0.00040992329583746176,0.00040676015744269537,0.0004040594691173783,0.00039910599892516375,0.00039632253982054894,0.00039576462016100377,0.0003950956054571816,0.0004000891961663317,0.0004016217742226483,0.00040451442591626045,0.000408798517780092,0.0004142716088600808,0.00041649622422349825,0.0004206226099953959,0.00042471465326576416,0.00043038267906351645,0.00043884268213723916,0.0004448722221852681,0.0004496454824453263,0.0004471382509588601,0.0004486178825578852,0.00044631619937888297,0.0004415606964073245,0.0004403692320127284,0.0004375350588460699,0.00043423326801991086,0.00043485294613877323,0.00043360827898262686,0.00043250989203528,0.0004345708126313052,0.00043294939279337765,0.0004285998970968987,0.00043204500855364335,0.00043446377033066775,0.00043995432433312237,0.00044369636592748963,0.00044645158601307037,0.00044828211947859427,0.00045151924992882324,0.0004554121448768541,0.0004590507970998467,0.000462032949862613,0.0004670600145344142,0.0004698784026418519,0.0004729386855818757,0.0004754922733713636,0.0004762567569336805,0.0004780496005777157,0.0004806446952932,0.0004814767130254373,0.0004836303448302545,0.00048598556351618746,0.00048639501442684175,0.0004863854207685993,0.0004888470030633179,0.0004938054592665797,0.0004974214542259865,0.0005001205383758426,0.0004991286843926276,0.0004982551981783036,0.0004963405270546652,0.0004940992247878263,0.00048713078853417216,0.0004811052583730791,0.0004744163015576019,0.00047081251672768563,0.0004682037049890604,0.00046583856872656676,0.00046046514818401244,0.000453310559897547,0.00044696434296672853,0.00043859629360137566,0.0004326214144173595,0.0004291836511376508,0.0004284806446955974,0.0004284113997890752,0.0004287933977370925,0.0004288434284882938,0.0004264608978024998,0.00042403422647652097,0.0004235166380181438,0.0004187486646740042,0.00041443945202645425,0.00041223135057716316,0.0004071020226606,0.00040206053786768494,0.00039961032094927286,0.00039405133622161123,0.0003889436585235154,0.00038887273102359784,0.00038774975145039594,0.0003883925066957888,0.0003866945638273718,0.0003856996655779868,0.00038379794756027494,0.00038317603364806995,0.0003799351284436451,0.00037567616521468435,0.00037406473211751523,0.0003695945732441151,0.0003706828120794444,0.00037181075431015235,0.00037561261820269335,0.0003809591042448638,0.00038658111365685323,0.00038907956263253336,0.0003976199540434176,0.0004013332644493757,0.0004117599339821694,0.000422137015519556,0.00043022834407827916,0.00044139252594753545,0.0004486083371230711,0.0004579863850305213,0.0004656851458190828,0.0004733942686081494,0.0004814152828729627,0.00048593830471977935,0.0004896243973128428,0.0004918951812808104,0.0004961271700808221,0.0005041159989378203,0.0005095341165439881,0.000517519684969109,0.000523752300842474,0.0005343480800505938,0.0005441743827277564,0.0005517400407214699,0.0005520450421207977,0.0005514491768051455,0.0005493595214237293,0.0005546975485046292,0.0005599528863107679,0.0005625534493962671,0.000562337075213213,0.0005610536864457437,0.0005578015339967009,0.0005546759071326907,0.0005529432265554943,0.0005533060915354344,0.000545360040324735,0.0005422779509813529,0.0005377082818141022,0.000534955132208911,0.0005327766967654348,0.000529606916359848,0.0005268261089904525,0.0005189869186212289,0.0005132290548487496,0.0005049848107798863,0.0004970185835585675,0.0004840463001932586,0.000475894153293219,0.0004687838167281576,0.00046340941637421524,0.00045727360014366963,0.0004517497705009697,0.00044749627774857845,0.00043988738603951744,0.0004317750565002051,0.000425212976856363,0.00041747229730171846,0.0004062728247056109,0.0003941230349843205,0.00037793897565305403,0.00036344680826961494,0.0003490962553597562,0.00033922519875014993,0.0003295921985196986,0.00032065257041677067,0.00030753352659874315,0.00029417316452352697,0.0002805711707516527,0.00026772419298895826,0.00025725934804120374,0.00024407968455547688,0.00023557786754963947,0.00022824225510002693,0.00021801130242510034,0.00020939115697753914,0.00019531650793288386,0.00018370384215174394,0.00016803579669210367,0.00014888208286646657,0.00012829509716741244,0.0001096064050213951,9.389681533454112e-5,7.866104160982152e-5,6.260780623230727e-5,4.512839262927837e-5,2.2363787938914703e-5,4.97122959197773e-6,-1.2134651529205635e-5,-3.188965319019605e-5,-5.235578525472533e-5,-6.897873224481814e-5,-8.326950551523811e-5,-9.822340551898716e-5,-0.0001130880710209132,-0.00012461023136272568,-0.00013810504154337363,-0.00014813832578031944,-0.0001574508482876607,-0.00016942483595755903,-0.00017598768080464387,-0.00018253034348370437,-0.0001904149855797665,-0.00019713968273933546,-0.00020232592406466346,-0.0002110220672662762,-0.0002172466332227634,-0.00022200638956559998,-0.00023154984080998975,-0.00024124586392355676,-0.0002548489205934634,-0.0002661254461836034,-0.0002777606692245368,-0.00028901767396956806,-0.0002968447379951449,-0.0003044104098252093,-0.00031510289487905225,-0.0003223414998129919,-0.0003282115925214177,-0.00033403108233981594,-0.0003409307369014064,-0.00034789106949899935,-0.00034954878941176727,-0.00034848087529475055,-0.0003501931831952557,-0.000351691237668429,-0.00035395499005872063,-0.00035637954979032805,-0.0003574125682299163,-0.0003567166411774465,-0.0003517214041404411,-0.000350842304995372,-0.00035086496380357703,-0.00035014210078833694,-0.0003554415252787215,-0.00035668535825458087,-0.00036137004531828435,-0.00036310891007614997,-0.00036344142669438414,-0.0003660583932511058,-0.0003642717077924064,-0.0003643587566294719,-0.00036396068258839735,-0.0003677897785326928,-0.00036677810720879783,-0.0003694006465925649,-0.0003696201160526689,-0.00037011100071815975,-0.00037017093542385704,-0.0003654687558887798,-0.0003645404036685808,-0.00035906018467579145,-0.0003544772897102272,-0.0003477071098869845,-0.0003418949584708972,-0.0003402123298262303,-0.0003391582406531464,-0.00033693247374163345,-0.0003383217381472339,-0.00033796226071941933,-0.0003342990763746586,-0.0003346093335588458,-0.0003351634457250291,-0.00033528129116635897,-0.00034085991032546,-0.00034507416591636204,-0.00035054186223064013,-0.00035716155780988654,-0.0003651815473089557,-0.0003730748772363366,-0.00037783635527307733,-0.00038632304488051146,-0.0003936652612314353,-0.0003997662408624588,-0.0004034300805715227,-0.0004056096278847875,-0.00041040416862025373,-0.0004172091663167213,-0.0004193505609421947,-0.00042113302956515167,-0.00041656103676785105,-0.0004168111787464876,-0.00041495283504450637,-0.00041375270159659135,-0.00041348663983061266,-0.0004101501879700361,-0.00040909431955872354,-0.00040855327565347273,-0.0004057771041672264,-0.00039844873571577035,-0.0003907113114186882,-0.00038197817128866803,-0.00037656391576266037,-0.0003684101519091971,-0.00036273524969704444,-0.000355856018178798,-0.00034675663303667564,-0.0003371807636538611,-0.00033201324002260057,-0.00032828212065823026,-0.0003250009441555687,-0.0003244079398946754,-0.0003244364075072343,-0.00032886771776613184,-0.0003290085416198746,-0.0003254707850603613,-0.00032341985895554154,-0.0003190612373372238,-0.0003111571436040114,-0.0003055149114418014,-0.00030176492539708334,-0.00029444480094451995,-0.0002869523910918248,-0.0002833331688810568,-0.00027833023267924694,-0.0002710928598552739,-0.0002699475030829739,-0.00026631235555129527,-0.00026090391843417425,-0.0002578212451755368,-0.0002538206064377748,-0.0002533023014052153,-0.0002486521352512578,-0.0002479278194267244,-0.00024557077319320935,-0.00024348979111832737,-0.0002412539373425112,-0.00024122104419186015,-0.00023618917399298166,-0.00023649911101620753,-0.0002382945882359297,-0.00024266958244734723,-0.0002424299521493679,-0.0002456483827365985,-0.00024812597240482325,-0.0002481024081822786,-0.0002476414601757905,-0.00024719467266851876,-0.00024471180270326025,-0.0002452630818031069,-0.0002450871498190591,-0.0002468943863556916,-0.00024670035748255894,-0.00025046681816183746,-0.0002494162912864512,-0.00025506552593286476,-0.00026174719604377887,-0.000269081793730756,-0.0002757802815341465,-0.0002827950713743385,-0.0002916887075506402,-0.00030203953654947405,-0.0003098403530907454,-0.0003198585730846801,-0.00032824421457089973,-0.0003366066839937911,-0.00034214757677646866,-0.00035275712979734213,-0.0003649343244384962,-0.00037246192352622287,-0.0003791094586126896,-0.0003897857718675721,-0.0004021215566267563,-0.0004110873847043796,-0.00042424586017669226,-0.00043578891262178624,-0.0004451589200441967,-0.00045797689858238826,-0.00046504354818792767,-0.00046999627297283615,-0.0004757267714227337,-0.00047693504435251244,-0.0004809253200492077,-0.0004856330857208463,-0.00048635158551784503,-0.0004872689309055549,-0.0004921099429441285,-0.000495824973348443,-0.0005010474386674157,-0.0005040398506166013,-0.0005112563831625438,-0.000523428740370297,-0.0005352272951494915,-0.0005397848867553482,-0.0005456557910798852,-0.0005476144027350243,-0.0005514878086223952,-0.000555082815551818,-0.0005642434708850436,-0.0005732560904906614,-0.0005780836565587905,-0.0005831363097013239,-0.0005900384576178073,-0.0005992882762899295,-0.0006065872769573924,-0.000608484446035761,-0.0006119839739205358,-0.0006193586885590733,-0.0006222946383553185,-0.0006263197607295541,-0.0006249740767121988,-0.000624808476833969,-0.0006250855008306822,-0.0006225746529276275,-0.0006204133535408735,-0.0006149501416791184,-0.0006076776287597435,-0.0006072511495410389,-0.0006013510549708096,-0.0005968062389151782,-0.0005952342398681803,-0.0005928028112112075,-0.0005948472649816407,-0.0005909764354999146,-0.0005857921027756566,-0.0005837190891930344,-0.0005813279008966498,-0.0005748303064272964,-0.0005648279750053762,-0.0005531039172671156,-0.0005503381536382606,-0.0005466280022474125,-0.000543107091541787,-0.0005373865247012019,-0.0005315623339347897,-0.0005285994251393764,-0.0005221217266024522,-0.000513208839099421,-0.0005029371432952077,-0.0004941542588718222,-0.0004866715899688858,-0.00047868185124305,-0.0004647208719249549,-0.00045532415568360707,-0.00044414509756086196,-0.0004332335372296711,-0.0004226632305507251,-0.0004114415044912288,-0.0003985918602107031,-0.00038405267688703103,-0.00036868249267616864,-0.00035995974900212283,-0.00035740037693589516,-0.00035021813681715256,-0.0003457206181244885,-0.00034198932518119464,-0.00033320430525513104,-0.00032609427160864483,-0.0003177107351612932,-0.0003074161203115604,-0.00029569961436772327,-0.0002906040841895324,-0.00028492283241624705,-0.00028433408610016776,-0.0002801768256007478,-0.00027649392109415624,-0.0002729361723114415,-0.00026620180120919516,-0.00026416669108041233,-0.0002619639872663163,-0.00026015852423347556,-0.00026095497033917526,-0.00026577235404301735,-0.00026973472390938723,-0.00027026236299137525,-0.00027345970102937397,-0.0002741700923022855,-0.00027890128760315133,-0.00028261714158510636,-0.0002824217980199579,-0.00028472228843353905,-0.0002814237857957195,-0.0002785081960299201,-0.0002814634636014283,-0.0002838003789733135,-0.0002833848973355102,-0.0002917196609546326,-0.0002981374434234075,-0.00030850059187209286,-0.00032063515344528366,-0.00032958395881463364,-0.0003364691413419915,-0.00034227362525750986,-0.00034549975407194587,-0.00035195602159867045,-0.0003578769839873754,-0.00036523577917534685,-0.00037102256061004985,-0.0003807067405988761,-0.0003873195570446928,-0.000392973375509539,-0.0004014428854240748,-0.00040845334308095105,-0.000417436920662134,-0.00042744972790929555,-0.0004370336319542279,-0.00044424145364508873,-0.00045280669421649146,-0.0004604191214898447,-0.0004640409087186029,-0.00047523185558122794,-0.00048243929874086823,-0.0004884503545306614,-0.0004930583877599381,-0.0004962994955888506,-0.0004983114128764471,-0.0004991091456455164,-0.000503328521775366,-0.0005121694825569627,-0.0005195790803470467,-0.000525625925342878,-0.0005323762294886923,-0.0005409742345795876,-0.0005474169938131637,-0.0005534583712302172,-0.0005501423510951989,-0.0005549862379032881,-0.0005580336965229826,-0.0005613956242679478,-0.0005676439971595705,-0.0005722525944657688,-0.0005763714571221527,-0.000577933777184544,-0.0005809898142995703,-0.0005883336454833197,-0.0005933701226765784,-0.0005982219571828823,-0.0006053674795835491,-0.0006123307611022304,-0.00061928589923117,-0.000630758211121294,-0.0006475365188851827,-0.0006578411658315352,-0.0006724033023244533,-0.0006826646626117439,-0.000688956091050707,-0.0006947121589644642,-0.0007054580218475449,-0.0007160190301540019,-0.0007282692993894476,-0.0007417183046261991,-0.0007531845593059062,-0.0007718290750833657,-0.0007851881011542882,-0.0007974170382665359,-0.0008109584459115369,-0.0008195467818677445,-0.0008298569352897107,-0.0008359116051600919,-0.0008463924949791476,-0.000854394044817998,-0.0008658954140102658,-0.0008790982128043634,-0.0008936270983831367,-0.0009097639322144543,-0.0009298293331998061,-0.0009508816517689923,-0.0009689899239725902,-0.0009867460963345555,-0.00100600788438199,-0.001024216354657723,-0.0010417506997333183,-0.0010632419909466825,-0.0010856847660190812,-0.0011090169214907836,-0.0011287865896560014,-0.0011479075076684731,-0.0011652545173992219
0.004941189065437356,0.004866420777003063,0.0048158359835494425,0.004769836283030277,0.004729621740884925,0.004691881572990862,0.0046559380829567475,0.004620783102018194,0.004584495208805371,0.004548269576971368,0.004509254047108024,0.00447699846551306,0.004438042832849059,0.004402707910207517,0.004368652366255196,0.0043372040856636575,0.004306443315900113,0.004276596889297285,0.0042481958570553535,0.004217517166946149,0.0041895727341615015,0.004166437533924567,0.0041406590965243715,0.00411203469294892,0.0040810283808599135,0.004051104116360101,0.004023023462798709,0.003996295685928043,0.00397070174517722,0.0039440431982612845,0.003916602714746684,0.003887560389806305,0.003861439211865418,0.0038348892339772527,0.0038092876748743935,0.003781276632617778,0.0037549674611325056,0.003729115447840553,0.003700276200241324,0.0036734118974818364,0.0036424409625981334,0.0036135251316656443,0.00358710744457143,0.0035588788773397695,0.003534443015627693,0.00351170787920776,0.003487815184164517,0.003465339994890122,0.003445369671567677,0.003424548810903033,0.003401716715721655,0.0033792306184912244,0.0033594401345176652,0.003338264872809596,0.0033159915109587297,0.003296483681165618,0.003277649646325102,0.003257824148657084,0.0032377098352306733,0.003219592247698412,0.0031975071577268173,0.0031736131899377153,0.0031494763059973924,0.0031231759917077504,0.003099612062141167,0.003074589236064224,0.0030516578248803374,0.00303149903380682,0.003008205770763988,0.0029881040423326106,0.00296792190299964,0.0029440887475996914,0.0029197906836796175,0.0028998268808934067,0.002879814262307556,0.002858366819670034,0.0028391975492694445,0.00282125263451674,0.002805453566365975,0.0027886527599624115,0.002772891008564262,0.0027581975015938975,0.0027409601253083463,0.002725166276179417,0.002714351072102587,0.002701041559010288,0.00268831834877325,0.0026736932075598486,0.002656455089131894,0.0026412811130929427,0.002628442621343498,0.002615247955123995,0.0025955360953458847,0.0025755567173641786,0.0025557245419429533,0.0025406174226805336,0.002525250985718532,0.002509053839053894,0.0024936785154015726,0.0024770733201777526,0.0024599039839299226,0.0024395592002351744,0.0024275279247020854,0.0024113294409323282,0.0023980160673406025,0.0023816998042812637,0.002367354217469105,0.002351004788347988,0.0023323853246697258,0.0023109885773456296,0.0022929821883768786,0.0022763526365564344,0.0022646171840874176,0.0022538287152113487,0.0022363287640116457,0.0022179896415338582,0.0021982585338872246,0.0021810712928984973,0.002164240722327749,0.0021483077661308123,0.002133981830610611,0.0021174043224251177,0.002100655966883378,0.0020832494227602145,0.0020650638413235054,0.0020485674161132912,0.0020323486468590756,0.002016801544219416,0.001998877721364635,0.001979865386347219,0.001962797836529835,0.0019476160586996238,0.0019331579000675624,0.0019183933877950996,0.0019035611438226708,0.001891154620289103,0.0018776165078939018,0.001861964538156892,0.0018480442421897492,0.0018375528365571917,0.0018257989328800417,0.0018119317412388252,0.0017959385841380636,0.0017820638151160681,0.001766085427179237,0.0017474489017456668,0.0017295003894592768,0.001713465319159692,0.0017018779651121513,0.0016886081567370063,0.001671123509550018,0.0016549778239361894,0.001640695580827419,0.0016251842224278262,0.0016091896068390187,0.0015937071521092494,0.0015750681945310894,0.0015583068192471716,0.0015433038902387087,0.0015288917709910571,0.001514105571753526,0.0015014751478324155,0.0014871586823133826,0.0014723054949289298,0.0014542311684945055,0.0014339983162250905,0.0014181445940428371,0.0014013546602775226,0.0013812870389713489,0.0013633569079532306,0.0013464527940344796,0.0013283141459519178,0.0013086433123862772,0.001289611911967075,0.0012694787911932063,0.0012507041487356011,0.0012338604782133795,0.001216869030344027,0.0011981510462507918,0.001179141274036974,0.0011575884241713825,0.0011405499097013809,0.0011217587085290326,0.0011017580253482799,0.001083976719987784,0.0010656557540071076,0.0010469188945559614,0.0010277009082300874,0.0010135224172647516,0.0009939841317727022,0.00097700983697447,0.0009566125522099466,0.0009386874441774846,0.0009212378118165262,0.0009013251553162255,0.0008839104158557605,0.0008649326727035982,0.0008485860632440579,0.0008320924424540709,0.0008176161708899725,0.0008048519641229688,0.0007903091313738787,0.0007739894939416361,0.0007622015136144754,0.0007524817573367402,0.0007427568689413435,0.0007327066155360158,0.0007221371606270971,0.0007147172392115084,0.0007044997626810218,0.0007000844004115517,0.0006918089553461334,0.0006881064654717595,0.000683310796994614,0.0006782026429718025,0.0006714991670341757,0.0006644497113591745,0.0006553064271246869,0.0006424069163438793,0.0006326317176104516,0.0006222866671507027,0.0006115144956600008,0.0006045675156483058,0.0005985540813839515,0.0005910423490476461,0.0005881921019556666,0.0005838405009823055,0.0005801770578877587,0.0005762562966579864,0.0005687258423465834,0.0005629553569278049,0.0005577031247304938,0.0005545363898109969,0.0005490131746395961,0.0005446985574537534,0.0005433388939116266,0.0005392878442232256,0.0005356907072155368,0.0005309099572926642,0.0005264925462897493,0.0005212972173821853,0.0005166675711884872,0.0005119398002642699,0.0005092796022504155,0.0005028206512925571,0.000491401685573224,0.0004817709694240229,0.0004728035006796579,0.00046452313301422474,0.0004582343210249816,0.00045261617806489267,0.0004464951937753714,0.0004388618603730804,0.0004297071787459403,0.00042342067239636605,0.0004150551636558543,0.0004042520520212887,0.0003939999268414641,0.0003816755111307579,0.00037155424739372537,0.00036203486872817296,0.000355264212571036,0.00035096977656294976,0.00034096056563784127,0.000330880792487249,0.0003231450867021881,0.00031432062515091897,0.00030519366375098185,0.0002965440344090731,0.00028810754395801373,0.00027769928201485045,0.0002675929689564187,0.00025705541584456767,0.0002471455592851032,0.00024106775484138412,0.00023542213540255567,0.00022667249168263019,0.00021642784229479445,0.0002077134827814824,0.00020150694013052424,0.00019285158376429056,0.00018465526368491438,0.00017519716173256135,0.00017286238150246127,0.00016926654600536817,0.00016512366824413726,0.0001632171681693351,0.00015957941280111826,0.00015628363927820894,0.00015276046268518313,0.0001498873442376353,0.000146575639833066,0.00014337094128180497,0.00013805623966434458,0.00013437887130470858,0.00012612317299489007,0.00012147769529738331,0.00011559469078485799,0.00010916581049883206,0.00010512058906124066,9.800006936538076e-5,9.411623380317846e-5,9.078200418264528e-5,8.659816354246588e-5,8.037233980511705e-5,7.311725518737945e-5,6.531843128527381e-5,6.122789698277983e-5,5.716805797772933e-5,5.3601465360830136e-5,5.2748518272746365e-5,5.20066313655522e-5,5.1227995219859414e-5,5.114735373518405e-5,4.866213156705788e-5,4.552955966756824e-5,4.203516904830603e-5,3.9328858614032e-5,3.8370918917623594e-5,4.067072082883614e-5,4.1964780590026055e-5,4.326715248195314e-5,4.4653386894597415e-5,4.572944841538942e-5,4.484432042922481e-5,4.720669452123347e-5,4.950436860590904e-5,5.054577194273071e-5,4.4463453547097026e-5,4.032675990512367e-5,3.4214635945214e-5,2.714196674452755e-5,1.8281929525318946e-5,1.0389668248395856e-5,2.6848475308799133e-7,-8.585794995510247e-6,-1.9183916675199295e-5,-3.093450714032571e-5,-3.734749969894997e-5,-4.226278097654477e-5,-4.874890549081976e-5,-5.440150770439347e-5,-6.34912234842211e-5,-6.926536118266933e-5,-7.4171128874652e-5,-7.67522982558562e-5,-8.10714771120892e-5,-8.43158235781809e-5,-8.340160475574086e-5,-8.438007063291926e-5,-8.646030542406368e-5,-8.945210059300556e-5,-9.14059928339533e-5,-9.528221388608427e-5,-0.00010063841439515686,-0.00010354087247996438,-0.00010468147185467989,-0.0001076005279891367,-0.00010978853237825074,-0.00011131520401319437,-0.00011141301446932684,-0.0001152834048199198,-0.00011972087878833558,-0.0001221260835214353,-0.00012578200763196313,-0.0001305011732690312,-0.00013761380963235847,-0.00014362006000645945,-0.00015131767415203995,-0.0001563590584639271,-0.00016117577812373968,-0.00016309891131514032,-0.00016662335940189862,-0.00017275596847430896,-0.0001758017994462937,-0.00017652763040108712,-0.0001784189097411742,-0.00018230336790205299,-0.00018101447967221415,-0.00018183643627853372,-0.00018056115747983297,-0.00018058854655839785,-0.00017937119093514186,-0.00017764888356284366,-0.00018111262220508773,-0.00018497997191883897,-0.00018914971047741301,-0.00019219635460670102,-0.00019597851661474586,-0.0001964148977761532,-0.0001945399429206899,-0.0001956265128447065,-0.00019700041481484872,-0.00019982831162790389,-0.0002055638688244061,-0.00020829804514533722,-0.00020996423725594523,-0.00021081923734916861,-0.00021101043170136956,-0.00021429531460877215,-0.00021637553587508632,-0.0002169928865445344,-0.00021919021781549534,-0.00022159622099039434,-0.00022274950860819796,-0.00022370988208003688,-0.0002259229908850559,-0.0002309645026645881,-0.00023493122543378518,-0.00023930904116321273,-0.00023805487615891107,-0.0002377307444565532,-0.0002435465771082918,-0.00024967488777085463,-0.00025875790281314236,-0.00026648602130183386,-0.00027169327791215676,-0.00027601322664124334,-0.0002785117006957486,-0.0002818383962406629,-0.0002853677397829398,-0.0002960767344418354,-0.000307831109481933,-0.0003169845217064251,-0.00032188117920079254,-0.0003260786944160043,-0.0003329721266595786,-0.0003400039317171408,-0.0003466885966471486,-0.00035268350647850346,-0.00036122292643406343,-0.00037251636685378323,-0.00038259884461889533,-0.00039536043746151995,-0.00040587807830701883,-0.0004158533981601346,-0.00042733654102561483,-0.0004344289312342526,-0.0004403165532648646,-0.00044525710110921834,-0.00045270487631461653,-0.0004612918812079558,-0.0004730741206201339,-0.00048267419708518806,-0.0004930751848896051,-0.0005028545162427104,-0.0005126534247018548,-0.0005207545444678114,-0.0005349942385947087,-0.0005467927915526592,-0.0005556383451013271,-0.0005649492941408262,-0.0005738541573631188,-0.0005828773838205447,-0.0005905293888026352,-0.000600559516457121,-0.0006083014224332247,-0.0006181272947480289,-0.00062716337501407,-0.0006363671284503487,-0.0006454445083906176,-0.0006529089447515594,-0.0006572673690948623,-0.0006632140074504029,-0.0006712277359701693,-0.0006788440520057866,-0.0006815432629695133,-0.0006837130576508451,-0.0006864885306252826,-0.0006860524916280164,-0.000687471945522247,-0.0006871125199739916,-0.000690520032953488,-0.0006945612920020208,-0.0006978584668187957,-0.0006999677077090549,-0.000701782547002256,-0.0007038054919965295,-0.0007088391855824109,-0.0007102703123477469,-0.0007112173142935498,-0.0007157104118933181,-0.0007195508992088235,-0.0007216193151708387,-0.0007234249733681655,-0.0007271083916282963,-0.0007333782769876281,-0.0007370851436634,-0.000743274367392,-0.0007482740844741911,-0.0007557072046426474,-0.000762466241840335,-0.0007670981307678128,-0.0007721126543998393,-0.0007769498664653559,-0.0007827583894413874,-0.0007859251471510554,-0.0007860376783255145,-0.0007874018031222249,-0.000791114409584391,-0.0007944382958225818,-0.000796054686289843,-0.0007949777172784173,-0.0007977741673189439,-0.000799325849007735,-0.0008012924297187037,-0.0008045051464417943,-0.000805112576763948,-0.0008067204792842324,-0.0008128767660961368,-0.0008170920385160337,-0.0008182161284389227,-0.0008254786059246855,-0.000831307006231888,-0.0008352643913038002,-0.0008377562080642951,-0.000842859671185796,-0.0008460347884498805,-0.0008486251862742198,-0.0008487906113186897,-0.0008540088080027112,-0.0008572322551582749,-0.0008604968850491373,-0.0008633623811045106,-0.0008616066114241681,-0.0008582129738399153,-0.0008555010552495923,-0.000854487057273808,-0.0008549332821624992,-0.0008532476422423813,-0.0008484863180214813,-0.0008431545081903962,-0.0008372967224028838,-0.0008293825951593648,-0.0008238719632277394,-0.000819624255204588,-0.0008129491018492556,-0.0008085220205853732,-0.0008001849148854361,-0.0007942266479474661,-0.0007850385102393256,-0.0007796132766151757,-0.0007733669149236934,-0.0007661898537941855,-0.0007611831309304242,-0.0007557697388158258,-0.0007500749695641201,-0.000747665986049505,-0.0007477927973878531,-0.0007462278765326011,-0.0007453595132034717,-0.0007440964513906655,-0.0007412159464443633,-0.0007322992061320355,-0.000724405982134193,-0.0007205494942420853,-0.0007175503497816425,-0.0007111008860512081,-0.0007081304857292566,-0.0007006799002201088,-0.0006955244607334366,-0.0006870199372046686,-0.0006764473878546832,-0.0006633321262687565,-0.0006513383552180504,-0.0006398971209138482,-0.0006284605667185658,-0.0006150055373282859,-0.0006055735765627366,-0.0005955776502711723,-0.0005873497258906752,-0.0005808682947352438,-0.0005723661450713352,-0.0005654367349005999,-0.0005548668622027767,-0.0005464627178752274,-0.0005414654228446267,-0.000534283080404156,-0.0005309484372199478,-0.0005260006156975527,-0.0005228721205892152,-0.000519601631138984,-0.0005162573704006415,-0.0005105685016001349,-0.0005031977721169439,-0.0004965939424266229,-0.0004891208715977776,-0.000483157401965777,-0.00047540871477064585,-0.0004717495694767075,-0.0004692290339954588,-0.00046623517165830846,-0.00046355906553388154,-0.00046298677412209144,-0.00046332978146249406,-0.0004604967580814352,-0.0004562157825547499,-0.0004551079835074297,-0.00045550431044092093,-0.00045291424041767064,-0.00044986118232693076,-0.0004477544520000349,-0.00044557618562092644,-0.0004473069378698509,-0.00044755249186634874,-0.0004457456720424069,-0.0004429645597806245,-0.00044274069708614543,-0.00044227425164110703,-0.0004424919599345008,-0.000440387775742305,-0.00043989653005764345,-0.00044087396760360395,-0.0004395766249205172,-0.00043803346448062475,-0.00043728652794395613,-0.000436088713711817,-0.00043598746223173676,-0.0004397750967180466,-0.0004443282741246831,-0.0004487336403928079,-0.00045168026507804446,-0.0004523273112149935,-0.00045312619543645834,-0.0004528373709429449,-0.0004535261896068749,-0.0004576166438090059,-0.00046344950234391565,-0.00046885035290916623,-0.00047554928068406927,-0.0004777769729182812,-0.0004831119865613625,-0.00048440955087888693,-0.0004824963826360817,-0.00048102978419313274,-0.00047942766040089065,-0.000481960590919496,-0.00048144260051052206,-0.0004832909478397603,-0.00048186786036394103,-0.00047871138672773083,-0.0004761326433066908,-0.00047593594879485716,-0.00047684083926495324,-0.0004727401075248809,-0.0004684377732972052,-0.00046251228386494836,-0.0004575691101178376,-0.0004542116261821778,-0.0004537661445096908,-0.0004508987210085185,-0.0004450303669378193,-0.00043747815277403007,-0.00043183223574085516,-0.00042260525059295426,-0.0004130827216108002,-0.00040769283641353985,-0.00040240723210916844,-0.00039783277124164074,-0.0003952582057756068,-0.0003964518612258788,-0.000395306296995405,-0.00039071152080204013,-0.0003878021087124708,-0.00038690773123424153,-0.00038391142310519906,-0.0003803456376939566,-0.00037844511427003683,-0.00037714390137749183,-0.00037408137172792065,-0.00037094359467237177,-0.00036790505065041677,-0.00036369201712267707,-0.0003582386119079208,-0.000353453990564692,-0.0003479859604566043,-0.0003458030227989448,-0.00034343522884289126,-0.00034193953587128537,-0.00033891496498144507,-0.0003374697295684206,-0.0003312599035034781,-0.00032643247137485433,-0.00032444782193794886,-0.00032378020426553826,-0.00032440537198241356,-0.00032299785234658036,-0.000319719514664588,-0.0003180047814748645,-0.0003122876891165046,-0.0003042448069364966,-0.0002952846592479899,-0.00028671154998226805,-0.00028212353528430815,-0.00027659683900223313,-0.00027233734083992816,-0.00026888439639382905,-0.000261373467509203,-0.00025727451371218053,-0.00025155702076102486,-0.00024614724768211006,-0.00023642500209014426,-0.0002272924883627658,-0.00021779046407864757,-0.0002058141750234641,-0.00019687733733860335,-0.0001852879748787376,-0.00017450211626567554,-0.00016058546434979246,-0.0001468031086203599,-0.00013430256860166967,-0.00011784010402298269,-0.00010039492378004115,-8.358946881349009e-5,-6.659496794731931e-5,-4.9440214296885244e-5,-3.5238209198469e-5,-2.1101985343868527e-5,-1.0171352624546687e-5,5.192344401557017e-7,1.0439567992358789e-5,2.2614310572570398e-5,3.430865154591424e-5,4.5391570161976205e-5,5.737881102344874e-5,6.717975635464626e-5,8.186453377206667e-5,9.6671219798116e-5,0.00011312353578093151,0.00012753719909117917,0.00014523345584533786,0.00016341714042571946,0.0001777492971620118,0.00019283177627969444,0.00020159496176095775,0.0002159608377384017,0.0002310314295738404,0.00024369689295278418,0.0002551532819052162,0.00026986206941396606,0.00028306369602584325,0.00029606642135036903,0.00030591045629371625,0.00031648584290799555,0.00032714995278212636,0.0003366249365745976,0.00034644040392810954,0.00035716051387297556,0.0003643294747715748,0.0003708461328466164,0.000379860445967917,0.00038667258740665935,0.0003955849585908833,0.0004025030487591325,0.0004144603505157693,0.00042221320780227756,0.00042969876844075114,0.0004342554010422939,0.0004424930214179701,0.00045162635281440064,0.00045930145249852727,0.0004713104534180959,0.00047979602073741433,0.0004910709708235934,0.0004993900344571638,0.0005124884160773972,0.0005246637597854351,0.0005365401757890463,0.000550343296692611,0.0005624401627933221,0.0005744992234143219,0.0005862719643319838,0.0005978693072293134,0.0006108162172851363,0.0006180367434740239,0.0006269353666657344,0.0006358279111144624,0.0006436036766430135,0.0006498741227455787,0.0006549920150527384,0.0006596338722084985,0.0006642466502540503,0.000670860212979427,0.0006778210836713767,0.0006849072067017446,0.0006895303542921548,0.0006978562324854678,0.0007072765872141722,0.0007162497146472754,0.0007275003553381123,0.0007358404938456695,0.0007404595826317252,0.0007457746905599196,0.0007494235615279236,0.0007545247433952371,0.0007635215780219219,0.000770654072878536,0.0007784009251085487,0.0007872360167414138,0.0007933403494352144,0.0008019172665439082,0.0008124657148195404,0.000822246081916055,0.0008325600440521467,0.0008438482534732424,0.000849790609117356,0.0008526900898769201,0.0008562015515812694,0.0008586385621815962,0.0008637749111767906,0.000868088297925964,0.0008723212258170235,0.000872443725086847,0.0008705657593828591,0.0008730420384875536,0.0008735192926952822,0.0008755975736194793,0.0008775481938547904,0.0008840958300734957,0.0008850048286439073,0.0008879825279480987,0.0008943869001205583,0.0009013431775850876,0.0009099446532752069,0.0009153325386171676,0.0009215955435099196,0.0009289097511230174,0.0009340464349952252,0.0009443894310552783,0.0009523307694707642,0.0009615190025895227,0.0009697710796260667,0.0009801806782551545,0.0009863508675960141,0.0009948234586585364,0.001001162691490464,0.0010041387617991818,0.001007204765841041,0.0010062270026838663,0.0010044409899417738,0.0010051795185690982,0.0010049595610097772,0.0010048020441229754,0.0010039960762612467,0.001004105995354067,0.0010013788648842283,0.0009968749405415353,0.0009951435436188088,0.0009928619201552069,0.0009918798321098667,0.0009936089056172645,0.0009935001396221455,0.0009948470881431094,0.0010003830228089666,0.0010075540833060458,0.0010103531678410957,0.0010135959299374258,0.0010203432508651793,0.0010257817126181376,0.0010282264275428901,0.0010338677100663826,0.0010347821339614868,0.0010362127520643111,0.0010366898501875219,0.001034561138312017,0.0010332774854416285,0.0010322099015088364,0.0010365885410309802,0.0010386655001118567,0.0010391582372219171,0.0010383417841178131,0.0010370480833698237,0.0010337417207114865,0.0010301050116487231,0.0010247832856435412,0.0010247595582989356,0.0010230253609425082,0.001018650817520782,0.001019600017796325,0.0010229519277762146,0.001023220849170042,0.0010199015372999419,0.0010184359958077599,0.0010155490015255715,0.0010114232116925788,0.0010055582053457928,0.0010007060809259674,0.0009968458482264512,0.0009939013986029767,0.0009897519881689138,0.0009867200203257957,0.0009830785122072574,0.0009777938285867106,0.0009716143343965977,0.0009687629526135414,0.0009668254029945849,0.0009651610110564535,0.0009642327945106431,0.0009601149025345098,0.0009551714140391642,0.0009497447247153807,0.000943310786894935,0.0009361461385774919,0.0009294723800154208,0.0009223540107360747,0.0009152597398667893,0.0009057023178145646,0.0008999593396790756,0.000891133400546329,0.0008831588080411494,0.0008706661899853619,0.0008579530438160426,0.0008467334713197118,0.0008347867150433294,0.0008272500056716624,0.0008182499310797405,0.0008102733968655131,0.0008034644046543715,0.0007982636053377472,0.0007890215995091297,0.0007788311153247272,0.0007712123530551741,0.0007590793105355628,0.0007508431447101197,0.0007420972223078121,0.0007329585876413619,0.0007242400494628053,0.0007152714950977041,0.0007032902482693323,0.0006897357751106964,0.0006773423499315235,0.0006662886988122889,0.0006552996346593882,0.0006408700234980743,0.0006280019505089339,0.0006158483951325422,0.0006032872783695308,0.0005920491467719425,0.0005844223062781078,0.0005742459450750075,0.0005635629609868083,0.0005546942784415842,0.00054553675684195,0.0005362986862711877,0.0005291450401387108,0.0005246482218253938,0.0005207866328429432,0.0005161728361345495,0.0005091509174844369,0.000505219385017617,0.000498516294053365,0.0004946007163559253,0.0004891205153815059,0.0004861004669619061,0.0004840851402356084,0.00048512805332411545,0.0004913420469756011,0.0004948537749810059,0.0004957567576947978,0.000495821994029799,0.0004973848601928739,0.0004969896365887708,0.0004944436483012548,0.0004919851790401099,0.0004887843806563847,0.0004885408530121084,0.0004888579576129944,0.000487936152518929,0.0004895508637070614,0.00048322417782082147,0.0004796774581149398,0.0004794974555255278,0.00047780757263011283,0.0004798263330314004,0.00047985859280867346,0.0004798114774919358,0.0004764894031673598,0.0004762128052712826,0.0004755835186683904,0.000475129691850287,0.0004737172881519157,0.0004735789872903693,0.00047269957955011713,0.00047683712234130704,0.00047684302833194716,0.0004805943470636294,0.00048448698733434656,0.0004890259153020239,0.0004947900569840375,0.0004984228912286843,0.0005033599467119292,0.0005058894537186049,0.0005104780350219697,0.0005145342398923178,0.000516964961088389,0.0005187521639050453,0.0005203220463177923,0.0005223797053764195,0.0005222966710666922,0.0005224542504400208,0.0005241124625594945
0.00962654573082232,0.009567006708110937,0.009523584739681786,0.009486878426364635,0.009451358275484371,0.009412948770025732,0.009376265545527004,0.009341906486809314,0.009305895814238309,0.009273361558337726,0.009243609381928773,0.00921464770220023,0.009187379373572295,0.009162798301779388,0.009137800589343334,0.009112227313976998,0.00908834273303163,0.009067023797083391,0.009045450231950396,0.009022355504076662,0.008997994729063681,0.008974226296042515,0.008950421826964022,0.008927804928708184,0.008909570908756055,0.00888820845176453,0.008866038671562385,0.008843026168751884,0.008821647351785873,0.008799376974609129,0.008779545201543755,0.00876060302722547,0.008742151875797261,0.00872511935001859,0.008703790139268988,0.0086845828487305,0.008668023675687192,0.008652867404000864,0.008636020192432923,0.008620616215731442,0.00860148863685591,0.008582444977576396,0.008564617005951371,0.008545180898512188,0.00852431204326838,0.008501528477494472,0.008479527263077583,0.00845486787049457,0.008432103593447558,0.008409285269125114,0.00838668387360873,0.008362609109787596,0.008339553602840026,0.008314649430040514,0.008288764833807331,0.008261655304455379,0.008236395249691579,0.008215848526080417,0.008194346328697937,0.008170977832295387,0.008149400629177997,0.00812509117384762,0.008098982759770543,0.008075586199241482,0.008050153156124328,0.008025401937240917,0.008002651438083552,0.007978464418118574,0.007953881831751285,0.00792928394022544,0.007911022149266294,0.007890318587355387,0.007869678277783012,0.00784877920361374,0.007828889225378386,0.0078091500440004916,0.00778951357277251,0.0077717450894504644,0.007754826360746623,0.007738093276650461,0.007722695484573581,0.0077077593864592515,0.007692761455643044,0.007678755611053085,0.007664409209035897,0.007647739647821522,0.0076298143966633735,0.007610007287103182,0.007589238985546428,0.007565985927241859,0.007543729749074817,0.007520395878911353,0.007493718568052705,0.007469151345654991,0.007442665459167885,0.007413265148677289,0.007385303869176922,0.007359553622983535,0.0073353914963958525,0.007311533732016518,0.007286393679842684,0.007263022883625877,0.007239366517239054,0.007217063538366763,0.007189522323442694,0.007163219888280395,0.007138545869570516,0.007112510340753229,0.007085847960863298,0.007058909272549643,0.0070320920482316316,0.007005795660483166,0.006980706604843222,0.006955741538953616,0.006931292853935612,0.006908576234701337,0.00688529192879899,0.00686002736439229,0.006836923248799846,0.0068148437555822046,0.006793436034522026,0.006772246428620123,0.006748904340523906,0.006725623406378206,0.0067031158036995565,0.006683200993577537,0.006662565630439149,0.006646683313960946,0.00662970487776147,0.0066117933894346,0.006595425943123665,0.0065817031984732235,0.0065666287267891746,0.006549618474217019,0.006536322371400575,0.006521529323607737,0.006505869597421809,0.006491706011573503,0.0064753516113932414,0.006457024328209596,0.006438199687727232,0.006420506672522353,0.006401263537199594,0.00638296887663651,0.0063651878602765805,0.006347896008901994,0.0063301413559659105,0.00631345092712726,0.006294999534300658,0.006275688123749325,0.006253794102451848,0.0062313202824114886,0.0062101135841897085,0.006188939611367625,0.006168293923517971,0.006147073071715419,0.006126475168491846,0.006104449893236153,0.006081572967975169,0.006056420985938322,0.006032735912847493,0.006006740470640704,0.0059828678952648425,0.0059599392499970595,0.005938749909868017,0.005918081575415902,0.005896230475974544,0.005875278592444016,0.005857863909339262,0.0058403996949248525,0.0058227707147181385,0.005806420594303123,0.005788408171058106,0.005770509497977023,0.005749511279184712,0.005731142468336645,0.005713058409301493,0.005695250466780022,0.005675160658343893,0.005656847989476981,0.005639939534075934,0.0056232419150363,0.005606067082817392,0.005590654989625573,0.005575411550443379,0.00556141568331441,0.005549639981941569,0.005537349906443159,0.005524940457773314,0.0055104685118101985,0.005496132497488551,0.005480965057106864,0.005466981238963698,0.005454468353508883,0.00543988547083879,0.005427224728372682,0.005412650377747123,0.005399942797730452,0.005382314408617494,0.005365331697224742,0.005347179466223943,0.005330866702650635,0.0053147630262835215,0.005296637656831603,0.00527787588121527,0.005261207390502426,0.005243158233942042,0.005222947711365796,0.005205655374730324,0.005192416748308405,0.005176186654538325,0.005159374709025134,0.005143687365917509,0.005128176239622242,0.005111537377035257,0.005095313436047557,0.005078617969567704,0.00506155396253143,0.005044302096141734,0.005027171567077635,0.005008184316825514,0.004990537521460073,0.0049746562134128005,0.004958416772957559,0.004940055837337482,0.004921662357779841,0.004899719857284333,0.004878681399084189,0.004861909038220872,0.004844622859587788,0.004827023474562801,0.0048098743497584405,0.004793312930695382,0.004772672339546252,0.004753352187892052,0.00473906937889254,0.004724458287889568,0.00471100898941101,0.004695921898166323,0.004678329592039886,0.004660627518554723,0.0046423923292246904,0.0046256148238281595,0.004609976801422806,0.004589298847361857,0.00457043430004558,0.004552703086915459,0.0045340477754978546,0.004515788518598621,0.004498610462328392,0.0044805895455702896,0.004464633928155025,0.00444890354927691,0.004433251468239352,0.004417549978976916,0.004402815412919056,0.004388123143073734,0.00437349309413987,0.004358875457722697,0.004346456686501658,0.004334048117644485,0.004322682110911473,0.00431517217505019,0.00430632610591276,0.004296899935842324,0.004287592730016603,0.004277175305009759,0.004266141841113329,0.004256665852696752,0.00424526647904501,0.00423399791451256,0.004225310888321204,0.0042169837180004695,0.004209029172776918,0.004201696477374531,0.004195799109607032,0.004189587486016095,0.004184822890073651,0.004181006263517282,0.004176829796157975,0.004173660070846794,0.004169551095755919,0.004165542835099967,0.004158819243980962,0.004152845011963078,0.004145512709586003,0.004137803625159747,0.004130824760874225,0.004121462768107232,0.004114093297705695,0.004104408760457229,0.004096795110352844,0.00408902915532237,0.0040816511567073116,0.004074524690617976,0.004068936378036763,0.004063427611800472,0.00405302158774023,0.004046109977484177,0.004037883429504114,0.004028094003998346,0.004017150961543099,0.004007559098464905,0.003998129635786107,0.003988065666248102,0.00397758514163428,0.003964308635554787,0.0039510409274997665,0.003935200503809174,0.003921481517690246,0.003902844796493783,0.0038852351689099727,0.0038701376086377384,0.003854920383868425,0.0038406345945186508,0.0038257788140090908,0.00381186222087071,0.003800725536992117,0.0037906637993024746,0.0037774339406580976,0.003763981021011294,0.0037532145900896407,0.003743872730858936,0.00372937465800155,0.0037181011311914667,0.0037051864409825904,0.003692234472466039,0.0036770977244692297,0.0036613686688292085,0.003644042337775789,0.0036269177047063526,0.0036118594400679177,0.003595743299407265,0.0035792196268575275,0.0035649027142674976,0.003551869994554081,0.003537772691551622,0.003526202183876502,0.0035120440359980767,0.00349454432550608,0.0034778798030032573,0.0034633695748938686,0.0034503910087124107,0.0034338143544082335,0.003418706815866571,0.0034029177683608763,0.0033861637461318622,0.003368566697554204,0.003352304110005713,0.003334573231592048,0.0033207562907091813,0.0033059398549313964,0.0032895357550434875,0.003273670611125352,0.0032577803760785243,0.0032423438254011927,0.003224969141005227,0.003208353466356146,0.003193655400000628,0.0031790465991904547,0.00316232182744507,0.003146699892713922,0.003132094751963675,0.0031191284749944865,0.0031089208693805552,0.003097790679233968,0.0030890010340282967,0.003080702725326372,0.0030697709825430394,0.00305984650667998,0.00304873767787303,0.0030369045246800342,0.003025862174726399,0.003016006711565321,0.0030066679741284417,0.0029975642121271183,0.002986806268374545,0.002976765957036967,0.002968351089061473,0.002958964872539222,0.002951745900368082,0.002944585412986833,0.002938462023304888,0.002931281587415453,0.0029233721863430725,0.0029172371682080417,0.002911278719115168,0.002905825432574347,0.0028992051448613657,0.0028915634879787913,0.002881046364119218,0.0028697438412284416,0.002860862634551556,0.002849158140857091,0.0028380699089368615,0.002826466984585973,0.0028155960984122485,0.002806239272296506,0.002796369256865171,0.0027867162550210935,0.0027764181064055485,0.0027665193977071604,0.002755889218553979,0.0027440388562863776,0.0027335606133372173,0.0027278331486278824,0.002718531142129983,0.0027097876734859553,0.0027028317443528144,0.0026936375607118875,0.0026861063766150882,0.002678580267271167,0.0026724967082985126,0.002665004672464725,0.0026560400337156858,0.0026451574999252535,0.0026352120062086183,0.0026271684216766246,0.0026204527953291217,0.002611774271795699,0.002606069122388938,0.0026031917610317232,0.002595809702177136,0.0025885445386664035,0.002583158734572246,0.0025805469263157775,0.002578091442314122,0.002575832136944662,0.0025741260214361154,0.0025707954799383554,0.002564713370182551,0.002557759086364834,0.0025513995508376396,0.0025432668774695998,0.002534417327139309,0.0025251776906318186,0.002515414151574993,0.00250641261884292,0.0024943415498528284,0.0024800024337731474,0.0024674843799069607,0.0024554209319341837,0.0024394420774272686,0.0024267128430003784,0.0024179975094661046,0.0024069322009155113,0.002396029297339631,0.002385420456104847,0.002372782652190405,0.00235966333330336,0.002347041964562541,0.0023334876122595785,0.002320052057051137,0.0023074720907350407,0.0022942346380202855,0.0022798356764354754,0.0022625248566058324,0.0022475709395707705,0.0022324500117006664,0.002216149191783712,0.002199113802620466,0.0021815185057105393,0.0021666240205561603,0.0021516806410877424,0.002136781224308832,0.0021234392895874052,0.0021104266792604525,0.0020987262647227376,0.0020881730852040405,0.002079915198181883,0.0020684738057959442,0.002059773344852107,0.0020513812447969714,0.002041773482629062,0.0020311271030875027,0.0020228084289344818,0.002015152278520054,0.0020056318239644213,0.0019959525143701633,0.001983102854364997,0.001971964090313818,0.0019606576295187555,0.0019491387735129236,0.001938153026415007,0.001925997683664696,0.001915760563088979,0.0019044150902700746,0.001893462843318837,0.0018817299195447597,0.0018740571867316429,0.0018666634965144814,0.0018592758450964916,0.0018539077598213906,0.0018490190448901087,0.0018434945328057331,0.0018400117079239733,0.00183674046767949,0.0018312829839219986,0.0018247236490388184,0.001816418035681393,0.001808912504040012,0.00180197169577712,0.0017929156736404296,0.001782493289326034,0.0017737650083852522,0.001766155569863001,0.001756746184556646,0.0017471084548821164,0.0017399064576228574,0.0017319359653595865,0.001724939364175369,0.0017192807375986492,0.001711905792335479,0.0017042170536602196,0.0017019119211966584,0.0016973198557851813,0.0016891259700554898,0.0016815934835094808,0.0016741607603174438,0.0016669640104504055,0.0016603866264339898,0.0016532191641385457,0.001645231430311853,0.0016392155714475504,0.0016343183120907804,0.001626904523386955,0.0016221980220461907,0.001619076346291829,0.001615006963468158,0.0016117905512570319,0.0016086690920593394,0.0016026174735264843,0.0015969596604723068,0.0015918634414743772,0.0015883922047726065,0.001586419089357402,0.0015835876338161198,0.0015804935575453832,0.001576828638228013,0.0015716580804536015,0.0015660436629565374,0.0015618377116827363,0.0015573670838920264,0.0015538728089316185,0.0015539968853260037,0.0015513444748110068,0.0015509045039312646,0.0015496391748000603,0.0015478898484878702,0.0015471151628537055,0.0015472988516351104,0.0015433603241099738,0.0015388406532755162,0.0015345086930617373,0.0015335604881746296,0.001529809786610448,0.0015243905411388688,0.001520450167207426,0.0015152445667493168,0.0015136704501717065,0.0015118145549303018,0.001510662582104901,0.0015083224012297045,0.0015067213562012305,0.0015034050844586527,0.0014995140734667186,0.0014983482542634734,0.0014960190673913739,0.0014939501159489162,0.0014928191723767627,0.0014896984029412852,0.0014885270094220438,0.0014876916334855485,0.0014915569673142654,0.0014965571512405922,0.0015046908511337598,0.001511893263116041,0.0015172230199422736,0.0015224049815754815,0.0015271041342913298,0.0015339027056478574,0.001540500805325723,0.0015455340268262035,0.001551666299146752,0.0015565318569979005,0.0015608538189289497,0.0015668500814021982,0.0015729424201700926,0.001575085183961552,0.0015810732477578723,0.0015889307142631318,0.00159574537196572,0.0015998799102203028,0.0016058765597003423,0.0016144127353248383,0.0016190731903801673,0.0016243206801155729,0.0016285028513779174,0.0016321576664098617,0.0016347650172213578,0.0016423561321183414,0.0016494120217068282,0.0016527766591567696,0.0016567298038183038,0.0016626498046291996,0.001668646151553634,0.0016698383233653337,0.001672933408830163,0.001677016145857982,0.0016839806962646075,0.0016886776615391164,0.0016943568586976444,0.001702337693619495,0.0017117337897748705,0.0017205260188885001,0.001727957465185266,0.0017351716408467483,0.0017427561570421619,0.001749454153928361,0.0017545873657728388,0.0017635768440723532,0.0017717747405609386,0.0017801719062027657,0.0017903097670503752,0.0017989504873773049,0.001805012592287622,0.0018122837398455835,0.0018208631638685737,0.0018288501047957148,0.0018385162321103079,0.0018458243499994437,0.001854260263787364,0.0018596367605356618,0.0018659126366762065,0.0018740555160128998,0.0018831224145564056,0.0018902411363863622,0.0018987696740424252,0.0019042128661632925,0.0019077429401487597,0.001914952616952814,0.00192445917162901,0.0019330722798477612,0.0019374334480997686,0.0019405668987669063,0.0019465791414530489,0.0019515276458510601,0.0019561355682578816,0.0019594535395358937,0.001963762940387534,0.0019694104841255326,0.001975063027418902,0.0019783315293511964,0.0019844599776634793,0.001991116110552027,0.0019941141085646867,0.001996061147507286,0.0020018418950524643,0.002009376354862769,0.002016898635158321,0.0020248421904543678,0.0020324468346689154,0.0020393810884073746,0.002045563669584611,0.0020537466113356028,0.0020610460079820126,0.0020681958170331327,0.002075520386711849,0.00208215360515965,0.0020891488473315754,0.002094378555637576,0.0021000645924924787,0.002107644505981401,0.0021158926148308922,0.0021250642881059057,0.002133300759383614,0.0021406519705881393,0.0021462795002755103,0.0021507097876568935,0.00215636805334412,0.002160507112409502,0.0021650365217074224,0.002169166254865174,0.0021731091844205503,0.0021765963307126403,0.0021792996474495354,0.0021837342982533527,0.002187089167983979,0.0021899851672337422,0.002192134934359381,0.002194575683044928,0.0021981090492449664,0.002199483270426841,0.002202109375792372,0.002203286423407964,0.0022054953640361333,0.002208908039289343,0.0022147579178439956,0.002217764172490874,0.002222446364531816,0.002229048718420947,0.0022359433694463947,0.0022418037663554384,0.0022496206108910026,0.002258444243942325,0.002263035504863446,0.002270552272719193,0.0022764144075309517,0.002284185426770605,0.002289719875147474,0.002295403542443294,0.0023034288235504485,0.0023126554298662006,0.0023172736713335486,0.002325863231457803,0.0023359364014931133,0.0023423031632615276,0.0023475161584739918,0.0023543127756196903,0.0023590270413214715,0.002361784184334265,0.0023657472773855235,0.002365932061814988,0.0023677215549350495,0.0023690067652091936,0.0023713025067133957,0.0023725872105699406,0.002370089108791702,0.0023694716636660316,0.002369073576767165,0.002367934092653437,0.0023668078310201592,0.0023677330777396853,0.002368990189813304,0.002366850751483213,0.0023674373912413323,0.0023709389424557002,0.0023710847407616246,0.002367253644143548,0.0023671974272962983,0.0023662353976059126,0.0023638608794152673,0.0023634368900813537,0.002362482170096263,0.0023608651500696405,0.002357256892077395,0.0023554509686768378,0.0023574066216252524,0.0023546521422446,0.002353757558697394,0.0023538248533369536,0.0023540915661070527,0.002352519121637666,0.0023487853260529008,0.0023470771849451034,0.0023458363512527483,0.002341951551309444,0.002337887434223153,0.0023383285664546117,0.0023368792730926583,0.00233382106828114,0.002330391341216206,0.0023258744168814308,0.0023225648830904957,0.0023191206324166226,0.002318680951929772,0.0023160162091000287,0.002314465547739897,0.002309691509865135,0.00230824916415582,0.0023046336916756347,0.0023004842580497463,0.002298253268491334,0.0022960162138177076,0.0022897235836133204,0.0022859595799880647,0.002280735634907935,0.0022748897943143313,0.0022705219626428627,0.0022668434200759585,0.00226283907694789,0.002257918424431899,0.0022537689182021304,0.0022495845351980836,0.002242450869246511,0.0022388556133965377,0.0022350651891478632,0.0022301797462332706,0.0022255181088626503,0.002223941845290958,0.0022207558397238226,0.0022190991812288115,0.0022175437962328897,0.0022159365280980956,0.00221464268266386,0.00221379664671499,0.0022131177367403347,0.0022115831323059063,0.002208936609032531,0.0022094244757110515,0.0022097122783808873,0.0022080322902865218,0.0022047670507977708,0.002203634445051277,0.0022025387016948203,0.002196449925968845,0.0021904090148047364,0.0021849436438903325,0.0021778885225476967,0.0021719356036194,0.002168195661211325,0.002165787085988066,0.0021626767164043244,0.002161388786997697,0.0021608092395341855,0.002156770310246266,0.0021531292681232824,0.0021551592401981372,0.0021587693673016336,0.0021597099000347313,0.002158705312368089,0.002154656366676106,0.002152561129411132,0.0021509885193028585,0.0021492976125190096,0.002145420385036469,0.002144299418692852,0.0021465300234311357,0.0021458005234482784,0.0021461205865651424,0.0021465905341885353,0.002146361552916274,0.0021469758143397334,0.0021458636149458503,0.0021424115163316882,0.002138998642802199,0.002135929083252114,0.002131773860785323,0.002127803137102275,0.0021232058396034583,0.0021196499177165173,0.0021127515319575435,0.0021090592926806873,0.0021042556128479384,0.002099183947072972,0.0020956618030022827,0.0020962942157786196,0.0020939222607654654,0.002090278807404978,0.0020884939896365132,0.0020844487623528324,0.0020837951149063143,0.0020790377411980406,0.002074339857136234,0.00207091595186758,0.0020682178679779207,0.0020668573020724847,0.002064263126945309,0.002062110050240157,0.002060075418763555,0.0020596709690382537,0.0020582088737991543,0.0020571065242273147,0.002057128895861972,0.0020549306955343427,0.0020507898990914613,0.002047348615439434,0.0020455910214493343,0.0020417872239553007,0.0020362937054602646,0.002032126494977074,0.0020284733121316775,0.0020260389580303395,0.0020240979528977346,0.0020247729194617825,0.002023073379261145,0.002020895537387211,0.002020828909919833,0.0020216387110237656,0.002020855316935062,0.0020185826562827704,0.002016247417726548,0.002010525950715831,0.002007797114055151,0.0020026368441887527,0.001995581525950792,0.0019867327723601396,0.0019756341989301835,0.001966990035498111,0.0019572605555334046,0.0019465156977556766,0.0019359398386368863,0.00192482146256795,0.001911733379080496,0.0018995701722133488,0.0018859150046820071,0.0018730750016162285,0.0018637943432009022,0.001855164988755816,0.001848244560012834,0.0018414147655038031,0.001834720372645704,0.0018303854491175688,0.0018247955245683939,0.0018195432410313102,0.0018140702725962326,0.0018063994558264274,0.0017977411309243632,0.0017868140432925528,0.0017762282262951707,0.001766048461210814,0.0017569080830709908,0.0017525566008325987,0.0017456309684946685,0.00173807974393237,0.0017301571788020734,0.0017241741854726572,0.00171639492631769,0.001710276275961429,0.0017047608769716965,0.0016977661842892352,0.0016918109261879033,0.0016871165045774796,0.0016824230387969836,0.0016758367052108634,0.0016698290554762242,0.0016643740073150112,0.0016611600413005,0.0016599386274087952,0.0016582542289811037,0.0016556818657126905,0.0016526748874886874,0.001652090542746989,0.0016518990951403935,0.0016523387449783604,0.0016507215408045335,0.0016487319679695312,0.0016482448566667478,0.0016501456361201784,0.0016477340361647184,0.0016463532173205473,0.0016434476070259043,0.0016417969441774505,0.0016343638676090471,0.0016263877156045359,0.0016188445417839445,0.001611616845195708,0.0016002062093333858,0.00159259027707883,0.0015892256847147563,0.0015848810987310238,0.0015795124814164227,0.001572592288023387,0.0015648170353334343,0.0015586226249024464,0.0015529096038628452,0.0015489787295048963,0.001546387791783882,0.00154513631242779,0.0015438287576679895,0.0015415631922665294,0.0015374002251709728,0.0015347831390363762,0.0015366448808164755,0.0015358712311814447,0.0015389609891658157,0.0015407694701028611,0.0015427623193661165,0.001548358683320877,0.0015489074017537002,0.001551690441958067,0.0015559827491584506,0.0015592837497817721,0.0015609885213058552,0.0015648637395170987,0.0015713352224314006,0.0015775418021866706,0.0015826557357847832,0.0015871914642454589,0.0015925721532121283,0.0015949488194922274,0.0015980749625462353,0.0016031531895907135,0.0016085045734735189,0.0016107498792310773,0.0016077645322261883,0.0016071632328919577,0.0016076964268980159,0.0016065472459311488,0.0016039402287603064,0.001603949184148453,0.0016023069343582455,0.001602211040556615,0.0016015523941286204,0.001602675848633136,0.001604055020407132,0.0016040629815165784,0.0016026672139321562,0.0016030273547279663,0.00160368385529724,0.001606578678452618
0.01096791646320701,0.010922669529791701,0.010891754793549346,0.010862801807734926,0.0108350282767368,0.010808487400696629,0.01078260070283972,0.01075552976017739,0.010731155641849528,0.010707704302154095,0.010685991563602526,0.010665916437889918,0.01064701581192809,0.010626922540675229,0.010606165724721957,0.01058610215724298,0.010566029636087552,0.010547103105069365,0.010527598249995421,0.010508323076373227,0.010488093934261663,0.010470797512929605,0.010452609252806024,0.010435578857033995,0.010417159413741018,0.010398686850243767,0.010383046138960725,0.010365852759133655,0.010348951257038405,0.010331643349503844,0.010313645127778574,0.01029568069018958,0.010279582188038408,0.01026069857955903,0.01024309483559783,0.01022495327975139,0.010207834549238329,0.010189679845287661,0.010172118373269238,0.010154152462533718,0.010137300827408631,0.01012089101726242,0.010104921943664599,0.010091572778074038,0.010077009127708909,0.010064097463894753,0.010050660918997742,0.010034993469413982,0.01002121595500046,0.010007972017373218,0.009991385164886254,0.00997590369719759,0.009961965675241262,0.009947653442455743,0.009933687355255188,0.009919885245717245,0.009907355480797644,0.009895392586220412,0.009885592702124094,0.009875799216602494,0.009866919184098839,0.0098576266383119,0.009846925304860619,0.009837693370815234,0.009829266485095743,0.009819798151530383,0.009810223618429719,0.00979787453855177,0.009788353151637154,0.009777776882747698,0.00976514761147969,0.009751481987296853,0.009736036560506596,0.009721664208042307,0.009707310302383273,0.009693135772708927,0.009678316597231751,0.009664872085908239,0.009650365148102021,0.009638321339723647,0.009624526953624278,0.009612304852087961,0.009600313184869237,0.009586544199790577,0.009570670870776727,0.009556752463799825,0.009542876112054951,0.00952686935870237,0.009511412729781682,0.009494500595786076,0.009476698320159122,0.00945944328412587,0.00944013983815664,0.009421761840392662,0.009404010405039518,0.00938584885309608,0.009367782845651545,0.009349055060494701,0.009329616960786177,0.009310756609484565,0.009292874218675043,0.00927209580153187,0.0092521225182293,0.009234007118086942,0.009215516028681639,0.009197783101094249,0.009181173600019153,0.009164555144130905,0.009146479791680177,0.009130235811554234,0.00911399481639078,0.009095447665524335,0.009078272986300212,0.009060980134065876,0.009046419470172111,0.00903036156715839,0.00901476014834893,0.008999672559493648,0.008981691959276023,0.008963900699100132,0.008944629514046377,0.008924022918348496,0.008904384337640842,0.008882984481061085,0.008862022898688293,0.008841280079986795,0.008821956944474612,0.008801334800669606,0.00878237861698736,0.00876375656724434,0.008745573156032532,0.008727033097664292,0.008708710737535052,0.008689235419507241,0.008672031406423067,0.008653887526772285,0.008633547896768129,0.008614245786799247,0.008596292345618407,0.008577504539372196,0.00855746279840792,0.008536615167842487,0.008518658772745939,0.008495943446836221,0.008474274403506371,0.008452135780632813,0.00843001706675393,0.008407827873846495,0.008384277830513057,0.008361250979251734,0.008337193726118504,0.00831530108073428,0.008290629833441598,0.008266124705501154,0.008244128135095284,0.008220048243340232,0.008195146204337048,0.008172110266335048,0.00814693609643528,0.008124870995171998,0.008100434273530072,0.008076090367839307,0.008051576161239605,0.008028006712628094,0.008003164792709488,0.007979314308103851,0.007952677482833423,0.007926425810568336,0.007901198301872013,0.007875757518008002,0.007848480412168821,0.007821214915336537,0.0077910066226289845,0.007764519147931414,0.0077370459603390085,0.007708643822907406,0.007682757414980962,0.00765774040686264,0.007631144084601593,0.007603494842668223,0.007576856958794289,0.007548718106361011,0.007520862937922105,0.0074931082398725524,0.007463629538343342,0.0074351197048427384,0.007405211992101386,0.0073741430556824635,0.007345631812250121,0.007316410924777991,0.0072877015991942105,0.0072593408766994695,0.007231443975207694,0.007201762137527698,0.007173664979576028,0.007145124075895692,0.007115997684791667,0.007088068606540342,0.007060755562761521,0.0070350766115417395,0.007012561517952351,0.006988503155140193,0.006964134927622899,0.006941061290562714,0.006916485659386022,0.006892266243833064,0.006867811551013615,0.006842296704892982,0.006815636895263602,0.006790224383650962,0.006765528395296925,0.006742342259638782,0.006718416439684528,0.00669532827397124,0.0066698649216004775,0.006643422491646521,0.006617455316773686,0.006590732605528606,0.0065624474936259985,0.006535218392152565,0.006506825545295405,0.006481264426042667,0.006455480003463073,0.006430303089949981,0.006404032889254038,0.0063771622224654415,0.006351200251843542,0.006323873942504233,0.006295362714406877,0.006266948353718225,0.006238025546713773,0.00620892801565021,0.0061790655010033274,0.006149126660919316,0.006118210283272903,0.00608973740971295,0.006061227905103317,0.006031284862607645,0.006001486752405638,0.005970937238879188,0.00594210364843072,0.0059116389064752806,0.005883899447153608,0.005853932722646563,0.005822649890188803,0.005792232495384146,0.005760581823232698,0.005730410051700485,0.005699656057330927,0.0056682473069766415,0.005640524517881382,0.005612364534395468,0.005585037912134752,0.005559657226621478,0.005534856983063187,0.0055075460065999475,0.005481001073293369,0.005453653400054984,0.005425471572627584,0.005396945779867909,0.005365655215221434,0.005336748971459277,0.005308172196537465,0.005280864477530622,0.005253067866704351,0.005224948076155144,0.005197443360698762,0.005171042601298266,0.005145262545583583,0.005119107348121837,0.005091182647899554,0.005066394496308527,0.005042704530035647,0.005017819287636272,0.004992879612739226,0.0049666951650832345,0.004942572312817206,0.00491865923226381,0.00489375998003153,0.0048681164143315045,0.004844559900598206,0.004819777536411861,0.004797447634681287,0.004773082980950768,0.004749072582445064,0.004724428383137209,0.0046969743178780325,0.004669737546384448,0.004642225863604171,0.004614767343090855,0.004587086000934811,0.004560641658560486,0.004532459807563973,0.004504984235220827,0.00447670683046467,0.004448920903283645,0.004421267558495131,0.004391851874736829,0.004361392665111892,0.004330775134149288,0.004300799334260043,0.004271090126640487,0.004241901120063857,0.004213097187480525,0.004182007682639317,0.004151762274550557,0.004121699303416825,0.00409420694325272,0.004067050138236372,0.004039695326658964,0.004010861836612226,0.003983822343829889,0.003957103022289736,0.003931480493118765,0.0039052566819214427,0.0038803995788052573,0.0038551665740348697,0.0038303333421454045,0.0038056322158341047,0.003783108544265482,0.0037582504518260205,0.003734668958200191,0.0037097978407478215,0.0036835992627570298,0.003655874080044649,0.0036274284668200304,0.003600120465653068,0.0035751233616050943,0.0035478223904686426,0.0035198644088391003,0.0034927494179209364,0.003466417665166652,0.003439834500282423,0.0034138854606258887,0.003385275474869946,0.003360492958877522,0.0033364170883907495,0.0033123619249874276,0.0032871747800317414,0.00326196604148221,0.0032364225553504346,0.00321165825006788,0.0031880924125808866,0.0031645627974507943,0.0031406199906599953,0.0031168275932977473,0.0030925386023590924,0.003069304113871894,0.003047569628307631,0.0030251817920150183,0.0030025871260335687,0.002979107703437824,0.002953060294000517,0.0029303841963566396,0.0029055575483063266,0.00288199377282663,0.002857235448593424,0.002832531486124839,0.0028046634654928914,0.0027799738994130742,0.002754835662051885,0.0027311004799196502,0.002706100658579182,0.0026805888404649097,0.002654775928038578,0.0026297455743810954,0.0026057835127166577,0.002582952383686722,0.0025592878494537182,0.002535753137250537,0.002512447752075799,0.002489766287616934,0.002465944653265869,0.00244288122626965,0.0024188401565253294,0.0023957820161866457,0.0023742500410965065,0.002350756660939901,0.0023261974991405725,0.0023024957400930154,0.0022783320172341153,0.002254272711858936,0.002231326356941904,0.0022049606394963094,0.002180672450752246,0.0021555272424743843,0.002132981671378991,0.0021086313390299483,0.002083751392811718,0.0020606129212158474,0.0020361877175110615,0.0020119189982061958,0.00198972997849166,0.001968458633014863,0.0019480772082499536,0.0019293449028652636,0.0019109645863380398,0.0018921426899188426,0.0018733958167373515,0.0018542485484414931,0.0018359688246190771,0.0018184118207110174,0.001799556565925911,0.0017800121863636065,0.0017592786304658633,0.0017382473793814356,0.0017188020461537828,0.001699081158359408,0.0016764376354933158,0.0016523297429350855,0.0016296093805902266,0.001607302550416773,0.0015825642249388864,0.0015591990989896048,0.0015340371889500939,0.001509906757669873,0.0014867739192781448,0.001464556258335243,0.0014429158241207538,0.0014222111092314649,0.001402129314935233,0.001379311071546834,0.0013565500734078347,0.0013347329552765364,0.0013111471951861547,0.0012880911039507292,0.0012648830405931823,0.001243666028634142,0.0012223479354280867,0.0012005657112732564,0.0011786556699682044,0.0011568528511472502,0.0011352370711001925,0.0011137909579097835,0.0010898779093072486,0.0010665579086398223,0.001043997604090758,0.001018960016737546,0.0009946896229548934,0.000971599659356279,0.0009472040498580989,0.0009234998520162834,0.0009019002571945211,0.0008787458553072458,0.0008557464011323206,0.000833881680412212,0.000812265699314797,0.0007922599397055129,0.0007686578645033917,0.0007456985901187484,0.0007236887698493913,0.0007022552678319046,0.0006803015187060958,0.000659132940165363,0.0006375780994111351,0.0006154201425314079,0.000594366542426649,0.000573365762277629,0.0005511497396740617,0.0005264758657193696,0.0005020700639974039,0.00047817911721131153,0.00045704607263021723,0.000434501706636867,0.00041238923388090774,0.0003921302208313545,0.00037062947487719776,0.00034886469151930156,0.00032769989512031086,0.00030634039305503773,0.00028436624085741407,0.0002638267984171921,0.0002439212905515011,0.00022594281969592501,0.00020716406738738893,0.00018829258593824235,0.0001712424275312075,0.00015653287754240186,0.00014063284367552464,0.0001238516282887682,0.00010922536389344787,9.185736248714638e-5,7.572059212467298e-5,6.028984801276679e-5,4.5272119995762394e-5,3.11500997606966e-5,1.7331600877634162e-5,2.5469281500845135e-6,-1.2041567199810669e-5,-2.6647980715813525e-5,-4.1296199551367515e-5,-5.597990059122296e-5,-6.808858927014512e-5,-8.101224578739797e-5,-9.548837916216059e-5,-0.00010807494623287842,-0.00012424030718166237,-0.00014300442020076558,-0.00016054393331129443,-0.0001787098138699686,-0.0001977628610598316,-0.00021395855350493979,-0.0002345817237153558,-0.0002545645924079346,-0.00027475681168898054,-0.0002943503408701958,-0.0003112390738754438,-0.0003291307258894047,-0.0003461067961392132,-0.00036303970369016474,-0.00037849881280123876,-0.00039533430241213424,-0.0004099062690878083,-0.0004283335183934292,-0.000445739971250827,-0.00046555627492070496,-0.0004851758973624543,-0.0005057953110125257,-0.0005269171638711632,-0.0005481313287827877,-0.0005694006679782981,-0.000591398365664432,-0.0006108358268979647,-0.000632197330880294,-0.0006531847988664471,-0.0006741144015566526,-0.0006922476460777365,-0.0007105066232875562,-0.0007281125431422214,-0.0007486251930963107,-0.0007669291155290851,-0.0007877060150081841,-0.0008085050190930173,-0.0008264614269007304,-0.0008461801006862836,-0.0008657395932177983,-0.0008846462840301897,-0.00090193488014771,-0.000917958288327225,-0.0009340912768164997,-0.0009495910586700257,-0.0009640383645507595,-0.0009790607993207883,-0.0009937162066114178,-0.0010073811636874366,-0.0010227532471816113,-0.0010360872765392748,-0.0010509957884546612,-0.0010655758603234217,-0.001078091467683437,-0.0010923459983387949,-0.0011068275285120786,-0.0011212669386920279,-0.0011346179796758418,-0.0011490787212083521,-0.0011616441357957515,-0.0011744977095343699,-0.0011869679747850985,-0.0011983989286775323,-0.0012087806232863553,-0.0012188411578020813,-0.001227774948785303,-0.0012369592267064387,-0.0012473891811798277,-0.001257894238902968,-0.0012686057006349376,-0.0012782053282298068,-0.0012878014869169643,-0.0012998217725280561,-0.0013139841943530495,-0.0013264668873215995,-0.0013376328517389858,-0.0013477316665505997,-0.001359911057093976,-0.0013681057832928012,-0.0013773047293009328,-0.0013831213807758956,-0.0013917892645681116,-0.001398977962052916,-0.0014074919013984887,-0.001415306577167516,-0.0014242137394637484,-0.0014338813949484647,-0.0014434826938313158,-0.0014513350005199404,-0.001460306486240209,-0.0014693390105105888,-0.0014796189156277006,-0.00149327251738895,-0.0015041973104887056,-0.0015155730833652748,-0.0015261627548005796,-0.0015365759432213846,-0.0015481815156240253,-0.0015596256775239723,-0.0015708850244203123,-0.001583354226667625,-0.0015979681828518684,-0.0016082005438255954,-0.0016186771755751397,-0.001629905818364297,-0.00164173416994694,-0.0016531657973635637,-0.0016649207930841702,-0.0016744444864768243,-0.0016862980237521937,-0.0016971106719826986,-0.0017061245702475678,-0.001713984058698027,-0.001720187121688542,-0.0017260181667283234,-0.0017305510131537724,-0.0017358597887704697,-0.0017421316237123642,-0.001748645927005561,-0.001755669970267375,-0.0017644081800743427,-0.0017726577018577897,-0.0017819393487971155,-0.0017902442066760965,-0.0017985170455933213,-0.001808524358240565,-0.0018171759847312298,-0.0018248035458762139,-0.001829496809470272,-0.001833958869926065,-0.0018391956783056563,-0.0018439828585020742,-0.0018492065079567307,-0.0018566529976544377,-0.0018645106119645199,-0.0018708732711274407,-0.0018779543178040195,-0.001885038827446826,-0.001891242499811857,-0.0018989549333207104,-0.0019058069140259297,-0.001914700489150689,-0.0019219132061836465,-0.0019289743547612212,-0.0019358623875917282,-0.0019436717549883994,-0.0019516720360303608,-0.001958028635470286,-0.0019649919088326902,-0.00197039422383817,-0.0019739527518593918,-0.0019774417591992216,-0.0019836172012669216,-0.0019860827483388055,-0.001990058993890081,-0.0019937680669100807,-0.0019970917694567773,-0.002000704622799635,-0.0020047983308652093,-0.0020078712444053745,-0.002011399283116361,-0.0020146527712862467,-0.00201788138958906,-0.002021633616533127,-0.0020239410810784287,-0.002029535308072698,-0.0020338046247995734,-0.0020384685076642564,-0.0020455821236229875,-0.002053179845318926,-0.0020640457794122505,-0.002074468192116598,-0.00208131109392335,-0.0020876408550922934,-0.00209447116519575,-0.002102667409490502,-0.0021120595451090936,-0.0021219087831011426,-0.002131636829823351,-0.0021396970061173973,-0.0021503020836186677,-0.0021602369509735636,-0.0021678876730667233,-0.0021774499377180696,-0.0021871082561104012,-0.0021953815877566196,-0.002205975826583725,-0.002213525623272952,-0.0022229491927266178,-0.002231548854343022,-0.002237099672332884,-0.0022452057574848523,-0.0022506368970494016,-0.002258497690476777,-0.002265944667390537,-0.0022746121716622925,-0.002282645563803885,-0.002291820458881904,-0.0023003933600541492,-0.0023089136230687126,-0.0023187528499191467,-0.0023265341700679193,-0.002333970494868211,-0.0023439227598461474,-0.0023511356345590237,-0.002358413489449065,-0.002368639614595067,-0.002376727236234698,-0.0023842400597467394,-0.0023926390430604417,-0.002400892662420331,-0.002409787803030159,-0.002418837893096592,-0.002425453475109587,-0.002432247327626433,-0.002441440129783704,-0.0024506819460085403,-0.002459467083250657,-0.0024698859593764114,-0.0024772515957323447,-0.002482757388964474,-0.0024880536152278154,-0.0024915909546554763,-0.002496017232651321,-0.002499714064526027,-0.002504968243237839,-0.0025111652174519376,-0.0025165168918531654,-0.002522808795580319,-0.002529499939282515,-0.0025368747029759107,-0.0025442063048096417,-0.002550172844243897,-0.002556429878128185,-0.0025639582889312594,-0.0025716417246636055,-0.002579007684711122,-0.0025850778480871086,-0.0025912204505097736,-0.0025992718707139504,-0.002608393269412166,-0.0026175976675979324,-0.002625075203823698,-0.0026342133943325534,-0.0026462874469588217,-0.0026557117101590963,-0.0026645301983357086,-0.0026725740515991104,-0.0026811652737040188,-0.0026883821177618203,-0.002693695010566572,-0.002701657105022419,-0.002710343372128184,-0.0027152387032877896,-0.0027202143536911826,-0.002724540375335174,-0.0027299797517297887,-0.0027349192813485267,-0.002740021818719063,-0.0027436016057329963,-0.0027490863848949774,-0.0027545218701188947,-0.002758548798384914,-0.002763161032693078,-0.002769227943118788,-0.0027757057062923226,-0.002780685905806175,-0.0027858609003530216,-0.0027908599197509526,-0.0027935032783046663,-0.002793968092145766,-0.0027961392644793325,-0.0027986136339937713,-0.00279987585530413,-0.002799405897040904,-0.0027984903517095975,-0.0027971980228786997,-0.0027962250095372072,-0.0027971068448809215,-0.0027985264398406678,-0.0028000897814935742,-0.0028007966757801956,-0.002801299778078123,-0.002800570920889234,-0.0028031410740521714,-0.0028048624272843056,-0.002806806904083116,-0.002808190225584717,-0.0028089212166606983,-0.0028100751190214064,-0.002811343214596938,-0.002815745180265522,-0.0028182503750808093,-0.002821739239199375,-0.0028271587523829187,-0.002831745976147535,-0.0028353678107310766,-0.0028369128410351526,-0.002837395348434197,-0.0028340894712357203,-0.002833277700089615,-0.0028308187215875294,-0.002829066765958032,-0.002829758198825197,-0.0028275377806908294,-0.0028244705063874445,-0.002821483331342134,-0.0028196881374343364,-0.002815546891673178,-0.002811023223903772,-0.0028083376792875188,-0.0028054718631287923,-0.002803113249739569,-0.0028029280398154514,-0.0028043984809806703,-0.0028073251981741267,-0.0028105536831240503,-0.0028141636383824256,-0.002816233141452184,-0.0028184109798135943,-0.0028209161745882997,-0.002821718397559276,-0.002823422157782146,-0.0028252852326524527,-0.0028267657616353353,-0.002830703936175839,-0.0028333734956703877,-0.0028355551199165632,-0.0028378864130317615,-0.002838342769349367,-0.002839980902458947,-0.002842947193799135,-0.0028456640944127644,-0.0028478668213262233,-0.0028510895979221135,-0.0028515879537130877,-0.0028540902818268155,-0.002855194807153435,-0.0028570580459009063,-0.002858397499029218,-0.0028625942816200814,-0.00286645205052036,-0.0028702241971239623,-0.0028729310274289302,-0.002874821335188785,-0.002875274227097608,-0.002875944512738849,-0.002876361901735525,-0.0028790816849947843,-0.002882344649724984,-0.0028848219555720634,-0.002885946464500323,-0.002887488014551274,-0.0028887282519544037,-0.0028939620270116016,-0.002896272433156727,-0.0028986229341240004,-0.002900223622262663,-0.0029030902477925518,-0.0029044471827248688,-0.002906177135154575,-0.002909352271970223,-0.002911450635102598,-0.002913857646045918,-0.0029172985453766918,-0.0029190480293775126,-0.0029194733972438664,-0.0029197284453553814,-0.0029211361727102133,-0.0029216284537578697,-0.0029230223787320925,-0.002925605556876753,-0.002926885453753407,-0.002929150374599083,-0.002931899249662057,-0.002934783316937913,-0.0029368106984659238,-0.0029396524705176653,-0.0029418516698627387,-0.0029436646554057994,-0.002943113700472163,-0.0029429646446756945,-0.0029423895780836674,-0.0029405567719268774,-0.0029384284127851254,-0.0029362307614639285,-0.002933286630354521,-0.002928975921686978,-0.0029255056711340343,-0.002923817777595468,-0.0029226299098901233,-0.0029189453857697647,-0.002916475090909197,-0.00291311382269285,-0.002912234320001221,-0.002911213549074957,-0.002909250192692745,-0.002906329159724062,-0.002903016870754987,-0.002900919063327687,-0.0028989706463029247,-0.002896826259044429,-0.0028966329832157294,-0.0028966572388476825,-0.0028966991428889415,-0.0028958700404176025,-0.002896220882143502,-0.0028965988969989194,-0.0028942851196735266,-0.002892992300227043,-0.0028933957011665124,-0.0028947224996338865,-0.002895621763858298,-0.0028973970415612465,-0.0028999220989161085,-0.0029013328128637307,-0.0029043719052678613,-0.002908476600485474,-0.002911171609096983,-0.002915565037124619,-0.002920016873956651,-0.00292361466253311,-0.0029298384906343983,-0.002935049989475777,-0.0029397575288230993,-0.002943157536420459,-0.002944168815186905,-0.0029441850840089263,-0.002946564266358782,-0.002948573955180172,-0.002953374252873211,-0.0029584791764930628,-0.002962279925343398,-0.002967121417195425,-0.0029741674303944863,-0.0029801309623654145,-0.0029863110768780206,-0.0029887786408999448,-0.0029920381195363823,-0.00299663913319739,-0.003000538074038692,-0.003002567784941557,-0.0030090470848878224,-0.0030149479722259326,-0.003018812061680547,-0.0030250744663624014,-0.003029634061222842,-0.003036931492478102,-0.0030437143307519986,-0.0030514834774906558,-0.0030579727813061655,-0.003062976606614941,-0.003065968969369775,-0.0030691661654627432,-0.0030749355711710965,-0.0030792900210524564,-0.0030849334654313386,-0.0030878149460343333,-0.003093322466042919,-0.0030953068807672746,-0.0030997749329693745,-0.0031034782237652687,-0.0031076541922089003,-0.0031112587692426054,-0.003116520700132717,-0.0031186663650085698,-0.0031205181307087165,-0.003117228765335577,-0.0031146707900767444,-0.003112087311145558,-0.00310834804701496,-0.003106600606948943,-0.003103946537025944,-0.003101875405219744,-0.003100428180892532,-0.003096218571851352,-0.0030940573238430265,-0.003090926613633373,-0.003087320646843388,-0.0030846083676529853,-0.0030812196818912306,-0.0030790222790931993,-0.0030769192357074206,-0.003074511410552266,-0.003075771441032323,-0.003073946914846433,-0.0030698461269354823,-0.0030679311348704302,-0.0030628053836089172,-0.0030555708536145697,-0.003050523673856659,-0.003043904995066737,-0.0030353724524783045,-0.003026850347558231,-0.0030193384884616785,-0.0030133261771121745,-0.0030079891557087506,-0.003001264931690812,-0.002996912532235105,-0.0029908472907384897,-0.0029857130674891463,-0.0029818930884171397,-0.00297997134387635,-0.002975715774251086,-0.0029722917783135466
0.010361451717624497,0.010326554236759223,0.010302629723862557,0.01028267793300855,0.0102634190780336,0.010248087480492732,0.0102314295961927,0.010215124882395015,0.0101990766608823,0.010182831144950461,0.01016739506833164,0.010152249148924972,0.010137002952837537,0.01012118929209,0.01010488961442202,0.010090280863415057,0.010074188780609858,0.010058372095387407,0.01004324445352397,0.01002793529440257,0.010013403048117243,0.009998042202646037,0.009984052864506354,0.009969268193989467,0.009954611895778688,0.009939320020585963,0.009923704985322914,0.009907370727797923,0.009892583740057043,0.009878059646651281,0.009863594105952438,0.009847374087162627,0.009829574023256304,0.009813281209115832,0.00979648807637004,0.00977915987263303,0.009762489719982444,0.009745937630753654,0.009730333401808141,0.009714249396556665,0.009699014138251454,0.009682846152698214,0.009665308902454438,0.009648213206259644,0.00963144225964608,0.00961498757634721,0.00959881189194149,0.009582801164103554,0.009568197605361614,0.009552212718685237,0.009537270416777287,0.009521272929849783,0.009504228596792957,0.009487853524932349,0.009470899876687562,0.009455977863313758,0.0094405484692598,0.00942435228367792,0.009408835871365404,0.0093923824210402,0.009376311724388225,0.009360846382419718,0.009344478722502615,0.00932803248447382,0.00931330001209333,0.009298446426863446,0.009283767555961938,0.009268919991418656,0.009254250540908839,0.009241043740744836,0.009228157828895505,0.009215574565255276,0.009203220967351065,0.0091894512528665,0.009174572102214871,0.009160072637976018,0.009145905455599785,0.009132767092157854,0.009118984261122174,0.009106228134146554,0.009092736321828542,0.009078851760930621,0.009064029025605746,0.00904883418232905,0.009033972285831363,0.009020174924923987,0.009005244634570095,0.008990448384169677,0.008974894576213166,0.00896026879968246,0.00894687088156513,0.008931987566521133,0.008918366131025283,0.008904184801161768,0.008890706419874966,0.008877127969620483,0.008862297071719627,0.008846693407279995,0.008829743812334938,0.008814137263557602,0.008799367888418879,0.008784981898963701,0.008769502970559446,0.008752979017519277,0.008737159224188188,0.008722656079440573,0.008708375452388707,0.008693871835194657,0.008679251917233267,0.008664785943500366,0.008649379331693543,0.00863404911899571,0.008618344740223244,0.008603055349011181,0.00858806959747123,0.008574417617742452,0.008560022353820116,0.008545140282728826,0.008530064219138241,0.008514249317868431,0.008499247295099857,0.008484155806171558,0.008470537920243422,0.008456161871004637,0.008442046944397624,0.00842648168031584,0.008411306694989398,0.008397037322724015,0.00838235561147998,0.008366387090640954,0.008353344596521218,0.008339619180519833,0.008326018735575437,0.008310219947692567,0.00829564121190801,0.008279258056009549,0.008263237611170496,0.008247813420282614,0.008232048547574589,0.008217553125688235,0.008203631374928197,0.008188188879702374,0.00817312121484088,0.00815689865032945,0.008141088703137317,0.008124631527427002,0.008107552793882061,0.00809205394002747,0.008075400235668589,0.008059031376683417,0.008044176740330571,0.008028788356503865,0.008014927713314517,0.007999865861502316,0.007984390498230416,0.007969212792259057,0.007953819073203978,0.007939612526240014,0.007924763050188443,0.007908179750675783,0.007893632228756052,0.007877312078834223,0.007861948939634468,0.007845523787143328,0.007828751928617463,0.0078128949831521,0.007797224708095535,0.0077823819139447685,0.0077678881868751895,0.007751353160106578,0.007733277803683932,0.0077174340060612535,0.007699999686087077,0.007682656363762444,0.007665078617814708,0.007648372659723013,0.007631601956886041,0.00761527948778581,0.007597683841728879,0.007580791734161835,0.007565785520275226,0.007551222499232582,0.007537071988875346,0.007522504772784341,0.007506891645460483,0.00749216897326036,0.007476777438046211,0.007461087552926543,0.0074479801492951985,0.007434569661830407,0.0074204561675457106,0.007408065825301097,0.0073952031964689,0.007381316714081926,0.007366893931546251,0.007354623590392044,0.007341662893606377,0.007328445455424623,0.007315106557521917,0.007300842812915596,0.007287445800661346,0.007276379148200839,0.007265928998117955,0.007254074443617886,0.007241863920653374,0.007230140345083362,0.007217811839670398,0.0072076368980608565,0.007196167060405796,0.007185120362691383,0.007173474952153006,0.007162659201717865,0.0071515133839218994,0.007140979731440233,0.007129389811745787,0.007118192794427715,0.0071065125765819755,0.007094315849382064,0.0070819539077263,0.007070605415215183,0.007059862316528237,0.007050148279243456,0.0070406630097287854,0.007030337014895536,0.007019784604016383,0.007010075092006617,0.007000642562274527,0.006992524149192168,0.006983627975993961,0.006974243530514954,0.00696545359302133,0.0069579959092913035,0.006951205329867258,0.006943335622505921,0.006933943705311893,0.006925388168935162,0.006916548631254492,0.006908214318285155,0.006900254118295191,0.006892243324599929,0.006882865621088001,0.0068732505632024725,0.0068639010151038985,0.006856246670497326,0.006847938533946645,0.006838490647688918,0.006827258216628271,0.006816278438690333,0.006805788916627036,0.006795627859895144,0.00678492310286917,0.006773851619367736,0.006762669818992863,0.006752302896908497,0.00674535329733798,0.006736069416226674,0.006728734947169821,0.006719498227532777,0.006710141176668762,0.006702189046771859,0.006693551275479979,0.006686416596730636,0.00667894558236918,0.006671461624643198,0.00666306496044919,0.006654355930015027,0.0066450539310375645,0.0066371874687525916,0.00662820970621427,0.006619341929756654,0.006610679763380358,0.006601660004205504,0.0065907864861963344,0.006581603166266444,0.0065724590060869306,0.00656421452542777,0.006558451606825162,0.006551023750611732,0.006544289416152016,0.006536894730719323,0.006529191011334582,0.006521072783084275,0.006514629648710377,0.006505675151393723,0.0064971749300135224,0.0064878976844790215,0.006477176943526162,0.00646693658145946,0.00645642166914105,0.00644572239252671,0.006434687702551929,0.006422249501008584,0.006411122524432262,0.006400329137175803,0.00638964015516833,0.0063795177313391545,0.006369657607200684,0.006361536990495707,0.006353124782443777,0.006344529223573939,0.0063353626686386754,0.006327723437712449,0.006319783408549279,0.006311374654975896,0.0063016635881728185,0.006291853421604831,0.006282018492164565,0.006273528656279789,0.006266866127172557,0.006260624269173004,0.006253520776500162,0.0062458145480679215,0.006238826910524254,0.0062337092888384545,0.006227169990921991,0.0062191866391994345,0.006212063257511026,0.0062047347641752204,0.006198113815092034,0.0061918986175242725,0.006184101076634654,0.006177366143786276,0.006170930997211506,0.006164192301261917,0.006158444673732736,0.006151979588012957,0.0061462640960846335,0.006140283306892589,0.006132286092034737,0.0061257163110850395,0.006118714193280341,0.006112426385495078,0.006107551221702794,0.0061026837577574464,0.006098698671573487,0.0060955254845334395,0.006090695016596334,0.006086049934719718,0.00608048217597211,0.006076147689273891,0.00607078812289869,0.006065284223555038,0.006058581301814829,0.0060537646299581895,0.006049123278494914,0.006043475408204637,0.006037337810392891,0.0060313531368066595,0.006026226730712484,0.006021536785989097,0.00601754844206283,0.0060139230194882045,0.006010651942170337,0.006008431840278859,0.0060064786435625375,0.006003902892792301,0.00600017021881375,0.005999040087918239,0.005996320485952441,0.0059940712733682205,0.005992384402855725,0.005989842240517694,0.005987554713898168,0.005987240035265823,0.005986502906520892,0.005986998844942653,0.005985884074276093,0.005983178657236046,0.005980309960614407,0.005977217630666357,0.005975117395880907,0.005974282551061643,0.00597361333334488,0.005974401665839744,0.0059739854373806155,0.005973601674756124,0.005972146802025497,0.005973303572276735,0.005973764699464115,0.005973716889303842,0.005973805395586761,0.005974104158292846,0.005974256287737285,0.005973530697545121,0.005974165971863363,0.005975886273706044,0.005977913966078688,0.005979367150324006,0.005980552538477172,0.0059812116560636255,0.005983339875989655,0.005984676109318634,0.005986455884501525,0.005989153586348017,0.005991398919712787,0.00599278689247782,0.005995539206839758,0.0059979186629233105,0.005999891509205743,0.0060006057418914415,0.006000050086414012,0.006000436629646069,0.006001878676009342,0.006003823827862552,0.006006136120712321,0.006006703812790786,0.006008128793103198,0.006007906625024142,0.006007135465700109,0.006007045450202942,0.006006654187531319,0.0060062420885779386,0.006006083773411645,0.006004735053123369,0.006005563954824899,0.006005579014226446,0.0060068526114248275,0.006008928287222653,0.006009376910662367,0.006010314353547209,0.006012062921450399,0.0060129365467210105,0.00601451788043822,0.00601636681868167,0.006017731124990623,0.0060177524200521375,0.006016479012165978,0.006015341804356097,0.006014968794961468,0.006015085618369246,0.006014780712418271,0.006013664832444872,0.006012290901618075,0.0060117798057947565,0.006012429840962231,0.006013467091979265,0.006015387464600785,0.006017135409577361,0.0060179476790448334,0.006019064684781058,0.006020185868564627,0.006019188701469221,0.006018274980261008,0.006018049014769799,0.006019086113404823,0.00601891948493593,0.006018683000063916,0.006017972386162259,0.006018667655763751,0.006019732559296982,0.0060201716634898,0.006020203376257824,0.006020674262820366,0.006021557172904456,0.0060214991370481094,0.006021009013348492,0.006021587525172613,0.006020855653087445,0.006022680887116783,0.006023742107057419,0.006022380972482777,0.006021127299074652,0.006019997510400225,0.006019292183785189,0.0060198188385632385,0.006020374442235419,0.0060221933541293165,0.0060249076930067695,0.00602642541458051,0.006028417320277856,0.006030659364912611,0.0060346000132445125,0.006038475720771615,0.006041701478190916,0.006044704756511754,0.006048463620297161,0.006051847029001478,0.006052822820927742,0.00605431392009445,0.00605465061559205,0.006056310426637778,0.006056493987281227,0.006057312486551559,0.0060561716227111005,0.006056981851408116,0.0060569594944606025,0.006056666422107998,0.006054487904845578,0.006053813047078426,0.0060524678900598285,0.006050835665936838,0.006049983189362012,0.006049741756268943,0.0060502761230983625,0.006049586941109956,0.00604796256703131,0.006047230473883394,0.006048469975097739,0.006047679336417619,0.00604747605026575,0.0060445960211816694,0.006043633841289108,0.006041255604219759,0.00603956060497985,0.006039699309372859,0.006039746983851164,0.00603921881311533,0.0060386524879641615,0.006038930900116483,0.006037431966509468,0.006037470603053293,0.006036938010348736,0.006035466629843349,0.006033799274742348,0.00603319469244719,0.006032527471244697,0.006031695820777688,0.0060323773625769695,0.00603166544416103,0.006031778219183936,0.006032041103964376,0.006031415140995944,0.006031611468511344,0.0060311692182959675,0.006030057101267652,0.006030322174260475,0.00602956901349334,0.006027761956322924,0.006026361653382506,0.006023886041914714,0.006021073229079247,0.006018518530615849,0.006014890540966954,0.006011160663203588,0.0060087120437516016,0.006006115532889494,0.0060051754245627744,0.006003588780198632,0.006001307865423036,0.005997785262126464,0.005994118604871409,0.005991363955103713,0.005987641161441205,0.0059838826412425775,0.005981261197870691,0.00597978261969186,0.005978871352817266,0.005977689883540562,0.005976575908440269,0.0059736896784740555,0.0059697843730964015,0.005964974246619053,0.00596088266839156,0.005955821921710161,0.005950454878726296,0.005945916219652523,0.005941795012028038,0.005939188590169018,0.005935604442698576,0.00593093425055663,0.005926356824106426,0.0059219321234342485,0.005917775233542639,0.005913243631725036,0.005909331404772644,0.005906664862749544,0.005903803416257554,0.005900451143557342,0.005897264663461369,0.0058929581579165325,0.005888486217447728,0.005882487477270609,0.005878434480028767,0.005873509547277089,0.0058675836809781124,0.005862612664712148,0.0058585594098992015,0.005853815939142797,0.005848701075589552,0.00584512716600855,0.005841317983228263,0.005835987613297629,0.005831483054980937,0.005825949037087741,0.005820521233811232,0.005814818412312871,0.005809613322187487,0.005803307397399817,0.005798701560135553,0.00579517271766543,0.005790651589303798,0.005786896652083372,0.005783778081559464,0.005780037751350888,0.005777719945034376,0.00577516319185312,0.00577130647492402,0.005769458057841269,0.005767609937274587,0.005765334689348235,0.005763353083410126,0.005760645306410601,0.005757596920981111,0.005756513635373055,0.005754852737874998,0.005752768984344586,0.005751550987943123,0.005749252785953985,0.005746625062711728,0.005743336305017275,0.005740579959215076,0.005737182628379062,0.00573417937948927,0.0057319216379093955,0.0057291617728855585,0.005725871880209139,0.005724183538636866,0.005721187717280174,0.0057174152146636,0.0057141809638030444,0.005710890343428728,0.00570917458622854,0.0057062647976856935,0.005702545519699275,0.005698130036107548,0.005693208014993212,0.005688867967825689,0.005684770829477614,0.005679042565503639,0.005673901215184088,0.005668688259042637,0.005662575956517061,0.005658627855970502,0.005653691548527264,0.005647116699318325,0.005642989090983277,0.00563920925010467,0.0056349961253631215,0.005628759826143819,0.005622907813765328,0.005617385505508293,0.005613142696986261,0.005608550828376885,0.0056033437006523966,0.005599259753643267,0.005594609419385693,0.00558922114427163,0.005581594942289063,0.005575033197903075,0.005569513621415352,0.0055635414927091885,0.005557777690201837,0.005549758877980797,0.005542336090166547,0.00553460771760775,0.005525805162891489,0.0055164616893044,0.005506540002935314,0.005495732378854176,0.005485112665942247,0.005475572273256289,0.005468898343160509,0.0054605566473639785,0.005452711062603556,0.0054437936615913856,0.005434388845018621,0.005427098133565378,0.005418450218564283,0.005409837643078779,0.005400339629869006,0.005390495964808029,0.005381536715017577,0.005372748363247876,0.005363925139052853,0.005356380608157157,0.0053491919989132435,0.005342588166574888,0.0053349043214868195,0.005326746068423459,0.005319168817057129,0.005308847023902329,0.005298387167527717,0.00528882315277621,0.005280285380191533,0.005271218954252576,0.005262326472139076,0.00525462894915456,0.005246655275642186,0.005237450593136359,0.005229575714808501,0.005221204195394691,0.005213641636958361,0.005202617123882239,0.005193094071673775,0.005182272865443052,0.005170240116874192,0.005159097348712085,0.005147445835955873,0.005134959295494238,0.005123381000456668,0.005111298569645469,0.005101086528220334,0.005090001225053676,0.0050791674751335635,0.005067948858411358,0.005055016001383661,0.005042885221765939,0.005031184025368302,0.005017815385412971,0.005004217703099814,0.004989926611686035,0.004975841313699838,0.0049636809628073935,0.0049497829615360684,0.004936909341391587,0.004924391816043859,0.0049125123574078845,0.004900851553105561,0.004889400951342095,0.004877682859357096,0.00486624414751138,0.004854631983988324,0.004842040085247731,0.0048303435907653906,0.004816738948913069,0.004805344454050651,0.004794510096038302,0.004781822041671587,0.004767841781263727,0.00475534170225352,0.004744604977633404,0.00473332246551006,0.004722079400151014,0.004711217159137073,0.004699338933236638,0.004688204759156614,0.004678038510550286,0.004667529366309757,0.004659321804820264,0.0046501113747774644,0.004641043322766511,0.004632862510879745,0.00462435430373772,0.0046162671990780425,0.004607194011867147,0.004597793219032535,0.004590561719407183,0.0045833152267952225,0.004574572995949249,0.004565776243975415,0.004557830873513513,0.004551204446126367,0.004542272712032734,0.004534733157055453,0.004525776038148496,0.004516434639263391,0.004507941766130953,0.004500636006410802,0.004494794283270355,0.00448816923700648,0.004481552816198725,0.004475140920270993,0.0044669009944408545,0.0044576467845593324,0.0044492246359270965,0.004440155217567237,0.0044326571860951,0.004424775709827279,0.004417738589416827,0.0044104401159042765,0.0044009564038508435,0.004392590430223778,0.004384075234665342,0.004377744400419456,0.004370475009274769,0.004363828079274538,0.004357624821252786,0.004351933477833511,0.004345115941809111,0.004336478047286609,0.004328091335310581,0.004320428411162736,0.004311865224835273,0.0043038403167101336,0.004294821629057168,0.004285384717761881,0.004274857998752168,0.0042653739697085845,0.004256224847724583,0.004246129790465305,0.0042380588343369175,0.004229249079438328,0.004222062076572393,0.00421499573560598,0.0042065881293071655,0.004199711090663148,0.004191108880987548,0.004182364773777095,0.004173963574777066,0.004164178164150369,0.004153625968573487,0.004142564712297729,0.004134502598990529,0.004126123439660126,0.004118068757589546,0.004108704193066242,0.004101574289490443,0.004093863977638017,0.0040858147398152,0.004076681340937267,0.004067103089005617,0.004058788866621371,0.004050678286762645,0.004041694315802716,0.004030910101844436,0.0040211287857473054,0.004011530455474952,0.004001564057439289,0.003993085839882931,0.003984839270996615,0.003975900045538137,0.003969205939828556,0.003960463819353365,0.003952863520709593,0.00394517456274814,0.003937884847933867,0.003931023495942264,0.003922519476346813,0.003915284303939408,0.003907084193300827,0.0038988742839087104,0.003892326809506964,0.0038857683729685544,0.0038795610985778786,0.0038730931704620284,0.0038663493747764393,0.0038603189882502813,0.003854410551387638,0.0038483833701484257,0.0038431801112065647,0.0038367943811717835,0.00383095188307367,0.0038256547034749935,0.0038225505869610575,0.0038181800428764828,0.0038148001249242234,0.0038127385729946695,0.003810353552922987,0.0038074894715420145,0.0038045597605074703,0.003801480653698757,0.0037988744507999614,0.003797671770698442,0.003795261916263349,0.003793271907451273,0.003791831420594387,0.003789786704975545,0.0037895527421314334,0.0037894742880871008,0.0037899915937566627,0.0037901899635893205,0.003791096134573532,0.0037926116846659754,0.003793429898384511,0.0037942174393265373,0.0037937536737293574,0.0037927933595904477,0.003791228939087325,0.00379013748818736,0.0037892119212345264,0.003790528708994474,0.0037902475538450103,0.003791511661366505,0.0037914449672082143,0.0037934787985730036,0.00379417517941813,0.0037954660773809753,0.0037963180957287794,0.0037971972527513663,0.003796342606293648,0.003796547664457508,0.003798478207448334,0.0038013800839051624,0.0038035848135810537,0.0038050364857934215,0.0038063565641745433,0.0038065127366198165,0.0038070610052226487,0.0038071815921702176,0.0038084097095691877,0.0038097220883791623,0.003809422791205988,0.003811489390231644,0.003812210222766256,0.0038129318586124198,0.0038131092737083076,0.00381436890479092,0.0038147767766816467,0.0038157746475919506,0.003818261197093875,0.003820215128909806,0.0038206608028818036,0.00382086218026195,0.003821086614043057,0.0038198445485950502,0.003820470338430724,0.0038194921287539514,0.003818678054020615,0.0038173164730601985,0.003814565727779211,0.003812237712450467,0.0038114657109893663,0.003810146489812424,0.0038079600378722175,0.003805124781535694,0.003803066076662202,0.00380083163270532,0.0037995650229009446,0.0037980645292969447,0.003795426456122633,0.0037925363797934623,0.003791273548539484,0.003790673417474514,0.0037876717793529965,0.003784382616566776,0.0037808828697076945,0.003777769540136591,0.003773192639081559,0.003768320744035787,0.003764780828464684,0.003763041744962416,0.003760668358015389,0.003757529568387083,0.0037543011101927393,0.0037533390064849893,0.003751880381697757,0.003748264904924759,0.003745416008506515,0.003743108159788806,0.0037420873716460913,0.0037406253006228587,0.003737962685239821,0.003736497066674712,0.0037358636359291417,0.003733099800182969,0.0037308014989609842,0.003727896920933847,0.003726930181590881,0.003726806544982326,0.0037256287181163567,0.003725363920730052,0.0037227558567854294,0.0037181525110655273,0.00371435803333854,0.0037129596253976265,0.003712500940509956,0.0037088516990878904,0.003704617931285839,0.003703519029677531,0.0037017586814772586,0.0037007490106676444,0.003698559521488823,0.0036962047980066645,0.0036942664388222406,0.0036913556774713936,0.003689398351335566,0.0036860410289678023,0.0036801696354519455,0.0036747976531026944,0.003669124501020579,0.0036655848458731852,0.0036624586455168686,0.003657783458900535,0.003653920840515325,0.0036477050613406233,0.00364296132524442,0.0036363099697166263,0.003629184971773858,0.003622550768176113,0.003615626539157843,0.003609378432026397,0.003604346254749561,0.0035995026595789905,0.003594451207634416,0.0035888898597010535,0.0035841550745688362,0.0035798512959693005,0.0035764685780335665,0.0035737210680058308,0.0035712221339522753,0.0035687024495833736,0.0035651376399009876,0.0035610001478786,0.00355644599775451,0.0035521890417752155,0.003546703420814531,0.0035420422615378764,0.0035381763946979897,0.003532116280577273,0.003526133553169765,0.0035219493026623183
0.004763486397568554,0.004737420752992077,0.004720003397164649,0.00470470251487354,0.004689649948102064,0.004675751417282104,0.004661726968463976,0.004648908564733529,0.004636379506096507,0.004624442840299188,0.004611704266869217,0.004599259120719034,0.0045874920161920124,0.0045763225791412634,0.004565199192269656,0.00455548342570022,0.0045454313465565655,0.004534755643713923,0.004524373142018275,0.004514107850181735,0.0045028349035882735,0.004491374901836836,0.004480779263020416,0.004469572139518078,0.004458931947557981,0.0044466011501733925,0.004435163440094109,0.0044226260963064435,0.004411317381104225,0.004399159809293249,0.004386133055168898,0.004373851085893506,0.004362096886478675,0.004351383850046696,0.004339891360832449,0.00432758232155042,0.004315589688726008,0.004305275172339736,0.004295680048688667,0.004286497452413701,0.00427779229292445,0.004268120260438514,0.0042577435033430925,0.004247561135460417,0.004238110661055381,0.004228769285728121,0.004218197826187266,0.004207998073104451,0.004199443309606192,0.004189892740996909,0.004179970745561328,0.004169355993063318,0.004159663294948707,0.004149263312717566,0.004138997957910197,0.004128577916231466,0.004118774040790873,0.004110332576301386,0.004100955409301897,0.004090983344879163,0.004081114299990943,0.004071375871106015,0.00406246345217704,0.004053080645197317,0.004043909056140237,0.004034631655256453,0.0040250809246879455,0.004014919528614603,0.004005394543603861,0.003995161266334815,0.00398542814085226,0.00397652898982546,0.003966957792139998,0.003956557039730135,0.003945918054592869,0.003933929748989077,0.003923519993636494,0.003912807493884233,0.0039007033454838097,0.0038897283988796262,0.0038791990623320356,0.003869628553142748,0.0038598156100716386,0.0038498502155876494,0.003838631375189192,0.0038271544009303967,0.0038155893608584875,0.003804162182166146,0.0037930262667618684,0.00378177552221308,0.0037703393877460065,0.003758964057899313,0.0037479186922587926,0.003736618688494959,0.0037252439416459726,0.0037141095457256133,0.003703646612710356,0.0036937685939280487,0.003683571228593683,0.003675002268952043,0.0036662606301953574,0.0036579309311139375,0.003649363957522664,0.00364175246931035,0.003633388392861659,0.0036248466559316186,0.0036163847740303947,0.0036067039245829633,0.0035981707262540334,0.0035891214182688083,0.0035811062660964254,0.0035709100582774784,0.0035612409190014034,0.003551228155944704,0.0035415491924381827,0.003531565083889205,0.0035222735148648485,0.00351280525335955,0.0035040084549539745,0.0034965592512578667,0.003488420392402858,0.0034819521693231176,0.003476180616509715,0.0034695483479562686,0.0034626095525797434,0.0034553843627099768,0.0034478270824966737,0.003439331588634616,0.003430874953157046,0.0034223537713832177,0.0034142423166923837,0.003406146481726134,0.0033985813677249736,0.0033904962737118165,0.0033816193247219457,0.0033734368111658823,0.003363992481937044,0.0033550039359614096,0.003345964362845504,0.0033371177872145784,0.003328535643617653,0.0033206467716000855,0.0033135860893406923,0.003306332998011546,0.0032985278644743006,0.0032904899711527153,0.0032820015257905774,0.0032735573025363665,0.0032650896460228876,0.003256390433578308,0.003247707813415946,0.0032394477469369345,0.00323140680831809,0.003223328143805305,0.0032161792960381554,0.0032088955350902007,0.003200656774902865,0.003192223634888989,0.003184724497010691,0.003176578898392484,0.0031681975501214256,0.0031598906499864863,0.0031510531745505633,0.003141987269465026,0.003133427809431223,0.003123639354877404,0.0031146656512678226,0.003105102759493692,0.0030958291227093865,0.0030857765394512976,0.0030765904086360978,0.0030684191653186747,0.0030600375813827087,0.00305122943676356,0.0030425011573184976,0.003032984443556281,0.003023997207870876,0.003014009497511636,0.0030043115985739863,0.002994927407562416,0.0029862857552308717,0.0029766233264788217,0.0029692069287092088,0.002959795405614202,0.0029504614822347735,0.0029407895107455687,0.0029316150023978634,0.0029229226551919472,0.0029145105876236094,0.0029072271388093517,0.002898515673404059,0.0028898890636610184,0.002881439410401226,0.002871637124998882,0.002862277036431032,0.0028532311160108393,0.002844448600718513,0.0028350857255857297,0.0028253635688804163,0.0028152039177531596,0.0028046196993500565,0.002794837005762042,0.0027840524044757914,0.0027741209499757787,0.0027647330750811033,0.002755587216704159,0.0027458524120463324,0.0027357107750727314,0.0027261146502942325,0.0027171044912750854,0.0027067264456109444,0.0026965408670252622,0.002687372279610876,0.00267907654388977,0.002670638077408858,0.00266170110264683,0.0026529668802510297,0.002643395944571117,0.0026338305582187744,0.002623254745382858,0.0026122564368367927,0.0026014757861045202,0.0025909740514458157,0.0025817854760951894,0.0025727867256552855,0.0025646835060861685,0.0025565767780002667,0.002547138337875286,0.002537512868529094,0.0025284776322641975,0.002519270868359371,0.0025109641588073354,0.0025025835268580867,0.002493400542377208,0.0024853406330235537,0.002476043049094092,0.002467370179939878,0.0024575376481914546,0.002448344622836523,0.002439029590365808,0.0024305266945316662,0.0024214033195995213,0.00241274098405104,0.0024048311095840333,0.0023970940935408073,0.00238943302624903,0.0023801419101346635,0.002369824464703317,0.002360492460470555,0.00235154771613893,0.002341736551795681,0.0023317118226101868,0.0023223673266048227,0.0023127806984822802,0.0023032704200566106,0.002294199328141772,0.0022847741420466993,0.0022757130296681112,0.0022671408609168686,0.0022583540939510576,0.0022499450743210998,0.002240770760129895,0.0022323907581865347,0.0022246479070904294,0.0022173527908304507,0.00220925882589008,0.0022011523362199612,0.0021928674036318803,0.0021832310280295035,0.002174106468608647,0.0021638336207686956,0.002153827615016987,0.002144728141671126,0.0021345673492104917,0.0021258394832663775,0.0021161087030499475,0.0021077310411911888,0.0021010051040574584,0.0020929564070840986,0.0020840053853892317,0.002075695556104865,0.002068513904671866,0.0020612304656946506,0.002054371628892153,0.0020462510320698106,0.0020387086625985257,0.0020313834892838603,0.0020236607192901735,0.002017608913294029,0.0020107916379086678,0.002004083660127294,0.0019968142962642163,0.001989020903640088,0.0019818348599042863,0.001974873825822929,0.00196761537990346,0.0019597679620532086,0.001953573769254317,0.0019475608027728385,0.0019408823183248783,0.0019340311857499889,0.001926752063011421,0.001920122018612037,0.0019139349409302857,0.0019081156969654618,0.0019020425630135532,0.0018964152581153538,0.0018908262853526137,0.0018841334951230318,0.0018783898949371039,0.0018723368025289177,0.001866218389224872,0.0018606884905544721,0.0018559470713101272,0.0018511816965094876,0.0018483149743789148,0.0018456181984494034,0.001842557440674077,0.001838261671845836,0.0018327369475674236,0.0018282641020913974,0.001822236695586902,0.001816934368388087,0.0018116265149645254,0.0018062723648581977,0.0017993492605435403,0.0017930238035391624,0.0017871350178163162,0.001781118049070177,0.001775490650826702,0.0017684294649631118,0.001762600063400738,0.0017565228692711528,0.0017493569463569157,0.0017436489078672206,0.0017386931181549235,0.001733433201223908,0.00172937453909003,0.0017249385286506435,0.0017201451937339219,0.0017158912494436027,0.001710630502242355,0.0017058685550930203,0.0016999866584914637,0.0016946328694540974,0.0016904034140067328,0.0016856512360824234,0.001680094437540297,0.0016755134857770726,0.0016699126276229484,0.001664664598624787,0.001660498744447397,0.001655208917077285,0.0016504978969754196,0.0016465411913871486,0.0016415440922307662,0.0016373006489372182,0.0016320996393650144,0.0016270081504485441,0.0016221273514705399,0.001618800932800008,0.0016136729690694332,0.0016091771117075543,0.0016045371124559103,0.0015999417026635527,0.001595708538326114,0.001591534232339057,0.0015867866243396158,0.0015827033856624245,0.001579272040537082,0.0015755473617835945,0.0015712745348581835,0.0015672909037697247,0.001563219145594092,0.001558566354217585,0.001554377283398998,0.0015500037496651387,0.0015468834449643796,0.0015431829669372839,0.0015392282491189838,0.0015364578653450543,0.0015331655020683248,0.0015302998510245169,0.00152685299795114,0.0015241921376978212,0.00152104136898022,0.0015183225204262912,0.00151650109232437,0.0015139910757534184,0.0015120028054471605,0.0015103018175628149,0.0015081088072430439,0.0015056255899958768,0.0015030022692385091,0.00150051106482294,0.0014982927654428834,0.0014956495803304215,0.001493116503198292,0.0014899933040696857,0.0014875190148938837,0.001484864629986326,0.0014808647391364746,0.0014772494029988642,0.0014746070258350539,0.0014717815727345554,0.0014688965881512381,0.0014657827898067442,0.00146484294788203,0.0014627514672394739,0.0014595427018961114,0.0014571997972657254,0.001453672492039612,0.0014504288898872356,0.0014465056570909865,0.001443242574115017,0.0014394076316025118,0.0014373658063382272,0.0014360184055741832,0.0014342117113237387,0.0014335282750086496,0.0014330085486051953,0.0014324788102564223,0.001431792120862343,0.001431659943612046,0.0014297305118519113,0.0014288929058708583,0.0014283548349034066,0.0014281597175371866,0.001428264517837056,0.0014283635929507059,0.0014273536158007191,0.0014260968566236138,0.0014252202679780252,0.001423032230103977,0.0014211408216350196,0.0014189523707689611,0.0014168911699582814,0.00141441351832758,0.001412110028548159,0.001409507575348713,0.0014071865988331397,0.0014049859214334086,0.0014029805593626294,0.0014008981034750554,0.0013983871719174497,0.001397310118941829,0.0013949601747784307,0.0013934474182453757,0.001390471145483985,0.0013884856369624887,0.0013859804951803472,0.001383314068949193,0.0013816059103570674,0.0013789385688831501,0.0013754843630045947,0.0013712975946862614,0.0013672473842254642,0.0013631854358955105,0.001359947594580413,0.0013569528164722794,0.0013531935522393909,0.0013501222806346332,0.0013472725799476468,0.0013441314858534535,0.0013399309825504818,0.0013352703342211659,0.001330362320079628,0.0013263426274665478,0.0013215776635458177,0.0013168614330244996,0.0013131391511368292,0.0013103246215937373,0.0013080788001857,0.001305947363668508,0.0013034932477501123,0.0013007154780498302,0.0012973288008423626,0.0012939729903626944,0.001290535707715275,0.001287517574616873,0.0012849699352825085,0.0012816955865025835,0.0012783395718929478,0.0012745801832109167,0.0012702857743998647,0.0012659124659604088,0.0012624640215092545,0.0012585608813521143,0.0012537864560251614,0.0012499558585358564,0.001246953999030015,0.0012446521455276589,0.0012431227508714932,0.0012415001634150764,0.0012393472213939214,0.0012386055830075772,0.0012360788824104566,0.001235074861192967,0.0012330863080776866,0.0012304173335184337,0.0012285374196035447,0.0012257761663005998,0.0012230854849012256,0.0012208698336250788,0.0012184081368737563,0.0012162882957874952,0.0012150164041902993,0.001212364586007825,0.0012105381428907703,0.001209768685711509,0.0012080132723305602,0.0012066131548500313,0.0012067120297240856,0.0012057426835991054,0.0012048910124505977,0.0012023759103912224,0.0012001840903109893,0.0011985479063354677,0.0011966104153533943,0.0011950267534502125,0.001192542075314305,0.0011906388384108056,0.0011890151790138839,0.0011872327501154685,0.0011853890242695304,0.0011840250649571477,0.0011835754760948594,0.0011815841064241226,0.0011794455720264023,0.0011781354229327158,0.001177612674521778,0.0011767404076332354,0.001175439206405075,0.0011733413828681853,0.0011712188922186467,0.0011697291849442394,0.0011683878845787797,0.0011659523405567025,0.0011638318593145485,0.0011611088040391314,0.0011583845216198182,0.001157266256422321,0.0011557676304659757,0.001155171875085057,0.0011525684933920651,0.0011515597639561983,0.0011495554958302963,0.0011478057368755842,0.001145195331119959,0.0011428357815872908,0.0011407045523609092,0.0011384502528591996,0.0011376737871440974,0.0011361768596724056,0.001134794436762963,0.001134727566142108,0.0011326514137982623,0.0011311547745932904,0.0011298807460760779,0.0011278446968420977,0.0011257356162643368,0.0011246513652200954,0.0011230323364495058,0.0011207859801169694,0.0011177948610296804,0.0011158281759125364,0.001113826764261986,0.001111665804125447,0.001108473640093489,0.0011072084766657034,0.0011046736755458203,0.001103839915089866,0.0011007260582816675,0.0010978600180961478,0.0010960727558065675,0.001093869411144095,0.0010921335325710876,0.001089749938736966,0.0010880417592006016,0.0010858578657014651,0.0010847413412859172,0.001083561448470232,0.0010821491605247612,0.0010815561373948936,0.0010811626310362548,0.001080219236337714,0.0010800654919943232,0.001079970548869191,0.001078409666816343,0.001077436831112798,0.0010744976088095273,0.001071351296240036,0.0010679949498785162,0.0010647251397466852,0.0010625591935363313,0.001061126180671843,0.0010595986669582767,0.001057489014797271,0.0010557543991989876,0.001053816843909319,0.0010516524241609704,0.0010482807539688285,0.0010454523850688712,0.0010425239618898467,0.0010405606895702592,0.001038352057557938,0.0010360066021459942,0.0010336940433333373,0.0010318634380270817,0.0010303419288767706,0.0010276652016472157,0.001024690367020521,0.001021720984369752,0.001018391360103249,0.0010152201498231967,0.0010120273647420816,0.001008944629810916,0.0010068334313090665,0.0010060117232740613,0.0010046757527823983,0.001002342578356852,0.0010000194019106948,0.0009991655198983425,0.0010000631276731694,0.0010003072045956217,0.0010009351090365976,0.0010008243031517027,0.0010011396025629863,0.0010010836881396183,0.001000099344436277,0.0009986936895223304,0.0009977756777582762,0.0009969632867282813,0.0009959656522547265,0.0009949375002297302,0.0009937725342790053,0.0009917699970271403,0.0009908787762703739,0.0009898495761375913,0.0009875856389464862,0.0009854325017234847,0.0009824525295980017,0.00098079884620138,0.0009777297307517767,0.0009762913747790737,0.000975182695897813,0.0009748948214057978,0.0009741640073131439,0.0009730341220488088,0.0009729507058691796,0.0009713291084174358,0.0009713456899437002,0.0009705916548419033,0.0009706297967969239,0.0009697566361278151,0.0009689051628549161,0.0009681033631863536,0.0009676234658356089,0.0009667540640302367,0.0009659182279598568,0.0009640772879660686,0.0009639485842350882,0.0009635028177824087,0.0009647382090974953,0.0009647250778473087,0.0009650087554939316,0.0009652671682898982,0.0009648802320421637,0.0009652395834619989,0.0009656646043327948,0.00096514936691454,0.0009648560421945541,0.0009645235892103986,0.000964760716002308,0.0009646674200945521,0.000964601095094793,0.0009638461574246855,0.0009638864765572774,0.0009625911026666317,0.0009614336917875476,0.0009604771339778747,0.0009583430775220873,0.000956144352392994,0.0009531204931624423,0.0009516233824466961,0.0009497705278659896,0.0009483936275130913,0.0009467356880118784,0.0009466367179153844,0.0009451654364688688,0.00094316706780261,0.0009412364350457257,0.0009387123407163648,0.0009363459200398645,0.0009356176170341352,0.0009347348809549554,0.0009349853527668482,0.0009354297049952473,0.0009355682213834488,0.00093533512075008,0.0009339208765106768,0.0009328883474274468,0.0009317279860671296,0.0009296158722498117,0.0009285269310281189,0.0009279816703379893,0.0009278677238284777,0.0009266600054076658,0.0009257087088069651,0.000925257951499415,0.0009257796254457284,0.0009259974670955948,0.0009248600388506948,0.0009242838412092212,0.0009236032729069144,0.0009224059997333036,0.0009213754104526614,0.0009204000374580621,0.0009199165597341857,0.0009189727400134196,0.000919796398624595,0.0009197137383266742,0.0009181022556707458,0.0009170390438760392,0.0009157246895697818,0.0009135640038350885,0.0009115378037302342,0.0009103584078795184,0.0009086072137151293,0.0009076176976929328,0.0009071417085836374,0.0009075022167941638,0.0009074339204675296,0.0009062648381891323,0.0009052831533067511,0.0009042254786927241,0.0009034580688699101,0.0009037499688135692,0.0009040101497855805,0.0009045626664620882,0.000905210777121872,0.000906150543796518,0.0009064348951918847,0.0009065597632571502,0.000907365351913159,0.0009084782359005839,0.0009090956663384371,0.0009096514521247814,0.0009095946430848968,0.0009091317357709221,0.0009098230734772839,0.0009110398458019929,0.0009114234374092241,0.0009115304981295062,0.0009118810435203815,0.0009125613305971403,0.0009123979285956293,0.0009126933797787794,0.0009140271532623684,0.0009161138970625386,0.0009185950232319819,0.0009211508983109692,0.0009229153216975278,0.0009256848879419805,0.0009279898490979634,0.0009299650603878114,0.0009310912620388756,0.0009314562796192862,0.0009325821323340727,0.0009343227009515559,0.0009352389633812953,0.0009362235652634024,0.0009378451318646262,0.000939135152842432,0.0009400637739717611,0.000940347612161617,0.000941053984053202,0.000943316168169819,0.0009438068354535059,0.0009454368990156024,0.0009449986304139743,0.0009463908879752432,0.0009469282357894683,0.0009478912466001955,0.0009482684497270984,0.0009487127919635516,0.0009492216862337009,0.0009493266330995587,0.000949583073295207,0.0009501959477866008,0.0009513124007850703,0.0009509647557979464,0.0009507770774500889,0.0009508480482240345,0.000951288590376814,0.0009514877660509047,0.00095121082720738,0.0009510820538526553,0.0009503642008090069,0.0009494236881105545,0.0009487475153794046,0.0009491376212412957,0.0009484156995277609,0.000948132926050014,0.0009471735081956721,0.0009469819145328984,0.000945973757422532,0.0009467512214668514,0.0009464240132004506,0.0009462805410990545,0.0009457852489928415,0.0009442411555719201,0.0009428117344471735,0.0009420863693263568,0.0009420126003758208,0.0009420725720606484,0.0009414608472136514,0.0009420475547813627,0.0009424000674200803,0.0009417567371352747,0.000940689657018742,0.0009416182677491524,0.000941382758093519,0.0009425169571602093,0.0009442851047433682,0.0009445007771700127,0.0009458293728400108,0.0009479678874046385,0.0009486867140187084,0.0009526237875252821,0.0009545505920771042,0.0009574208268807902,0.0009600938565557277,0.0009633864212877494,0.0009674553558546743,0.0009705390503941894,0.0009738284592906251,0.0009765491024700726,0.000978714719305278,0.0009810038542046574,0.0009837987182985618,0.0009870535114610047,0.000990001385964137,0.000993535134660453,0.000997119526235802,0.0010011566510316776,0.0010049401629128583,0.0010090423969329127,0.0010135029195719736,0.0010178264928925364,0.0010210343329502623,0.0010242021869125246,0.0010277148349746538,0.0010306516147824214,0.0010348975697008036,0.001037966144735466,0.0010403542619327438,0.0010439092468414314,0.001046143057233304,0.001049280595984851,0.0010519113892453673,0.0010550975168241153,0.0010584835525964424,0.0010620384535468415,0.001065176278852912,0.0010671768250894627,0.0010707507882927506,0.0010741171167729909,0.0010767482359657233,0.0010790409780779763,0.0010821914635926022,0.0010850789227686464,0.0010874138527173945,0.0010891321857253381,0.0010912419664635723,0.001093728230392162,0.0010960028499822083,0.0010977714431253541,0.00109971967415054,0.0011008023489162287,0.001102282780371206,0.0011031646911000084,0.0011044478425190222,0.0011051552208303115,0.0011038136377588502,0.0011040938344594694,0.0011045516050512973,0.0011059590666741468,0.001107336155222267,0.0011094601983272865,0.0011118511671159982,0.0011131861280325726,0.001115741448792385,0.0011178242639888758,0.0011210227940394563,0.0011237828187543623,0.001126306462372854,0.0011273531968153023,0.0011290245783879365,0.001129466211261773,0.0011313866601522606,0.0011334592930258404,0.0011364005275967034,0.0011406756017561938,0.0011430866280326179,0.0011458818954013259,0.0011478678941134273,0.0011503199672081592,0.001152277088672918,0.0011546549326555747,0.0011549286246104005,0.001156031065854842,0.0011565434280666831,0.0011566908841523747,0.0011577438856833152,0.0011583294616786543,0.0011590302177153023,0.001158965473430256,0.001159828871892178,0.0011608252946302888,0.0011623144914181995,0.0011628262523020786,0.0011630276144572287,0.0011637566458860978,0.0011640042766522328,0.0011649212552539427,0.0011657384019224531,0.0011670752271536655,0.0011689671541858637,0.0011692862342281734,0.0011692245528099774,0.0011689711258014125,0.0011679212151615482,0.0011672877566564497,0.0011668491013188999,0.0011659827246022505,0.0011656125098451937,0.0011646629182584895,0.001164049662886096,0.0011638848387475718,0.0011649730804504262,0.0011647106194929576,0.001163923737427452,0.0011628432076712164,0.0011619458965831898,0.0011598058263751125,0.0011570404102835409,0.0011537589827099264,0.001151291873632709,0.0011490511713410803,0.001146823673517764,0.0011435272473474718,0.0011410172703261905,0.0011386161509903446,0.0011370390100558082,0.0011360705415144065,0.0011334770561801121,0.001131077269357062,0.0011286910465497298,0.0011264692954115541,0.0011240268695909994,0.0011211214775708263,0.00112001201097107,0.0011179703686544635,0.0011171861325271638,0.0011161069113668825,0.0011161924153497015,0.0011149732175548708,0.0011147294514479407,0.0011160975263191696,0.0011168129556908166,0.0011172929343698406,0.001117988345143221,0.0011198079429867338,0.0011200111734903603,0.0011200840226371115,0.001120570896520485,0.0011219518056362699,0.0011234057689374101,0.0011257693364703834,0.0011271282738705283,0.001128495319529415,0.001130911393383632,0.001133165523760454,0.0011357832989390003,0.0011386237343293294,0.0011408648892354825,0.001142695047390493,0.001143802535360679,0.001145200119853765,0.0011474512780350703,0.001149549012999041,0.0011526250872136322,0.0011550601533876813,0.0011575038808584303,0.0011601027138420396,0.0011628246409552754,0.0011661133970977346,0.0011687158992443438,0.0011715405723751835,0.0011731789279387371
